,voc_bin,elo_bin,rtmean,rtcount,rt_squaredmean
0,0.00020000000000000052,550.0,6.283464566929134,508,72.24409448818898
1,0.00020000000000000052,1150.0,5.988095238095238,420,71.72142857142858
2,0.00020000000000000052,1250.0,5.96646942800789,507,76.93688362919133
3,0.00020000000000000052,1350.0,5.7434869739478955,499,80.5691382765531
4,0.00020000000000000052,1450.0,6.104444444444445,450,87.42888888888889
5,0.00020000000000000052,1550.0,4.429166666666666,480,39.5625
6,0.00020000000000000052,1650.0,4.957787481804949,687,60.00873362445415
7,0.00020000000000000052,1750.0,4.579185520361991,221,59.23981900452489
8,0.00020000000000000052,1850.0,4.2896174863387975,366,48.759562841530055
9,0.00020000000000000052,1950.0,5.540983606557377,244,99.98360655737704
10,0.00020000000000000052,2050.0,4.307086614173229,254,56.00787401574803
11,0.00020000000000000052,2150.0,5.860215053763441,93,141.6451612903226
12,0.00020000000000000052,2600.0,5.7407407407407405,81,86.82716049382717
13,0.0206,550.0,6.7976190476190474,84,108.29761904761905
14,0.0206,1150.0,6.604651162790698,86,87.0
15,0.0206,1250.0,8.176470588235293,119,137.9747899159664
16,0.0206,1350.0,6.533980582524272,103,92.04854368932038
17,0.0206,1450.0,6.937984496124031,129,95.2015503875969
18,0.0206,1550.0,6.2734375,128,97.8984375
19,0.0206,1650.0,5.082191780821918,146,52.93150684931507
20,0.0206,1750.0,4.769230769230769,52,43.0
21,0.0206,1850.0,5.2,90,56.71111111111111
22,0.0206,1950.0,4.509803921568627,51,50.8235294117647
23,0.0206,2050.0,6.8,55,133.16363636363636
24,0.0206,2150.0,10.416666666666666,12,292.25
25,0.0206,2600.0,6.409090909090909,22,102.5
26,0.041,550.0,8.46808510638298,47,135.4468085106383
27,0.041,1150.0,7.872340425531915,47,141.14893617021278
28,0.041,1250.0,9.323076923076924,65,149.63076923076923
29,0.041,1350.0,8.689655172413794,58,136.58620689655172
30,0.041,1450.0,12.373134328358208,67,765.4477611940298
31,0.041,1550.0,6.1,60,59.96666666666667
32,0.041,1650.0,5.7105263157894735,76,62.18421052631579
33,0.041,1750.0,6.875,24,101.875
34,0.041,1850.0,7.596153846153846,52,164.51923076923077
35,0.041,1950.0,7.045454545454546,22,94.95454545454545
36,0.041,2050.0,4.538461538461538,26,29.846153846153847
37,0.041,2150.0,15.3,10,537.1
38,0.041,2600.0,5.636363636363637,11,53.09090909090909
39,0.06140000000000001,550.0,10.44,25,200.52
40,0.06140000000000001,1150.0,10.263157894736842,19,169.73684210526315
41,0.06140000000000001,1250.0,7.5675675675675675,37,109.13513513513513
42,0.06140000000000001,1350.0,5.9,30,90.3
43,0.06140000000000001,1450.0,12.346153846153847,26,623.8846153846154
44,0.06140000000000001,1550.0,7.542857142857143,35,140.05714285714285
45,0.06140000000000001,1650.0,7.813953488372093,43,134.6046511627907
46,0.06140000000000001,1750.0,8.818181818181818,11,181.9090909090909
47,0.06140000000000001,1850.0,5.928571428571429,14,73.5
48,0.06140000000000001,1950.0,10.76923076923077,13,354.61538461538464
49,0.06140000000000001,2050.0,6.090909090909091,11,56.81818181818182
50,0.06140000000000001,2150.0,12.0,5,232.8
51,0.06140000000000001,2600.0,5.0,4,33.5
52,0.08180000000000001,550.0,7.083333333333333,12,59.083333333333336
53,0.08180000000000001,1150.0,9.666666666666666,9,211.66666666666666
54,0.08180000000000001,1250.0,6.875,16,88.5
55,0.08180000000000001,1350.0,9.4,20,146.1
56,0.08180000000000001,1450.0,5.0,16,36.125
57,0.08180000000000001,1550.0,12.076923076923077,13,311.61538461538464
58,0.08180000000000001,1650.0,5.8076923076923075,26,141.8846153846154
59,0.08180000000000001,1750.0,5.8,15,55.0
60,0.08180000000000001,1850.0,8.066666666666666,15,97.0
61,0.08180000000000001,1950.0,8.6,10,125.6
62,0.08180000000000001,2050.0,8.727272727272727,11,138.72727272727272
63,0.08180000000000001,2150.0,6.6,5,129.4
64,0.08180000000000001,2600.0,3.0,2,18.0
65,0.10220000000000001,550.0,8.333333333333334,9,107.22222222222223
66,0.10220000000000001,1150.0,5.222222222222222,9,43.0
67,0.10220000000000001,1250.0,4.75,8,44.0
68,0.10220000000000001,1350.0,8.307692307692308,13,110.15384615384616
69,0.10220000000000001,1450.0,10.285714285714286,14,225.42857142857142
70,0.10220000000000001,1550.0,9.818181818181818,11,202.54545454545453
71,0.10220000000000001,1650.0,7.857142857142857,7,94.71428571428571
72,0.10220000000000001,1750.0,4.75,4,29.25
73,0.10220000000000001,1850.0,16.636363636363637,11,1292.090909090909
74,0.10220000000000001,1950.0,4.0,3,24.0
75,0.10220000000000001,2050.0,9.125,8,115.125
76,0.10220000000000001,2150.0,4.333333333333333,6,21.666666666666668
77,0.10220000000000001,2600.0,2.0,1,4.0
78,0.12260000000000001,550.0,10.142857142857142,7,139.28571428571428
79,0.12260000000000001,1150.0,5.75,4,47.25
80,0.12260000000000001,1250.0,9.444444444444445,9,117.88888888888889
81,0.12260000000000001,1350.0,10.0,6,186.66666666666666
82,0.12260000000000001,1450.0,5.0,8,46.5
83,0.12260000000000001,1550.0,8.8,10,103.0
84,0.12260000000000001,1650.0,6.416666666666667,12,79.08333333333333
85,0.12260000000000001,1750.0,4.0,7,25.714285714285715
86,0.12260000000000001,1850.0,27.0,4,1315.0
87,0.12260000000000001,1950.0,12.6,5,205.4
88,0.12260000000000001,2050.0,4.0,6,18.0
89,0.12260000000000001,2150.0,12.333333333333334,3,270.3333333333333
90,0.12260000000000001,2600.0,6.5,2,42.5
91,0.14300000000000002,550.0,9.555555555555555,9,145.77777777777777
92,0.14300000000000002,1150.0,5.333333333333333,6,31.666666666666668
93,0.14300000000000002,1250.0,10.5,6,225.83333333333334
94,0.14300000000000002,1350.0,7.333333333333333,6,73.66666666666667
95,0.14300000000000002,1450.0,1.5,2,4.5
96,0.14300000000000002,1550.0,7.0,1,49.0
97,0.14300000000000002,1650.0,8.125,8,109.625
98,0.14300000000000002,1750.0,0.0,0,0.0
99,0.14300000000000002,1850.0,12.4,5,212.8
100,0.14300000000000002,1950.0,7.0,2,74.0
101,0.14300000000000002,2050.0,1.0,1,1.0
102,0.14300000000000002,2150.0,1.0,1,1.0
103,0.14300000000000002,2600.0,8.0,1,64.0
104,0.1634,550.0,15.0,4,459.5
105,0.1634,1150.0,3.0,1,9.0
106,0.1634,1250.0,5.285714285714286,7,67.28571428571429
107,0.1634,1350.0,4.666666666666667,6,28.666666666666668
108,0.1634,1450.0,14.666666666666666,3,487.3333333333333
109,0.1634,1550.0,5.75,4,68.25
110,0.1634,1650.0,7.0,9,66.11111111111111
111,0.1634,1750.0,0.0,0,0.0
112,0.1634,1850.0,5.5,4,40.5
113,0.1634,1950.0,0.0,0,0.0
114,0.1634,2050.0,0.0,0,0.0
115,0.1634,2150.0,7.0,6,100.66666666666667
116,0.1634,2600.0,4.333333333333333,3,23.0
117,0.18380000000000002,550.0,13.5,6,412.5
118,0.18380000000000002,1150.0,13.0,2,250.0
119,0.18380000000000002,1250.0,11.0,2,221.0
120,0.18380000000000002,1350.0,4.333333333333333,3,25.666666666666668
121,0.18380000000000002,1450.0,6.6,5,58.6
122,0.18380000000000002,1550.0,3.5,2,12.5
123,0.18380000000000002,1650.0,6.5,2,62.5
124,0.18380000000000002,1750.0,2.0,1,4.0
125,0.18380000000000002,1850.0,13.5,2,314.5
126,0.18380000000000002,1950.0,19.5,2,536.5
127,0.18380000000000002,2050.0,0.0,0,0.0
128,0.18380000000000002,2150.0,0.0,0,0.0
129,0.18380000000000002,2600.0,4.0,1,16.0
130,0.2042,550.0,23.5,2,594.5
131,0.2042,1150.0,7.666666666666667,3,75.0
132,0.2042,1250.0,3.6666666666666665,3,19.0
133,0.2042,1350.0,7.666666666666667,3,72.33333333333333
134,0.2042,1450.0,5.285714285714286,7,40.142857142857146
135,0.2042,1550.0,13.0,1,169.0
136,0.2042,1650.0,3.5,4,13.5
137,0.2042,1750.0,0.0,0,0.0
138,0.2042,1850.0,14.0,1,196.0
139,0.2042,1950.0,0.0,0,0.0
140,0.2042,2050.0,3.5,2,12.5
141,0.2042,2150.0,0.0,0,0.0
142,0.2042,2600.0,0.0,0,0.0
143,0.22460000000000002,550.0,5.0,3,29.666666666666668
144,0.22460000000000002,1150.0,6.0,1,36.0
145,0.22460000000000002,1250.0,9.0,4,93.5
146,0.22460000000000002,1350.0,11.0,5,196.2
147,0.22460000000000002,1450.0,0.0,0,0.0
148,0.22460000000000002,1550.0,0.0,0,0.0
149,0.22460000000000002,1650.0,0.0,0,0.0
150,0.22460000000000002,1750.0,8.0,1,64.0
151,0.22460000000000002,1850.0,11.5,2,152.5
152,0.22460000000000002,1950.0,0.0,0,0.0
153,0.22460000000000002,2050.0,3.5,2,18.5
154,0.22460000000000002,2150.0,25.0,1,625.0
155,0.22460000000000002,2600.0,0.0,0,0.0
156,0.245,550.0,8.0,1,64.0
157,0.245,1150.0,5.5,2,36.5
158,0.245,1250.0,0.0,0,0.0
159,0.245,1350.0,7.5,2,68.5
160,0.245,1450.0,4.0,1,16.0
161,0.245,1550.0,0.0,0,0.0
162,0.245,1650.0,3.6666666666666665,3,16.333333333333332
163,0.245,1750.0,0.0,0,0.0
164,0.245,1850.0,22.75,4,619.25
165,0.245,1950.0,12.0,1,144.0
166,0.245,2050.0,4.0,1,16.0
167,0.245,2150.0,0.0,0,0.0
168,0.245,2600.0,5.0,1,25.0
169,0.26539999999999997,550.0,0.0,0,0.0
170,0.26539999999999997,1150.0,16.0,1,256.0
171,0.26539999999999997,1250.0,7.0,1,49.0
172,0.26539999999999997,1350.0,15.666666666666666,3,453.6666666666667
173,0.26539999999999997,1450.0,4.5,2,26.5
174,0.26539999999999997,1550.0,2.5,2,6.5
175,0.26539999999999997,1650.0,10.0,3,228.0
176,0.26539999999999997,1750.0,1.0,1,1.0
177,0.26539999999999997,1850.0,0.0,0,0.0
178,0.26539999999999997,1950.0,0.0,0,0.0
179,0.26539999999999997,2050.0,4.333333333333333,3,21.666666666666668
180,0.26539999999999997,2150.0,0.0,0,0.0
181,0.26539999999999997,2600.0,0.0,0,0.0
182,0.28580000000000005,550.0,16.0,1,256.0
183,0.28580000000000005,1150.0,0.0,0,0.0
184,0.28580000000000005,1250.0,11.25,4,331.25
185,0.28580000000000005,1350.0,10.75,4,179.25
186,0.28580000000000005,1450.0,19.0,1,361.0
187,0.28580000000000005,1550.0,0.0,0,0.0
188,0.28580000000000005,1650.0,0.0,0,0.0
189,0.28580000000000005,1750.0,0.0,0,0.0
190,0.28580000000000005,1850.0,9.666666666666666,3,137.0
191,0.28580000000000005,1950.0,26.0,1,676.0
192,0.28580000000000005,2050.0,0.0,0,0.0
193,0.28580000000000005,2150.0,0.0,0,0.0
194,0.28580000000000005,2600.0,4.0,1,16.0
195,0.3062,550.0,0.0,0,0.0
196,0.3062,1150.0,0.0,0,0.0
197,0.3062,1250.0,0.0,0,0.0
198,0.3062,1350.0,12.0,2,180.0
199,0.3062,1450.0,4.5,2,26.5
200,0.3062,1550.0,0.0,0,0.0
201,0.3062,1650.0,3.0,1,9.0
202,0.3062,1750.0,0.0,0,0.0
203,0.3062,1850.0,5.666666666666667,3,36.333333333333336
204,0.3062,1950.0,0.0,0,0.0
205,0.3062,2050.0,0.0,0,0.0
206,0.3062,2150.0,0.0,0,0.0
207,0.3062,2600.0,0.0,0,0.0
208,0.3266,550.0,0.0,0,0.0
209,0.3266,1150.0,0.0,0,0.0
210,0.3266,1250.0,0.0,0,0.0
211,0.3266,1350.0,12.0,1,144.0
212,0.3266,1450.0,0.0,0,0.0
213,0.3266,1550.0,21.5,2,474.5
214,0.3266,1650.0,5.0,1,25.0
215,0.3266,1750.0,0.0,0,0.0
216,0.3266,1850.0,3.0,1,9.0
217,0.3266,1950.0,0.0,0,0.0
218,0.3266,2050.0,0.0,0,0.0
219,0.3266,2150.0,0.0,0,0.0
220,0.3266,2600.0,0.0,0,0.0
221,0.347,550.0,0.0,0,0.0
222,0.347,1150.0,12.0,1,144.0
223,0.347,1250.0,6.0,1,36.0
224,0.347,1350.0,0.0,0,0.0
225,0.347,1450.0,4.0,1,16.0
226,0.347,1550.0,0.0,0,0.0
227,0.347,1650.0,27.0,1,729.0
228,0.347,1750.0,0.0,0,0.0
229,0.347,1850.0,16.0,2,281.0
230,0.347,1950.0,7.0,1,49.0
231,0.347,2050.0,2.0,1,4.0
232,0.347,2150.0,9.0,1,81.0
233,0.347,2600.0,0.0,0,0.0
234,0.36740000000000006,550.0,10.0,1,100.0
235,0.36740000000000006,1150.0,0.0,0,0.0
236,0.36740000000000006,1250.0,0.0,0,0.0
237,0.36740000000000006,1350.0,2.0,1,4.0
238,0.36740000000000006,1450.0,0.0,0,0.0
239,0.36740000000000006,1550.0,0.0,0,0.0
240,0.36740000000000006,1650.0,1.0,1,1.0
241,0.36740000000000006,1750.0,0.0,0,0.0
242,0.36740000000000006,1850.0,2.0,1,4.0
243,0.36740000000000006,1950.0,3.0,1,9.0
244,0.36740000000000006,2050.0,0.0,0,0.0
245,0.36740000000000006,2150.0,0.0,0,0.0
246,0.36740000000000006,2600.0,0.0,0,0.0
247,0.38780000000000003,550.0,0.0,0,0.0
248,0.38780000000000003,1150.0,0.0,0,0.0
249,0.38780000000000003,1250.0,0.0,0,0.0
250,0.38780000000000003,1350.0,0.0,0,0.0
251,0.38780000000000003,1450.0,2.5,2,6.5
252,0.38780000000000003,1550.0,0.0,0,0.0
253,0.38780000000000003,1650.0,14.0,1,196.0
254,0.38780000000000003,1750.0,0.0,0,0.0
255,0.38780000000000003,1850.0,0.0,0,0.0
256,0.38780000000000003,1950.0,0.0,0,0.0
257,0.38780000000000003,2050.0,0.0,0,0.0
258,0.38780000000000003,2150.0,0.0,0,0.0
259,0.38780000000000003,2600.0,0.0,0,0.0
260,0.4082,550.0,0.0,0,0.0
261,0.4082,1150.0,6.5,2,48.5
262,0.4082,1250.0,0.0,0,0.0
263,0.4082,1350.0,0.0,0,0.0
264,0.4082,1450.0,18.0,1,324.0
265,0.4082,1550.0,0.0,0,0.0
266,0.4082,1650.0,0.0,0,0.0
267,0.4082,1750.0,0.0,0,0.0
268,0.4082,1850.0,0.0,0,0.0
269,0.4082,1950.0,0.0,0,0.0
270,0.4082,2050.0,0.0,0,0.0
271,0.4082,2150.0,0.0,0,0.0
272,0.4082,2600.0,0.0,0,0.0
273,0.4286,550.0,0.0,0,0.0
274,0.4286,1150.0,0.0,0,0.0
275,0.4286,1250.0,0.0,0,0.0
276,0.4286,1350.0,0.0,0,0.0
277,0.4286,1450.0,3.0,2,13.0
278,0.4286,1550.0,0.0,0,0.0
279,0.4286,1650.0,0.0,0,0.0
280,0.4286,1750.0,0.0,0,0.0
281,0.4286,1850.0,0.0,0,0.0
282,0.4286,1950.0,0.0,0,0.0
283,0.4286,2050.0,0.0,0,0.0
284,0.4286,2150.0,0.0,0,0.0
285,0.4286,2600.0,3.0,1,9.0
286,0.44900000000000007,550.0,0.0,0,0.0
287,0.44900000000000007,1150.0,0.0,0,0.0
288,0.44900000000000007,1250.0,0.0,0,0.0
289,0.44900000000000007,1350.0,4.0,1,16.0
290,0.44900000000000007,1450.0,0.0,0,0.0
291,0.44900000000000007,1550.0,0.0,0,0.0
292,0.44900000000000007,1650.0,8.5,2,102.5
293,0.44900000000000007,1750.0,0.0,0,0.0
294,0.44900000000000007,1850.0,0.0,0,0.0
295,0.44900000000000007,1950.0,6.0,1,36.0
296,0.44900000000000007,2050.0,0.0,0,0.0
297,0.44900000000000007,2150.0,0.0,0,0.0
298,0.44900000000000007,2600.0,5.0,1,25.0
299,0.46940000000000004,550.0,0.0,0,0.0
300,0.46940000000000004,1150.0,0.0,0,0.0
301,0.46940000000000004,1250.0,0.0,0,0.0
302,0.46940000000000004,1350.0,6.0,1,36.0
303,0.46940000000000004,1450.0,0.0,0,0.0
304,0.46940000000000004,1550.0,0.0,0,0.0
305,0.46940000000000004,1650.0,6.0,2,52.0
306,0.46940000000000004,1750.0,0.0,0,0.0
307,0.46940000000000004,1850.0,0.0,0,0.0
308,0.46940000000000004,1950.0,0.0,0,0.0
309,0.46940000000000004,2050.0,0.0,0,0.0
310,0.46940000000000004,2150.0,0.0,0,0.0
311,0.46940000000000004,2600.0,0.0,0,0.0
312,0.4898,550.0,4.0,1,16.0
313,0.4898,1150.0,0.0,0,0.0
314,0.4898,1250.0,0.0,0,0.0
315,0.4898,1350.0,0.0,0,0.0
316,0.4898,1450.0,3.0,1,9.0
317,0.4898,1550.0,53.0,1,2809.0
318,0.4898,1650.0,4.0,1,16.0
319,0.4898,1750.0,0.0,0,0.0
320,0.4898,1850.0,2.0,1,4.0
321,0.4898,1950.0,0.0,0,0.0
322,0.4898,2050.0,0.0,0,0.0
323,0.4898,2150.0,0.0,0,0.0
324,0.4898,2600.0,0.0,0,0.0
325,0.75,550.0,5.0,1,25.0
326,0.75,1150.0,3.5,2,12.5
327,0.75,1250.0,0.0,0,0.0
328,0.75,1350.0,6.0,1,36.0
329,0.75,1450.0,0.0,0,0.0
330,0.75,1550.0,7.666666666666667,3,95.0
331,0.75,1650.0,2.0,1,4.0
332,0.75,1750.0,0.0,0,0.0
333,0.75,1850.0,0.0,0,0.0
334,0.75,1950.0,0.0,0,0.0
335,0.75,2050.0,0.0,0,0.0
336,0.75,2150.0,0.0,0,0.0
337,0.75,2600.0,0.0,0,0.0
