,voc_bin,elo_bin,rtmean,rtcount,rt_squaredmean
0,0.00020000000000000052,550.0,6.178571428571429,28,146.53571428571428
1,0.00020000000000000052,1150.0,5.882352941176471,34,226.64705882352942
2,0.00020000000000000052,1250.0,5.76,25,91.76
3,0.00020000000000000052,1350.0,4.583333333333333,48,71.41666666666667
4,0.00020000000000000052,1450.0,5.428571428571429,21,70.47619047619048
5,0.00020000000000000052,1550.0,3.9318181818181817,44,41.79545454545455
6,0.00020000000000000052,1650.0,4.0,63,63.17460317460318
7,0.00020000000000000052,1750.0,2.8598130841121496,107,20.710280373831775
8,0.00020000000000000052,1850.0,3.841463414634146,82,62.353658536585364
9,0.00020000000000000052,1950.0,2.0625,16,7.3125
10,0.00020000000000000052,2050.0,2.0714285714285716,70,22.67142857142857
11,0.00020000000000000052,2150.0,1.0128205128205128,78,2.8333333333333335
12,0.00020000000000000052,2600.0,2.452991452991453,117,34.333333333333336
13,0.0206,550.0,5.5,4,60.5
14,0.0206,1150.0,14.0,1,196.0
15,0.0206,1250.0,2.2,5,5.0
16,0.0206,1350.0,3.8,10,30.4
17,0.0206,1450.0,4.833333333333333,6,35.5
18,0.0206,1550.0,6.571428571428571,7,61.142857142857146
19,0.0206,1650.0,2.8,10,18.4
20,0.0206,1750.0,1.875,8,8.875
21,0.0206,1850.0,4.428571428571429,14,44.57142857142857
22,0.0206,1950.0,4.5,4,35.0
23,0.0206,2050.0,3.5625,16,28.9375
24,0.0206,2150.0,2.857142857142857,7,10.285714285714286
25,0.0206,2600.0,3.5625,16,26.5625
26,0.041,550.0,8.0,1,64.0
27,0.041,1150.0,1.3333333333333333,3,2.6666666666666665
28,0.041,1250.0,9.0,2,162.0
29,0.041,1350.0,2.0,8,7.5
30,0.041,1450.0,6.0,1,36.0
31,0.041,1550.0,8.25,4,86.25
32,0.041,1650.0,3.8333333333333335,6,25.166666666666668
33,0.041,1750.0,3.5,2,12.5
34,0.041,1850.0,2.6,5,17.4
35,0.041,1950.0,1.8,5,5.8
36,0.041,2050.0,7.5,6,117.16666666666667
37,0.041,2150.0,1.8,5,6.2
38,0.041,2600.0,7.411764705882353,17,233.2941176470588
39,0.06140000000000001,550.0,18.0,1,324.0
40,0.06140000000000001,1150.0,0.0,0,0.0
41,0.06140000000000001,1250.0,3.3333333333333335,3,18.0
42,0.06140000000000001,1350.0,11.0,2,221.0
43,0.06140000000000001,1450.0,0.0,0,0.0
44,0.06140000000000001,1550.0,3.0,1,9.0
45,0.06140000000000001,1650.0,10.8,5,140.4
46,0.06140000000000001,1750.0,0.6666666666666666,3,0.6666666666666666
47,0.06140000000000001,1850.0,6.333333333333333,3,80.33333333333333
48,0.06140000000000001,1950.0,0.0,0,0.0
49,0.06140000000000001,2050.0,4.0,6,22.0
50,0.06140000000000001,2150.0,1.6666666666666667,3,3.6666666666666665
51,0.06140000000000001,2600.0,4.333333333333333,12,45.333333333333336
52,0.08180000000000001,550.0,4.0,1,16.0
53,0.08180000000000001,1150.0,5.333333333333333,3,36.666666666666664
54,0.08180000000000001,1250.0,0.0,0,0.0
55,0.08180000000000001,1350.0,7.0,2,74.0
56,0.08180000000000001,1450.0,11.0,1,121.0
57,0.08180000000000001,1550.0,8.0,4,139.5
58,0.08180000000000001,1650.0,3.0,1,9.0
59,0.08180000000000001,1750.0,2.0,1,4.0
60,0.08180000000000001,1850.0,3.0,2,13.0
61,0.08180000000000001,1950.0,9.25,4,181.75
62,0.08180000000000001,2050.0,0.0,0,0.0
63,0.08180000000000001,2150.0,1.0,2,1.0
64,0.08180000000000001,2600.0,1.4,5,4.2
65,0.10220000000000001,550.0,0.0,0,0.0
66,0.10220000000000001,1150.0,4.0,1,16.0
67,0.10220000000000001,1250.0,3.0,1,9.0
68,0.10220000000000001,1350.0,1.0,1,1.0
69,0.10220000000000001,1450.0,1.0,1,1.0
70,0.10220000000000001,1550.0,0.0,0,0.0
71,0.10220000000000001,1650.0,6.5,2,54.5
72,0.10220000000000001,1750.0,1.0,2,1.0
73,0.10220000000000001,1850.0,0.0,0,0.0
74,0.10220000000000001,1950.0,6.5,2,72.5
75,0.10220000000000001,2050.0,1.0,1,1.0
76,0.10220000000000001,2150.0,0.0,0,0.0
77,0.10220000000000001,2600.0,10.25,4,362.25
78,0.12260000000000001,550.0,0.0,0,0.0
79,0.12260000000000001,1150.0,36.0,1,1296.0
80,0.12260000000000001,1250.0,0.0,0,0.0
81,0.12260000000000001,1350.0,0.0,0,0.0
82,0.12260000000000001,1450.0,0.0,0,0.0
83,0.12260000000000001,1550.0,4.0,1,16.0
84,0.12260000000000001,1650.0,16.0,1,256.0
85,0.12260000000000001,1750.0,19.0,1,361.0
86,0.12260000000000001,1850.0,7.5,2,98.5
87,0.12260000000000001,1950.0,0.0,0,0.0
88,0.12260000000000001,2050.0,3.5,2,14.5
89,0.12260000000000001,2150.0,0.0,0,0.0
90,0.12260000000000001,2600.0,0.5,2,0.5
91,0.14300000000000002,550.0,0.0,0,0.0
92,0.14300000000000002,1150.0,0.0,0,0.0
93,0.14300000000000002,1250.0,0.0,0,0.0
94,0.14300000000000002,1350.0,0.0,0,0.0
95,0.14300000000000002,1450.0,0.0,0,0.0
96,0.14300000000000002,1550.0,6.0,1,36.0
97,0.14300000000000002,1650.0,1.0,1,1.0
98,0.14300000000000002,1750.0,0.0,0,0.0
99,0.14300000000000002,1850.0,0.0,0,0.0
100,0.14300000000000002,1950.0,0.0,0,0.0
101,0.14300000000000002,2050.0,0.0,0,0.0
102,0.14300000000000002,2150.0,0.0,0,0.0
103,0.14300000000000002,2600.0,2.0,2,4.0
104,0.1634,550.0,0.0,0,0.0
105,0.1634,1150.0,0.0,0,0.0
106,0.1634,1250.0,0.0,0,0.0
107,0.1634,1350.0,1.0,1,1.0
108,0.1634,1450.0,0.0,0,0.0
109,0.1634,1550.0,0.0,0,0.0
110,0.1634,1650.0,0.0,0,0.0
111,0.1634,1750.0,0.0,0,0.0
112,0.1634,1850.0,9.666666666666666,3,121.66666666666667
113,0.1634,1950.0,7.0,2,65.0
114,0.1634,2050.0,1.0,1,1.0
115,0.1634,2150.0,2.0,1,4.0
116,0.1634,2600.0,0.0,1,0.0
117,0.18380000000000002,550.0,0.0,0,0.0
118,0.18380000000000002,1150.0,0.0,0,0.0
119,0.18380000000000002,1250.0,0.0,0,0.0
120,0.18380000000000002,1350.0,0.0,0,0.0
121,0.18380000000000002,1450.0,10.0,1,100.0
122,0.18380000000000002,1550.0,4.0,1,16.0
123,0.18380000000000002,1650.0,0.0,0,0.0
124,0.18380000000000002,1750.0,0.0,0,0.0
125,0.18380000000000002,1850.0,2.0,1,4.0
126,0.18380000000000002,1950.0,0.0,0,0.0
127,0.18380000000000002,2050.0,0.0,0,0.0
128,0.18380000000000002,2150.0,3.0,1,9.0
129,0.18380000000000002,2600.0,0.0,0,0.0
130,0.2042,550.0,0.0,0,0.0
131,0.2042,1150.0,0.0,0,0.0
132,0.2042,1250.0,0.0,0,0.0
133,0.2042,1350.0,0.0,0,0.0
134,0.2042,1450.0,0.0,0,0.0
135,0.2042,1550.0,5.0,1,25.0
136,0.2042,1650.0,0.0,0,0.0
137,0.2042,1750.0,0.0,0,0.0
138,0.2042,1850.0,0.0,0,0.0
139,0.2042,1950.0,0.0,0,0.0
140,0.2042,2050.0,0.0,0,0.0
141,0.2042,2150.0,0.0,0,0.0
142,0.2042,2600.0,2.0,1,4.0
143,0.22460000000000002,550.0,0.0,0,0.0
144,0.22460000000000002,1150.0,0.0,0,0.0
145,0.22460000000000002,1250.0,2.0,1,4.0
146,0.22460000000000002,1350.0,2.0,1,4.0
147,0.22460000000000002,1450.0,0.0,0,0.0
148,0.22460000000000002,1550.0,9.0,1,81.0
149,0.22460000000000002,1650.0,0.0,0,0.0
150,0.22460000000000002,1750.0,6.0,2,37.0
151,0.22460000000000002,1850.0,3.0,1,9.0
152,0.22460000000000002,1950.0,0.0,0,0.0
153,0.22460000000000002,2050.0,0.0,0,0.0
154,0.22460000000000002,2150.0,0.0,0,0.0
155,0.22460000000000002,2600.0,0.0,0,0.0
156,0.245,550.0,0.0,0,0.0
157,0.245,1150.0,2.0,1,4.0
158,0.245,1250.0,0.0,0,0.0
159,0.245,1350.0,0.0,0,0.0
160,0.245,1450.0,0.0,0,0.0
161,0.245,1550.0,1.0,1,1.0
162,0.245,1650.0,0.0,0,0.0
163,0.245,1750.0,3.0,1,9.0
164,0.245,1850.0,0.0,0,0.0
165,0.245,1950.0,0.0,0,0.0
166,0.245,2050.0,0.0,0,0.0
167,0.245,2150.0,0.0,0,0.0
168,0.245,2600.0,0.0,0,0.0
169,0.26539999999999997,550.0,0.0,0,0.0
170,0.26539999999999997,1150.0,0.0,0,0.0
171,0.26539999999999997,1250.0,0.0,0,0.0
172,0.26539999999999997,1350.0,1.0,1,1.0
173,0.26539999999999997,1450.0,0.0,0,0.0
174,0.26539999999999997,1550.0,0.0,0,0.0
175,0.26539999999999997,1650.0,0.0,0,0.0
176,0.26539999999999997,1750.0,0.0,0,0.0
177,0.26539999999999997,1850.0,0.0,0,0.0
178,0.26539999999999997,1950.0,0.0,0,0.0
179,0.26539999999999997,2050.0,0.0,0,0.0
180,0.26539999999999997,2150.0,0.0,0,0.0
181,0.26539999999999997,2600.0,0.0,0,0.0
182,0.28580000000000005,550.0,0.0,0,0.0
183,0.28580000000000005,1150.0,0.0,0,0.0
184,0.28580000000000005,1250.0,0.0,0,0.0
185,0.28580000000000005,1350.0,0.0,0,0.0
186,0.28580000000000005,1450.0,0.0,0,0.0
187,0.28580000000000005,1550.0,18.0,1,324.0
188,0.28580000000000005,1650.0,0.0,0,0.0
189,0.28580000000000005,1750.0,1.0,1,1.0
190,0.28580000000000005,1850.0,0.0,0,0.0
191,0.28580000000000005,1950.0,7.0,1,49.0
192,0.28580000000000005,2050.0,24.0,1,576.0
193,0.28580000000000005,2150.0,0.0,0,0.0
194,0.28580000000000005,2600.0,0.0,0,0.0
195,0.3062,550.0,0.0,0,0.0
196,0.3062,1150.0,0.0,0,0.0
197,0.3062,1250.0,0.0,0,0.0
198,0.3062,1350.0,0.0,0,0.0
199,0.3062,1450.0,0.0,0,0.0
200,0.3062,1550.0,8.0,1,64.0
201,0.3062,1650.0,0.0,0,0.0
202,0.3062,1750.0,0.0,0,0.0
203,0.3062,1850.0,0.0,0,0.0
204,0.3062,1950.0,0.0,0,0.0
205,0.3062,2050.0,7.0,1,49.0
206,0.3062,2150.0,0.0,0,0.0
207,0.3062,2600.0,0.0,0,0.0
208,0.3266,550.0,0.0,0,0.0
209,0.3266,1150.0,0.0,0,0.0
210,0.3266,1250.0,0.0,0,0.0
211,0.3266,1350.0,0.0,0,0.0
212,0.3266,1450.0,0.0,0,0.0
213,0.3266,1550.0,0.0,0,0.0
214,0.3266,1650.0,0.0,0,0.0
215,0.3266,1750.0,0.0,0,0.0
216,0.3266,1850.0,0.0,0,0.0
217,0.3266,1950.0,0.0,0,0.0
218,0.3266,2050.0,0.0,0,0.0
219,0.3266,2150.0,0.0,0,0.0
220,0.3266,2600.0,0.0,0,0.0
221,0.347,550.0,0.0,0,0.0
222,0.347,1150.0,0.0,0,0.0
223,0.347,1250.0,0.0,0,0.0
224,0.347,1350.0,1.0,1,1.0
225,0.347,1450.0,0.0,0,0.0
226,0.347,1550.0,0.0,0,0.0
227,0.347,1650.0,0.0,0,0.0
228,0.347,1750.0,0.0,0,0.0
229,0.347,1850.0,0.0,0,0.0
230,0.347,1950.0,0.0,0,0.0
231,0.347,2050.0,0.0,0,0.0
232,0.347,2150.0,0.0,0,0.0
233,0.347,2600.0,0.0,0,0.0
234,0.36740000000000006,550.0,0.0,0,0.0
235,0.36740000000000006,1150.0,0.0,0,0.0
236,0.36740000000000006,1250.0,0.0,0,0.0
237,0.36740000000000006,1350.0,0.0,0,0.0
238,0.36740000000000006,1450.0,0.0,0,0.0
239,0.36740000000000006,1550.0,0.0,0,0.0
240,0.36740000000000006,1650.0,0.0,0,0.0
241,0.36740000000000006,1750.0,0.0,0,0.0
242,0.36740000000000006,1850.0,1.0,1,1.0
243,0.36740000000000006,1950.0,0.0,0,0.0
244,0.36740000000000006,2050.0,0.0,0,0.0
245,0.36740000000000006,2150.0,0.0,0,0.0
246,0.36740000000000006,2600.0,0.0,0,0.0
247,0.38780000000000003,550.0,0.0,0,0.0
248,0.38780000000000003,1150.0,0.0,0,0.0
249,0.38780000000000003,1250.0,0.0,0,0.0
250,0.38780000000000003,1350.0,0.0,0,0.0
251,0.38780000000000003,1450.0,0.0,0,0.0
252,0.38780000000000003,1550.0,0.0,0,0.0
253,0.38780000000000003,1650.0,0.0,0,0.0
254,0.38780000000000003,1750.0,0.0,0,0.0
255,0.38780000000000003,1850.0,1.0,1,1.0
256,0.38780000000000003,1950.0,0.0,0,0.0
257,0.38780000000000003,2050.0,29.0,1,841.0
258,0.38780000000000003,2150.0,0.0,0,0.0
259,0.38780000000000003,2600.0,0.0,0,0.0
260,0.4082,550.0,0.0,0,0.0
261,0.4082,1150.0,0.0,0,0.0
262,0.4082,1250.0,0.0,0,0.0
263,0.4082,1350.0,0.0,0,0.0
264,0.4082,1450.0,0.0,0,0.0
265,0.4082,1550.0,0.0,0,0.0
266,0.4082,1650.0,0.0,0,0.0
267,0.4082,1750.0,0.0,0,0.0
268,0.4082,1850.0,0.0,0,0.0
269,0.4082,1950.0,0.0,0,0.0
270,0.4082,2050.0,0.0,0,0.0
271,0.4082,2150.0,0.0,0,0.0
272,0.4082,2600.0,0.0,0,0.0
273,0.4286,550.0,0.0,0,0.0
274,0.4286,1150.0,0.0,0,0.0
275,0.4286,1250.0,0.0,0,0.0
276,0.4286,1350.0,0.0,0,0.0
277,0.4286,1450.0,0.0,0,0.0
278,0.4286,1550.0,0.0,0,0.0
279,0.4286,1650.0,12.0,1,144.0
280,0.4286,1750.0,0.0,0,0.0
281,0.4286,1850.0,0.0,0,0.0
282,0.4286,1950.0,0.0,0,0.0
283,0.4286,2050.0,0.0,0,0.0
284,0.4286,2150.0,0.0,0,0.0
285,0.4286,2600.0,0.0,0,0.0
286,0.44900000000000007,550.0,0.0,0,0.0
287,0.44900000000000007,1150.0,0.0,0,0.0
288,0.44900000000000007,1250.0,0.0,0,0.0
289,0.44900000000000007,1350.0,0.0,0,0.0
290,0.44900000000000007,1450.0,0.0,0,0.0
291,0.44900000000000007,1550.0,0.0,0,0.0
292,0.44900000000000007,1650.0,0.0,0,0.0
293,0.44900000000000007,1750.0,0.0,0,0.0
294,0.44900000000000007,1850.0,1.5,2,2.5
295,0.44900000000000007,1950.0,0.0,0,0.0
296,0.44900000000000007,2050.0,0.0,0,0.0
297,0.44900000000000007,2150.0,0.0,0,0.0
298,0.44900000000000007,2600.0,0.0,0,0.0
299,0.46940000000000004,550.0,0.0,0,0.0
300,0.46940000000000004,1150.0,0.0,0,0.0
301,0.46940000000000004,1250.0,0.0,0,0.0
302,0.46940000000000004,1350.0,0.0,0,0.0
303,0.46940000000000004,1450.0,0.0,0,0.0
304,0.46940000000000004,1550.0,0.0,0,0.0
305,0.46940000000000004,1650.0,0.0,0,0.0
306,0.46940000000000004,1750.0,0.0,0,0.0
307,0.46940000000000004,1850.0,0.0,0,0.0
308,0.46940000000000004,1950.0,0.0,0,0.0
309,0.46940000000000004,2050.0,0.0,0,0.0
310,0.46940000000000004,2150.0,0.0,0,0.0
311,0.46940000000000004,2600.0,0.0,0,0.0
312,0.4898,550.0,0.0,0,0.0
313,0.4898,1150.0,0.0,0,0.0
314,0.4898,1250.0,0.0,0,0.0
315,0.4898,1350.0,0.0,0,0.0
316,0.4898,1450.0,0.0,0,0.0
317,0.4898,1550.0,0.0,0,0.0
318,0.4898,1650.0,0.0,0,0.0
319,0.4898,1750.0,0.0,0,0.0
320,0.4898,1850.0,2.0,5,4.4
321,0.4898,1950.0,0.0,0,0.0
322,0.4898,2050.0,0.0,0,0.0
323,0.4898,2150.0,0.0,0,0.0
324,0.4898,2600.0,0.0,0,0.0
325,0.75,550.0,0.0,0,0.0
326,0.75,1150.0,0.0,0,0.0
327,0.75,1250.0,0.0,0,0.0
328,0.75,1350.0,0.0,0,0.0
329,0.75,1450.0,0.0,0,0.0
330,0.75,1550.0,0.0,0,0.0
331,0.75,1650.0,0.0,0,0.0
332,0.75,1750.0,0.0,0,0.0
333,0.75,1850.0,0.0,0,0.0
334,0.75,1950.0,0.0,0,0.0
335,0.75,2050.0,0.0,0,0.0
336,0.75,2150.0,0.0,0,0.0
337,0.75,2600.0,0.0,0,0.0
