,voc_bin,elo_bin,rtmean,rtcount,rt_squaredmean
0,0.00020000000000000052,550.0,11.0,13,239.92307692307693
1,0.00020000000000000052,1150.0,3.5,40,26.2
2,0.00020000000000000052,1250.0,7.619047619047619,84,271.04761904761904
3,0.00020000000000000052,1350.0,12.268292682926829,82,391.3414634146341
4,0.00020000000000000052,1450.0,8.703947368421053,152,210.48026315789474
5,0.00020000000000000052,1550.0,7.581196581196581,117,156.5042735042735
6,0.00020000000000000052,1650.0,8.605405405405405,185,137.9027027027027
7,0.00020000000000000052,1750.0,8.063063063063064,222,289.6216216216216
8,0.00020000000000000052,1850.0,6.875354107648725,353,146.90368271954674
9,0.00020000000000000052,1950.0,9.755555555555556,135,364.1259259259259
10,0.00020000000000000052,2050.0,6.28021978021978,182,122.97252747252747
11,0.00020000000000000052,2150.0,12.380952380952381,21,516.2857142857143
12,0.00020000000000000052,2600.0,9.965116279069768,86,429.66279069767444
13,0.0206,550.0,7.0,3,99.66666666666667
14,0.0206,1150.0,8.5,4,110.5
15,0.0206,1250.0,11.125,16,187.625
16,0.0206,1350.0,18.2,20,510.9
17,0.0206,1450.0,13.620689655172415,29,417.55172413793105
18,0.0206,1550.0,18.857142857142858,14,775.7142857142857
19,0.0206,1650.0,11.842105263157896,19,315.2105263157895
20,0.0206,1750.0,8.4,40,167.1
21,0.0206,1850.0,9.563636363636364,55,198.87272727272727
22,0.0206,1950.0,12.055555555555555,18,362.94444444444446
23,0.0206,2050.0,10.885714285714286,35,264.0857142857143
24,0.0206,2150.0,8.0,8,97.0
25,0.0206,2600.0,5.545454545454546,11,53.36363636363637
26,0.041,550.0,2.0,1,4.0
27,0.041,1150.0,11.0,1,121.0
28,0.041,1250.0,9.090909090909092,11,204.0
29,0.041,1350.0,17.5,10,501.3
30,0.041,1450.0,14.608695652173912,23,445.30434782608694
31,0.041,1550.0,15.909090909090908,11,1080.090909090909
32,0.041,1650.0,20.551724137931036,29,1702.2068965517242
33,0.041,1750.0,12.911764705882353,34,427.8529411764706
34,0.041,1850.0,8.232558139534884,43,129.11627906976744
35,0.041,1950.0,5.916666666666667,12,69.41666666666667
36,0.041,2050.0,10.263157894736842,19,201.21052631578948
37,0.041,2150.0,8.0,3,84.66666666666667
38,0.041,2600.0,6.0,9,53.333333333333336
39,0.06140000000000001,550.0,3.0,1,9.0
40,0.06140000000000001,1150.0,4.0,2,25.0
41,0.06140000000000001,1250.0,18.666666666666668,3,515.3333333333334
42,0.06140000000000001,1350.0,26.625,8,1647.375
43,0.06140000000000001,1450.0,28.25,4,1919.25
44,0.06140000000000001,1550.0,11.0,11,227.0
45,0.06140000000000001,1650.0,8.9,10,130.3
46,0.06140000000000001,1750.0,15.461538461538462,13,685.1538461538462
47,0.06140000000000001,1850.0,15.346153846153847,26,428.5
48,0.06140000000000001,1950.0,12.714285714285714,7,334.14285714285717
49,0.06140000000000001,2050.0,20.27777777777778,18,793.2777777777778
50,0.06140000000000001,2150.0,6.25,4,42.25
51,0.06140000000000001,2600.0,9.4,5,161.8
52,0.08180000000000001,550.0,1.0,1,1.0
53,0.08180000000000001,1150.0,0.0,0,0.0
54,0.08180000000000001,1250.0,1.0,1,1.0
55,0.08180000000000001,1350.0,8.2,5,111.8
56,0.08180000000000001,1450.0,19.375,8,787.625
57,0.08180000000000001,1550.0,5.0,1,25.0
58,0.08180000000000001,1650.0,27.0,3,1007.0
59,0.08180000000000001,1750.0,8.2,5,80.6
60,0.08180000000000001,1850.0,14.4375,16,442.8125
61,0.08180000000000001,1950.0,13.8,5,411.8
62,0.08180000000000001,2050.0,21.9,10,2387.3
63,0.08180000000000001,2150.0,0.0,0,0.0
64,0.08180000000000001,2600.0,6.0,3,44.666666666666664
65,0.10220000000000001,550.0,14.0,1,196.0
66,0.10220000000000001,1150.0,0.0,0,0.0
67,0.10220000000000001,1250.0,11.75,4,319.75
68,0.10220000000000001,1350.0,61.5,2,4774.5
69,0.10220000000000001,1450.0,4.5,2,26.5
70,0.10220000000000001,1550.0,6.0,2,72.0
71,0.10220000000000001,1650.0,28.75,8,4547.0
72,0.10220000000000001,1750.0,1.0,1,1.0
73,0.10220000000000001,1850.0,22.0,4,1001.5
74,0.10220000000000001,1950.0,15.0,6,711.6666666666666
75,0.10220000000000001,2050.0,16.0,6,295.6666666666667
76,0.10220000000000001,2150.0,0.0,0,0.0
77,0.10220000000000001,2600.0,21.0,1,441.0
78,0.12260000000000001,550.0,0.0,0,0.0
79,0.12260000000000001,1150.0,0.0,0,0.0
80,0.12260000000000001,1250.0,2.0,1,4.0
81,0.12260000000000001,1350.0,26.0,2,680.0
82,0.12260000000000001,1450.0,13.0,3,235.66666666666666
83,0.12260000000000001,1550.0,0.0,0,0.0
84,0.12260000000000001,1650.0,27.125,8,1711.625
85,0.12260000000000001,1750.0,19.714285714285715,7,641.7142857142857
86,0.12260000000000001,1850.0,10.8,5,347.2
87,0.12260000000000001,1950.0,24.333333333333332,3,851.6666666666666
88,0.12260000000000001,2050.0,11.0,3,213.66666666666666
89,0.12260000000000001,2150.0,0.0,0,0.0
90,0.12260000000000001,2600.0,0.0,0,0.0
91,0.14300000000000002,550.0,59.0,1,3481.0
92,0.14300000000000002,1150.0,0.0,0,0.0
93,0.14300000000000002,1250.0,8.5,2,114.5
94,0.14300000000000002,1350.0,16.5,2,278.5
95,0.14300000000000002,1450.0,26.0,1,676.0
96,0.14300000000000002,1550.0,0.0,0,0.0
97,0.14300000000000002,1650.0,22.0,4,715.5
98,0.14300000000000002,1750.0,5.5,2,30.5
99,0.14300000000000002,1850.0,14.5,2,252.5
100,0.14300000000000002,1950.0,29.0,1,841.0
101,0.14300000000000002,2050.0,6.0,3,52.666666666666664
102,0.14300000000000002,2150.0,13.0,1,169.0
103,0.14300000000000002,2600.0,10.0,2,104.0
104,0.1634,550.0,38.0,1,1444.0
105,0.1634,1150.0,26.0,1,676.0
106,0.1634,1250.0,0.0,0,0.0
107,0.1634,1350.0,22.0,1,484.0
108,0.1634,1450.0,10.333333333333334,3,166.33333333333334
109,0.1634,1550.0,4.0,1,16.0
110,0.1634,1650.0,22.0,5,978.0
111,0.1634,1750.0,6.5,2,44.5
112,0.1634,1850.0,6.666666666666667,3,64.66666666666667
113,0.1634,1950.0,7.5,2,76.5
114,0.1634,2050.0,0.5,2,0.5
115,0.1634,2150.0,0.0,0,0.0
116,0.1634,2600.0,0.0,0,0.0
117,0.18380000000000002,550.0,0.0,0,0.0
118,0.18380000000000002,1150.0,0.0,0,0.0
119,0.18380000000000002,1250.0,29.0,1,841.0
120,0.18380000000000002,1350.0,43.0,1,1849.0
121,0.18380000000000002,1450.0,42.0,1,1764.0
122,0.18380000000000002,1550.0,18.0,1,324.0
123,0.18380000000000002,1650.0,5.666666666666667,3,35.0
124,0.18380000000000002,1750.0,2.0,1,4.0
125,0.18380000000000002,1850.0,16.0,2,481.0
126,0.18380000000000002,1950.0,41.0,1,1681.0
127,0.18380000000000002,2050.0,22.5,2,548.5
128,0.18380000000000002,2150.0,0.0,0,0.0
129,0.18380000000000002,2600.0,8.5,2,102.5
130,0.2042,550.0,0.0,0,0.0
131,0.2042,1150.0,0.0,0,0.0
132,0.2042,1250.0,0.0,0,0.0
133,0.2042,1350.0,20.0,1,400.0
134,0.2042,1450.0,0.0,0,0.0
135,0.2042,1550.0,0.0,0,0.0
136,0.2042,1650.0,36.0,2,2385.0
137,0.2042,1750.0,0.0,0,0.0
138,0.2042,1850.0,10.0,3,148.66666666666666
139,0.2042,1950.0,0.0,0,0.0
140,0.2042,2050.0,6.5,2,48.5
141,0.2042,2150.0,26.0,1,676.0
142,0.2042,2600.0,0.0,0,0.0
143,0.22460000000000002,550.0,0.0,0,0.0
144,0.22460000000000002,1150.0,0.0,0,0.0
145,0.22460000000000002,1250.0,0.0,0,0.0
146,0.22460000000000002,1350.0,0.0,0,0.0
147,0.22460000000000002,1450.0,0.0,0,0.0
148,0.22460000000000002,1550.0,6.0,1,36.0
149,0.22460000000000002,1650.0,7.0,1,49.0
150,0.22460000000000002,1750.0,0.0,0,0.0
151,0.22460000000000002,1850.0,12.0,3,196.66666666666666
152,0.22460000000000002,1950.0,13.0,1,169.0
153,0.22460000000000002,2050.0,3.0,1,9.0
154,0.22460000000000002,2150.0,0.0,0,0.0
155,0.22460000000000002,2600.0,8.0,1,64.0
156,0.245,550.0,0.0,0,0.0
157,0.245,1150.0,2.0,1,4.0
158,0.245,1250.0,49.0,1,2401.0
159,0.245,1350.0,0.0,0,0.0
160,0.245,1450.0,0.0,0,0.0
161,0.245,1550.0,0.0,0,0.0
162,0.245,1650.0,22.0,2,680.0
163,0.245,1750.0,11.0,2,202.0
164,0.245,1850.0,7.0,1,49.0
165,0.245,1950.0,37.0,1,1369.0
166,0.245,2050.0,12.0,1,144.0
167,0.245,2150.0,0.0,0,0.0
168,0.245,2600.0,0.0,0,0.0
169,0.26539999999999997,550.0,0.0,0,0.0
170,0.26539999999999997,1150.0,0.0,0,0.0
171,0.26539999999999997,1250.0,0.0,0,0.0
172,0.26539999999999997,1350.0,0.0,0,0.0
173,0.26539999999999997,1450.0,0.0,0,0.0
174,0.26539999999999997,1550.0,37.0,1,1369.0
175,0.26539999999999997,1650.0,0.0,0,0.0
176,0.26539999999999997,1750.0,0.0,0,0.0
177,0.26539999999999997,1850.0,0.0,0,0.0
178,0.26539999999999997,1950.0,0.0,0,0.0
179,0.26539999999999997,2050.0,0.0,0,0.0
180,0.26539999999999997,2150.0,0.0,0,0.0
181,0.26539999999999997,2600.0,0.0,0,0.0
182,0.28580000000000005,550.0,0.0,0,0.0
183,0.28580000000000005,1150.0,0.0,0,0.0
184,0.28580000000000005,1250.0,0.0,0,0.0
185,0.28580000000000005,1350.0,0.0,0,0.0
186,0.28580000000000005,1450.0,0.0,0,0.0
187,0.28580000000000005,1550.0,0.0,0,0.0
188,0.28580000000000005,1650.0,18.0,1,324.0
189,0.28580000000000005,1750.0,0.0,0,0.0
190,0.28580000000000005,1850.0,11.0,1,121.0
191,0.28580000000000005,1950.0,0.0,0,0.0
192,0.28580000000000005,2050.0,34.0,1,1156.0
193,0.28580000000000005,2150.0,0.0,0,0.0
194,0.28580000000000005,2600.0,0.0,0,0.0
195,0.3062,550.0,0.0,0,0.0
196,0.3062,1150.0,0.0,0,0.0
197,0.3062,1250.0,0.0,0,0.0
198,0.3062,1350.0,0.0,0,0.0
199,0.3062,1450.0,0.0,0,0.0
200,0.3062,1550.0,0.0,0,0.0
201,0.3062,1650.0,5.0,2,25.0
202,0.3062,1750.0,0.0,0,0.0
203,0.3062,1850.0,4.0,1,16.0
204,0.3062,1950.0,10.0,1,100.0
205,0.3062,2050.0,0.0,1,0.0
206,0.3062,2150.0,0.0,0,0.0
207,0.3062,2600.0,0.0,0,0.0
208,0.3266,550.0,0.0,0,0.0
209,0.3266,1150.0,0.0,0,0.0
210,0.3266,1250.0,0.0,0,0.0
211,0.3266,1350.0,0.0,0,0.0
212,0.3266,1450.0,0.0,0,0.0
213,0.3266,1550.0,19.0,1,361.0
214,0.3266,1650.0,0.0,0,0.0
215,0.3266,1750.0,1.0,2,2.0
216,0.3266,1850.0,0.0,0,0.0
217,0.3266,1950.0,0.0,0,0.0
218,0.3266,2050.0,0.0,0,0.0
219,0.3266,2150.0,0.0,0,0.0
220,0.3266,2600.0,0.0,0,0.0
221,0.347,550.0,0.0,0,0.0
222,0.347,1150.0,0.0,0,0.0
223,0.347,1250.0,0.0,0,0.0
224,0.347,1350.0,8.0,1,64.0
225,0.347,1450.0,0.0,0,0.0
226,0.347,1550.0,0.0,0,0.0
227,0.347,1650.0,13.0,1,169.0
228,0.347,1750.0,8.75,4,257.25
229,0.347,1850.0,0.0,0,0.0
230,0.347,1950.0,0.0,0,0.0
231,0.347,2050.0,9.0,1,81.0
232,0.347,2150.0,0.0,0,0.0
233,0.347,2600.0,0.0,0,0.0
234,0.36740000000000006,550.0,0.0,0,0.0
235,0.36740000000000006,1150.0,0.0,0,0.0
236,0.36740000000000006,1250.0,0.0,0,0.0
237,0.36740000000000006,1350.0,0.0,0,0.0
238,0.36740000000000006,1450.0,0.0,0,0.0
239,0.36740000000000006,1550.0,0.0,0,0.0
240,0.36740000000000006,1650.0,0.0,0,0.0
241,0.36740000000000006,1750.0,27.0,1,729.0
242,0.36740000000000006,1850.0,1.0,1,1.0
243,0.36740000000000006,1950.0,0.0,0,0.0
244,0.36740000000000006,2050.0,14.0,1,196.0
245,0.36740000000000006,2150.0,0.0,0,0.0
246,0.36740000000000006,2600.0,0.0,0,0.0
247,0.38780000000000003,550.0,0.0,0,0.0
248,0.38780000000000003,1150.0,0.0,0,0.0
249,0.38780000000000003,1250.0,0.0,0,0.0
250,0.38780000000000003,1350.0,5.0,1,25.0
251,0.38780000000000003,1450.0,0.0,0,0.0
252,0.38780000000000003,1550.0,0.0,0,0.0
253,0.38780000000000003,1650.0,0.0,0,0.0
254,0.38780000000000003,1750.0,3.0,1,9.0
255,0.38780000000000003,1850.0,0.0,0,0.0
256,0.38780000000000003,1950.0,0.0,0,0.0
257,0.38780000000000003,2050.0,0.0,0,0.0
258,0.38780000000000003,2150.0,0.0,0,0.0
259,0.38780000000000003,2600.0,0.0,0,0.0
260,0.4082,550.0,0.0,0,0.0
261,0.4082,1150.0,0.0,0,0.0
262,0.4082,1250.0,0.0,0,0.0
263,0.4082,1350.0,0.0,0,0.0
264,0.4082,1450.0,0.0,0,0.0
265,0.4082,1550.0,0.0,0,0.0
266,0.4082,1650.0,0.0,0,0.0
267,0.4082,1750.0,0.0,0,0.0
268,0.4082,1850.0,0.0,0,0.0
269,0.4082,1950.0,0.0,0,0.0
270,0.4082,2050.0,0.0,0,0.0
271,0.4082,2150.0,0.0,0,0.0
272,0.4082,2600.0,7.0,1,49.0
273,0.4286,550.0,0.0,0,0.0
274,0.4286,1150.0,0.0,0,0.0
275,0.4286,1250.0,0.0,0,0.0
276,0.4286,1350.0,0.0,0,0.0
277,0.4286,1450.0,0.0,0,0.0
278,0.4286,1550.0,0.0,0,0.0
279,0.4286,1650.0,5.0,1,25.0
280,0.4286,1750.0,0.0,0,0.0
281,0.4286,1850.0,0.0,0,0.0
282,0.4286,1950.0,0.0,0,0.0
283,0.4286,2050.0,0.0,0,0.0
284,0.4286,2150.0,0.0,0,0.0
285,0.4286,2600.0,0.0,0,0.0
286,0.44900000000000007,550.0,0.0,0,0.0
287,0.44900000000000007,1150.0,0.0,0,0.0
288,0.44900000000000007,1250.0,0.0,0,0.0
289,0.44900000000000007,1350.0,0.0,0,0.0
290,0.44900000000000007,1450.0,4.0,1,16.0
291,0.44900000000000007,1550.0,0.0,0,0.0
292,0.44900000000000007,1650.0,4.0,1,16.0
293,0.44900000000000007,1750.0,0.0,0,0.0
294,0.44900000000000007,1850.0,0.0,0,0.0
295,0.44900000000000007,1950.0,0.0,0,0.0
296,0.44900000000000007,2050.0,0.0,0,0.0
297,0.44900000000000007,2150.0,0.0,0,0.0
298,0.44900000000000007,2600.0,0.0,0,0.0
299,0.46940000000000004,550.0,0.0,0,0.0
300,0.46940000000000004,1150.0,0.0,0,0.0
301,0.46940000000000004,1250.0,0.0,0,0.0
302,0.46940000000000004,1350.0,15.0,2,250.0
303,0.46940000000000004,1450.0,0.0,0,0.0
304,0.46940000000000004,1550.0,0.0,0,0.0
305,0.46940000000000004,1650.0,0.0,0,0.0
306,0.46940000000000004,1750.0,0.0,0,0.0
307,0.46940000000000004,1850.0,0.0,0,0.0
308,0.46940000000000004,1950.0,0.0,0,0.0
309,0.46940000000000004,2050.0,7.0,1,49.0
310,0.46940000000000004,2150.0,0.0,0,0.0
311,0.46940000000000004,2600.0,0.0,0,0.0
312,0.4898,550.0,0.0,0,0.0
313,0.4898,1150.0,0.0,0,0.0
314,0.4898,1250.0,0.0,0,0.0
315,0.4898,1350.0,0.0,0,0.0
316,0.4898,1450.0,0.0,0,0.0
317,0.4898,1550.0,0.0,0,0.0
318,0.4898,1650.0,0.0,0,0.0
319,0.4898,1750.0,0.0,0,0.0
320,0.4898,1850.0,4.0,1,16.0
321,0.4898,1950.0,0.0,0,0.0
322,0.4898,2050.0,7.0,1,49.0
323,0.4898,2150.0,0.0,0,0.0
324,0.4898,2600.0,0.0,0,0.0
325,0.75,550.0,22.5,2,716.5
326,0.75,1150.0,29.0,1,841.0
327,0.75,1250.0,0.0,0,0.0
328,0.75,1350.0,3.0,1,9.0
329,0.75,1450.0,9.0,1,81.0
330,0.75,1550.0,0.0,0,0.0
331,0.75,1650.0,0.0,0,0.0
332,0.75,1750.0,0.0,0,0.0
333,0.75,1850.0,31.0,1,961.0
334,0.75,1950.0,0.0,0,0.0
335,0.75,2050.0,23.0,1,529.0
336,0.75,2150.0,0.0,0,0.0
337,0.75,2600.0,1.0,1,1.0
