,voc_bin,elo_bin,rtmean,rtcount,rt_squaredmean
0,0.00020000000000000052,550.0,4.510948905109489,137,62.18978102189781
1,0.00020000000000000052,1150.0,4.851485148514851,101,95.54455445544555
2,0.00020000000000000052,1250.0,4.383647798742138,159,40.735849056603776
3,0.00020000000000000052,1350.0,3.6,260,33.6
4,0.00020000000000000052,1450.0,4.329670329670329,91,39.56043956043956
5,0.00020000000000000052,1550.0,4.361111111111111,216,57.157407407407405
6,0.00020000000000000052,1650.0,3.7555555555555555,270,39.54814814814815
7,0.00020000000000000052,1750.0,3.359413202933985,409,26.449877750611247
8,0.00020000000000000052,1850.0,3.806646525679758,331,40.38670694864048
9,0.00020000000000000052,1950.0,3.842767295597484,159,34.0188679245283
10,0.00020000000000000052,2050.0,2.767857142857143,280,20.682142857142857
11,0.00020000000000000052,2150.0,1.9715909090909092,176,10.3125
12,0.00020000000000000052,2600.0,2.864406779661017,472,31.927966101694917
13,0.0206,550.0,5.379310344827586,29,51.37931034482759
14,0.0206,1150.0,5.8,15,46.06666666666667
15,0.0206,1250.0,4.352941176470588,34,50.1764705882353
16,0.0206,1350.0,4.035714285714286,56,39.285714285714285
17,0.0206,1450.0,4.464285714285714,28,29.035714285714285
18,0.0206,1550.0,4.75,72,43.333333333333336
19,0.0206,1650.0,4.535714285714286,56,37.714285714285715
20,0.0206,1750.0,3.643835616438356,73,24.465753424657535
21,0.0206,1850.0,5.4625,80,76.5875
22,0.0206,1950.0,3.657142857142857,35,21.085714285714285
23,0.0206,2050.0,3.9473684210526314,76,32.921052631578945
24,0.0206,2150.0,2.2954545454545454,44,7.5227272727272725
25,0.0206,2600.0,3.2222222222222223,117,25.256410256410255
26,0.041,550.0,8.0,10,175.6
27,0.041,1150.0,5.923076923076923,13,104.6923076923077
28,0.041,1250.0,4.9523809523809526,21,52.0
29,0.041,1350.0,2.3714285714285714,35,14.485714285714286
30,0.041,1450.0,6.7,10,58.7
31,0.041,1550.0,5.518518518518518,27,43.2962962962963
32,0.041,1650.0,6.15625,32,87.09375
33,0.041,1750.0,5.205128205128205,39,60.58974358974359
34,0.041,1850.0,4.0,32,29.625
35,0.041,1950.0,4.166666666666667,24,38.583333333333336
36,0.041,2050.0,7.565217391304348,23,100.43478260869566
37,0.041,2150.0,2.107142857142857,28,7.535714285714286
38,0.041,2600.0,4.6,55,91.76363636363637
39,0.06140000000000001,550.0,10.8,10,368.4
40,0.06140000000000001,1150.0,2.0,5,5.2
41,0.06140000000000001,1250.0,5.666666666666667,15,54.333333333333336
42,0.06140000000000001,1350.0,4.846153846153846,13,51.15384615384615
43,0.06140000000000001,1450.0,5.285714285714286,7,51.285714285714285
44,0.06140000000000001,1550.0,7.157894736842105,19,78.52631578947368
45,0.06140000000000001,1650.0,6.733333333333333,15,73.13333333333334
46,0.06140000000000001,1750.0,3.590909090909091,22,25.318181818181817
47,0.06140000000000001,1850.0,5.37037037037037,27,80.25925925925925
48,0.06140000000000001,1950.0,3.909090909090909,11,30.636363636363637
49,0.06140000000000001,2050.0,5.0,28,65.14285714285714
50,0.06140000000000001,2150.0,2.4444444444444446,9,11.777777777777779
51,0.06140000000000001,2600.0,5.194444444444445,36,64.58333333333333
52,0.08180000000000001,550.0,4.666666666666667,3,22.0
53,0.08180000000000001,1150.0,8.857142857142858,7,144.0
54,0.08180000000000001,1250.0,8.75,4,96.25
55,0.08180000000000001,1350.0,4.75,8,49.0
56,0.08180000000000001,1450.0,8.857142857142858,7,103.42857142857143
57,0.08180000000000001,1550.0,7.461538461538462,13,114.07692307692308
58,0.08180000000000001,1650.0,3.142857142857143,7,14.571428571428571
59,0.08180000000000001,1750.0,5.5,10,58.9
60,0.08180000000000001,1850.0,4.416666666666667,12,34.416666666666664
61,0.08180000000000001,1950.0,6.1,10,83.5
62,0.08180000000000001,2050.0,4.6923076923076925,13,31.76923076923077
63,0.08180000000000001,2150.0,1.75,4,3.75
64,0.08180000000000001,2600.0,3.4444444444444446,18,23.555555555555557
65,0.10220000000000001,550.0,2.0,2,5.0
66,0.10220000000000001,1150.0,4.0,1,16.0
67,0.10220000000000001,1250.0,5.777777777777778,9,57.333333333333336
68,0.10220000000000001,1350.0,4.142857142857143,7,28.714285714285715
69,0.10220000000000001,1450.0,4.75,4,36.75
70,0.10220000000000001,1550.0,6.4,5,76.0
71,0.10220000000000001,1650.0,6.125,8,55.125
72,0.10220000000000001,1750.0,3.0,12,13.833333333333334
73,0.10220000000000001,1850.0,4.444444444444445,9,28.666666666666668
74,0.10220000000000001,1950.0,6.666666666666667,6,59.666666666666664
75,0.10220000000000001,2050.0,2.625,8,11.125
76,0.10220000000000001,2150.0,1.5,2,2.5
77,0.10220000000000001,2600.0,7.125,8,195.375
78,0.12260000000000001,550.0,3.0,2,10.0
79,0.12260000000000001,1150.0,32.5,2,1068.5
80,0.12260000000000001,1250.0,4.0,1,16.0
81,0.12260000000000001,1350.0,1.0,3,1.0
82,0.12260000000000001,1450.0,1.0,1,1.0
83,0.12260000000000001,1550.0,6.75,4,56.25
84,0.12260000000000001,1650.0,6.6,5,70.6
85,0.12260000000000001,1750.0,8.0,6,94.0
86,0.12260000000000001,1850.0,5.0,7,42.714285714285715
87,0.12260000000000001,1950.0,4.0,2,25.0
88,0.12260000000000001,2050.0,5.6,5,59.6
89,0.12260000000000001,2150.0,3.6666666666666665,3,15.0
90,0.12260000000000001,2600.0,9.4,5,199.8
91,0.14300000000000002,550.0,3.5,2,18.5
92,0.14300000000000002,1150.0,1.0,1,1.0
93,0.14300000000000002,1250.0,14.0,2,205.0
94,0.14300000000000002,1350.0,2.0,2,5.0
95,0.14300000000000002,1450.0,0.0,0,0.0
96,0.14300000000000002,1550.0,4.0,3,18.666666666666668
97,0.14300000000000002,1650.0,9.0,3,193.66666666666666
98,0.14300000000000002,1750.0,3.0,3,9.666666666666666
99,0.14300000000000002,1850.0,0.0,0,0.0
100,0.14300000000000002,1950.0,11.666666666666666,3,159.0
101,0.14300000000000002,2050.0,1.5,2,2.5
102,0.14300000000000002,2150.0,0.0,0,0.0
103,0.14300000000000002,2600.0,6.0,5,73.2
104,0.1634,550.0,4.5,2,20.5
105,0.1634,1150.0,0.0,0,0.0
106,0.1634,1250.0,4.0,2,20.0
107,0.1634,1350.0,5.75,4,43.25
108,0.1634,1450.0,3.0,2,10.0
109,0.1634,1550.0,4.0,2,25.0
110,0.1634,1650.0,11.0,3,235.0
111,0.1634,1750.0,3.0,1,9.0
112,0.1634,1850.0,8.125,8,134.875
113,0.1634,1950.0,6.75,4,56.75
114,0.1634,2050.0,2.25,4,6.75
115,0.1634,2150.0,11.0,2,202.0
116,0.1634,2600.0,6.8,5,159.6
117,0.18380000000000002,550.0,9.0,1,81.0
118,0.18380000000000002,1150.0,0.0,0,0.0
119,0.18380000000000002,1250.0,0.0,0,0.0
120,0.18380000000000002,1350.0,0.0,0,0.0
121,0.18380000000000002,1450.0,10.0,1,100.0
122,0.18380000000000002,1550.0,4.0,1,16.0
123,0.18380000000000002,1650.0,0.0,0,0.0
124,0.18380000000000002,1750.0,4.75,4,31.75
125,0.18380000000000002,1850.0,2.0,1,4.0
126,0.18380000000000002,1950.0,5.0,1,25.0
127,0.18380000000000002,2050.0,8.0,1,64.0
128,0.18380000000000002,2150.0,3.0,1,9.0
129,0.18380000000000002,2600.0,9.0,1,81.0
130,0.2042,550.0,0.0,0,0.0
131,0.2042,1150.0,4.0,1,16.0
132,0.2042,1250.0,1.0,1,1.0
133,0.2042,1350.0,4.0,1,16.0
134,0.2042,1450.0,0.0,0,0.0
135,0.2042,1550.0,4.4,5,21.2
136,0.2042,1650.0,0.0,0,0.0
137,0.2042,1750.0,0.0,0,0.0
138,0.2042,1850.0,9.666666666666666,3,244.33333333333334
139,0.2042,1950.0,0.0,0,0.0
140,0.2042,2050.0,2.0,1,4.0
141,0.2042,2150.0,0.0,0,0.0
142,0.2042,2600.0,2.5,4,7.0
143,0.22460000000000002,550.0,0.0,0,0.0
144,0.22460000000000002,1150.0,0.0,0,0.0
145,0.22460000000000002,1250.0,2.0,1,4.0
146,0.22460000000000002,1350.0,2.0,1,4.0
147,0.22460000000000002,1450.0,0.0,0,0.0
148,0.22460000000000002,1550.0,8.5,2,72.5
149,0.22460000000000002,1650.0,4.666666666666667,3,42.0
150,0.22460000000000002,1750.0,8.5,4,91.5
151,0.22460000000000002,1850.0,3.25,4,15.75
152,0.22460000000000002,1950.0,12.0,1,144.0
153,0.22460000000000002,2050.0,0.0,0,0.0
154,0.22460000000000002,2150.0,1.0,1,1.0
155,0.22460000000000002,2600.0,0.0,0,0.0
156,0.245,550.0,0.0,0,0.0
157,0.245,1150.0,2.0,1,4.0
158,0.245,1250.0,0.0,0,0.0
159,0.245,1350.0,0.0,1,0.0
160,0.245,1450.0,0.0,0,0.0
161,0.245,1550.0,0.5,2,0.5
162,0.245,1650.0,5.25,4,53.25
163,0.245,1750.0,3.0,1,9.0
164,0.245,1850.0,0.0,0,0.0
165,0.245,1950.0,0.0,0,0.0
166,0.245,2050.0,0.0,0,0.0
167,0.245,2150.0,11.5,2,174.5
168,0.245,2600.0,8.0,1,64.0
169,0.26539999999999997,550.0,0.0,0,0.0
170,0.26539999999999997,1150.0,0.0,0,0.0
171,0.26539999999999997,1250.0,0.0,0,0.0
172,0.26539999999999997,1350.0,1.5,2,2.5
173,0.26539999999999997,1450.0,0.0,0,0.0
174,0.26539999999999997,1550.0,7.0,1,49.0
175,0.26539999999999997,1650.0,6.0,1,36.0
176,0.26539999999999997,1750.0,0.0,0,0.0
177,0.26539999999999997,1850.0,0.0,0,0.0
178,0.26539999999999997,1950.0,0.0,0,0.0
179,0.26539999999999997,2050.0,5.0,1,25.0
180,0.26539999999999997,2150.0,0.0,0,0.0
181,0.26539999999999997,2600.0,6.0,2,61.0
182,0.28580000000000005,550.0,0.0,0,0.0
183,0.28580000000000005,1150.0,0.0,0,0.0
184,0.28580000000000005,1250.0,4.0,1,16.0
185,0.28580000000000005,1350.0,0.0,0,0.0
186,0.28580000000000005,1450.0,0.0,0,0.0
187,0.28580000000000005,1550.0,9.5,2,162.5
188,0.28580000000000005,1650.0,0.0,0,0.0
189,0.28580000000000005,1750.0,5.0,3,43.666666666666664
190,0.28580000000000005,1850.0,0.0,0,0.0
191,0.28580000000000005,1950.0,7.0,1,49.0
192,0.28580000000000005,2050.0,16.0,3,354.6666666666667
193,0.28580000000000005,2150.0,0.0,0,0.0
194,0.28580000000000005,2600.0,0.0,0,0.0
195,0.3062,550.0,0.0,0,0.0
196,0.3062,1150.0,0.0,0,0.0
197,0.3062,1250.0,0.0,0,0.0
198,0.3062,1350.0,0.0,0,0.0
199,0.3062,1450.0,0.0,0,0.0
200,0.3062,1550.0,8.0,1,64.0
201,0.3062,1650.0,0.0,0,0.0
202,0.3062,1750.0,10.0,1,100.0
203,0.3062,1850.0,3.0,2,13.0
204,0.3062,1950.0,0.0,0,0.0
205,0.3062,2050.0,10.0,3,124.66666666666667
206,0.3062,2150.0,5.0,1,25.0
207,0.3062,2600.0,2.0,1,4.0
208,0.3266,550.0,0.0,0,0.0
209,0.3266,1150.0,0.0,0,0.0
210,0.3266,1250.0,0.0,0,0.0
211,0.3266,1350.0,1.0,1,1.0
212,0.3266,1450.0,0.0,0,0.0
213,0.3266,1550.0,0.0,0,0.0
214,0.3266,1650.0,0.0,0,0.0
215,0.3266,1750.0,0.0,0,0.0
216,0.3266,1850.0,6.0,1,36.0
217,0.3266,1950.0,0.0,0,0.0
218,0.3266,2050.0,0.0,0,0.0
219,0.3266,2150.0,0.0,0,0.0
220,0.3266,2600.0,0.0,1,0.0
221,0.347,550.0,0.0,0,0.0
222,0.347,1150.0,0.0,0,0.0
223,0.347,1250.0,1.0,1,1.0
224,0.347,1350.0,1.0,1,1.0
225,0.347,1450.0,0.0,0,0.0
226,0.347,1550.0,4.0,2,20.0
227,0.347,1650.0,0.0,0,0.0
228,0.347,1750.0,5.0,1,25.0
229,0.347,1850.0,0.0,0,0.0
230,0.347,1950.0,0.0,0,0.0
231,0.347,2050.0,0.0,0,0.0
232,0.347,2150.0,0.0,0,0.0
233,0.347,2600.0,0.0,0,0.0
234,0.36740000000000006,550.0,0.0,0,0.0
235,0.36740000000000006,1150.0,0.0,0,0.0
236,0.36740000000000006,1250.0,1.0,1,1.0
237,0.36740000000000006,1350.0,0.0,0,0.0
238,0.36740000000000006,1450.0,8.0,1,64.0
239,0.36740000000000006,1550.0,7.0,1,49.0
240,0.36740000000000006,1650.0,0.0,0,0.0
241,0.36740000000000006,1750.0,3.0,1,9.0
242,0.36740000000000006,1850.0,1.0,1,1.0
243,0.36740000000000006,1950.0,0.0,0,0.0
244,0.36740000000000006,2050.0,0.0,0,0.0
245,0.36740000000000006,2150.0,0.0,0,0.0
246,0.36740000000000006,2600.0,0.0,0,0.0
247,0.38780000000000003,550.0,0.0,0,0.0
248,0.38780000000000003,1150.0,0.0,0,0.0
249,0.38780000000000003,1250.0,0.0,0,0.0
250,0.38780000000000003,1350.0,0.0,0,0.0
251,0.38780000000000003,1450.0,0.0,0,0.0
252,0.38780000000000003,1550.0,0.0,0,0.0
253,0.38780000000000003,1650.0,0.0,0,0.0
254,0.38780000000000003,1750.0,1.0,1,1.0
255,0.38780000000000003,1850.0,1.0,1,1.0
256,0.38780000000000003,1950.0,0.0,0,0.0
257,0.38780000000000003,2050.0,29.0,1,841.0
258,0.38780000000000003,2150.0,0.0,0,0.0
259,0.38780000000000003,2600.0,0.0,0,0.0
260,0.4082,550.0,0.0,0,0.0
261,0.4082,1150.0,0.0,0,0.0
262,0.4082,1250.0,0.0,0,0.0
263,0.4082,1350.0,0.0,0,0.0
264,0.4082,1450.0,0.0,0,0.0
265,0.4082,1550.0,0.0,0,0.0
266,0.4082,1650.0,0.0,0,0.0
267,0.4082,1750.0,0.0,0,0.0
268,0.4082,1850.0,0.0,0,0.0
269,0.4082,1950.0,0.0,0,0.0
270,0.4082,2050.0,0.0,0,0.0
271,0.4082,2150.0,0.0,0,0.0
272,0.4082,2600.0,0.0,0,0.0
273,0.4286,550.0,0.0,0,0.0
274,0.4286,1150.0,0.0,0,0.0
275,0.4286,1250.0,0.0,0,0.0
276,0.4286,1350.0,0.0,0,0.0
277,0.4286,1450.0,0.0,0,0.0
278,0.4286,1550.0,0.0,0,0.0
279,0.4286,1650.0,12.0,1,144.0
280,0.4286,1750.0,0.0,0,0.0
281,0.4286,1850.0,0.0,0,0.0
282,0.4286,1950.0,0.0,0,0.0
283,0.4286,2050.0,0.0,0,0.0
284,0.4286,2150.0,0.0,0,0.0
285,0.4286,2600.0,0.0,0,0.0
286,0.44900000000000007,550.0,0.0,0,0.0
287,0.44900000000000007,1150.0,0.0,0,0.0
288,0.44900000000000007,1250.0,0.0,0,0.0
289,0.44900000000000007,1350.0,0.0,0,0.0
290,0.44900000000000007,1450.0,0.0,0,0.0
291,0.44900000000000007,1550.0,0.0,0,0.0
292,0.44900000000000007,1650.0,0.0,0,0.0
293,0.44900000000000007,1750.0,0.0,0,0.0
294,0.44900000000000007,1850.0,1.5,2,2.5
295,0.44900000000000007,1950.0,0.0,0,0.0
296,0.44900000000000007,2050.0,0.0,0,0.0
297,0.44900000000000007,2150.0,0.0,0,0.0
298,0.44900000000000007,2600.0,0.0,0,0.0
299,0.46940000000000004,550.0,0.0,0,0.0
300,0.46940000000000004,1150.0,0.0,0,0.0
301,0.46940000000000004,1250.0,0.0,0,0.0
302,0.46940000000000004,1350.0,0.0,0,0.0
303,0.46940000000000004,1450.0,0.0,0,0.0
304,0.46940000000000004,1550.0,0.0,0,0.0
305,0.46940000000000004,1650.0,2.0,1,4.0
306,0.46940000000000004,1750.0,0.0,0,0.0
307,0.46940000000000004,1850.0,2.0,1,4.0
308,0.46940000000000004,1950.0,0.0,0,0.0
309,0.46940000000000004,2050.0,0.0,0,0.0
310,0.46940000000000004,2150.0,0.0,0,0.0
311,0.46940000000000004,2600.0,0.0,0,0.0
312,0.4898,550.0,0.0,0,0.0
313,0.4898,1150.0,0.0,0,0.0
314,0.4898,1250.0,0.0,0,0.0
315,0.4898,1350.0,0.0,0,0.0
316,0.4898,1450.0,0.0,0,0.0
317,0.4898,1550.0,0.0,0,0.0
318,0.4898,1650.0,0.0,0,0.0
319,0.4898,1750.0,0.0,0,0.0
320,0.4898,1850.0,2.0,5,4.4
321,0.4898,1950.0,0.0,0,0.0
322,0.4898,2050.0,0.0,0,0.0
323,0.4898,2150.0,0.0,0,0.0
324,0.4898,2600.0,0.0,0,0.0
325,0.75,550.0,0.0,0,0.0
326,0.75,1150.0,0.0,0,0.0
327,0.75,1250.0,1.0,1,1.0
328,0.75,1350.0,0.0,0,0.0
329,0.75,1450.0,0.0,0,0.0
330,0.75,1550.0,0.0,0,0.0
331,0.75,1650.0,9.0,2,97.0
332,0.75,1750.0,0.0,0,0.0
333,0.75,1850.0,34.0,1,1156.0
334,0.75,1950.0,0.0,0,0.0
335,0.75,2050.0,0.0,0,0.0
336,0.75,2150.0,0.0,0,0.0
337,0.75,2600.0,0.0,0,0.0
