,voc_bin,elo_bin,rtmean,rtcount,rt_squaredmean
0,0.00020000000000000052,550.0,8.501501501501501,333,154.93393393393393
1,0.00020000000000000052,1150.0,7.872340425531915,376,135.11702127659575
2,0.00020000000000000052,1250.0,7.498829039812646,427,152.43559718969556
3,0.00020000000000000052,1350.0,5.7075268817204305,465,98.43010752688173
4,0.00020000000000000052,1450.0,7.053521126760564,355,131.5211267605634
5,0.00020000000000000052,1550.0,8.074257425742575,202,132.85643564356437
6,0.00020000000000000052,1650.0,6.661721068249258,337,111.21364985163204
7,0.00020000000000000052,1750.0,6.786764705882353,272,108.57352941176471
8,0.00020000000000000052,1850.0,6.073943661971831,284,84.0669014084507
9,0.00020000000000000052,1950.0,7.5049504950495045,101,160.59405940594058
10,0.00020000000000000052,2050.0,7.079365079365079,63,156.5079365079365
11,0.00020000000000000052,2150.0,9.392857142857142,28,205.67857142857142
12,0.00020000000000000052,2600.0,0.0,0,0.0
13,0.0206,550.0,9.948275862068966,58,200.1551724137931
14,0.0206,1150.0,9.155844155844155,77,167.41558441558442
15,0.0206,1250.0,7.813186813186813,91,107.24175824175825
16,0.0206,1350.0,9.623655913978494,93,291.96774193548384
17,0.0206,1450.0,10.955056179775282,89,282.3258426966292
18,0.0206,1550.0,8.72340425531915,47,196.63829787234042
19,0.0206,1650.0,5.6923076923076925,65,62.55384615384615
20,0.0206,1750.0,8.961538461538462,52,197.57692307692307
21,0.0206,1850.0,8.049180327868852,61,138.7377049180328
22,0.0206,1950.0,19.0,9,948.3333333333334
23,0.0206,2050.0,7.6875,16,91.8125
24,0.0206,2150.0,6.75,4,76.25
25,0.0206,2600.0,0.0,0,0.0
26,0.041,550.0,12.444444444444445,36,281.8333333333333
27,0.041,1150.0,11.518518518518519,54,244.07407407407408
28,0.041,1250.0,8.491228070175438,57,170.03508771929825
29,0.041,1350.0,9.961538461538462,52,206.69230769230768
30,0.041,1450.0,10.479166666666666,48,230.14583333333334
31,0.041,1550.0,9.947368421052632,19,190.78947368421052
32,0.041,1650.0,7.564102564102564,39,112.02564102564102
33,0.041,1750.0,15.115384615384615,26,438.4230769230769
34,0.041,1850.0,10.555555555555555,18,200.44444444444446
35,0.041,1950.0,14.833333333333334,6,289.8333333333333
36,0.041,2050.0,13.571428571428571,7,321.2857142857143
37,0.041,2150.0,12.0,2,153.0
38,0.041,2600.0,0.0,0,0.0
39,0.06140000000000001,550.0,13.65,20,408.55
40,0.06140000000000001,1150.0,12.476190476190476,21,425.8095238095238
41,0.06140000000000001,1250.0,10.741935483870968,31,244.80645161290323
42,0.06140000000000001,1350.0,6.523809523809524,21,74.52380952380952
43,0.06140000000000001,1450.0,12.666666666666666,21,424.85714285714283
44,0.06140000000000001,1550.0,15.375,16,630.125
45,0.06140000000000001,1650.0,10.307692307692308,26,188.0
46,0.06140000000000001,1750.0,12.833333333333334,18,266.5
47,0.06140000000000001,1850.0,17.307692307692307,13,1226.076923076923
48,0.06140000000000001,1950.0,12.25,4,245.25
49,0.06140000000000001,2050.0,11.0,2,202.0
50,0.06140000000000001,2150.0,15.0,1,225.0
51,0.06140000000000001,2600.0,0.0,0,0.0
52,0.08180000000000001,550.0,12.266666666666667,15,250.93333333333334
53,0.08180000000000001,1150.0,14.090909090909092,11,392.8181818181818
54,0.08180000000000001,1250.0,10.947368421052632,19,162.21052631578948
55,0.08180000000000001,1350.0,7.647058823529412,17,117.29411764705883
56,0.08180000000000001,1450.0,20.42105263157895,19,1363.578947368421
57,0.08180000000000001,1550.0,12.5,8,182.5
58,0.08180000000000001,1650.0,8.555555555555555,18,158.66666666666666
59,0.08180000000000001,1750.0,6.142857142857143,7,55.857142857142854
60,0.08180000000000001,1850.0,19.571428571428573,7,932.4285714285714
61,0.08180000000000001,1950.0,15.0,5,551.0
62,0.08180000000000001,2050.0,10.666666666666666,3,247.33333333333334
63,0.08180000000000001,2150.0,0.0,0,0.0
64,0.08180000000000001,2600.0,0.0,0,0.0
65,0.10220000000000001,550.0,10.642857142857142,14,206.21428571428572
66,0.10220000000000001,1150.0,16.5,4,481.0
67,0.10220000000000001,1250.0,7.928571428571429,14,99.21428571428571
68,0.10220000000000001,1350.0,10.125,8,239.125
69,0.10220000000000001,1450.0,12.857142857142858,7,258.2857142857143
70,0.10220000000000001,1550.0,8.4,5,133.2
71,0.10220000000000001,1650.0,9.8,15,157.0
72,0.10220000000000001,1750.0,11.5,8,186.5
73,0.10220000000000001,1850.0,10.0,4,181.0
74,0.10220000000000001,1950.0,2.5714285714285716,7,10.285714285714286
75,0.10220000000000001,2050.0,8.0,1,64.0
76,0.10220000000000001,2150.0,0.0,0,0.0
77,0.10220000000000001,2600.0,0.0,0,0.0
78,0.12260000000000001,550.0,12.1,10,201.7
79,0.12260000000000001,1150.0,15.75,4,388.25
80,0.12260000000000001,1250.0,8.5,14,114.64285714285714
81,0.12260000000000001,1350.0,11.285714285714286,7,219.0
82,0.12260000000000001,1450.0,13.142857142857142,7,253.14285714285714
83,0.12260000000000001,1550.0,14.25,4,274.25
84,0.12260000000000001,1650.0,7.5,12,114.33333333333333
85,0.12260000000000001,1750.0,15.2,5,394.8
86,0.12260000000000001,1850.0,16.333333333333332,6,641.0
87,0.12260000000000001,1950.0,9.666666666666666,3,163.66666666666666
88,0.12260000000000001,2050.0,11.0,1,121.0
89,0.12260000000000001,2150.0,0.0,0,0.0
90,0.12260000000000001,2600.0,0.0,0,0.0
91,0.14300000000000002,550.0,7.0,2,65.0
92,0.14300000000000002,1150.0,6.5,2,54.5
93,0.14300000000000002,1250.0,20.333333333333332,6,1146.3333333333333
94,0.14300000000000002,1350.0,12.0,2,208.0
95,0.14300000000000002,1450.0,11.0,3,131.66666666666666
96,0.14300000000000002,1550.0,8.666666666666666,3,103.33333333333333
97,0.14300000000000002,1650.0,21.0,7,900.1428571428571
98,0.14300000000000002,1750.0,5.5,2,36.5
99,0.14300000000000002,1850.0,10.666666666666666,3,205.33333333333334
100,0.14300000000000002,1950.0,20.0,1,400.0
101,0.14300000000000002,2050.0,25.0,1,625.0
102,0.14300000000000002,2150.0,0.0,0,0.0
103,0.14300000000000002,2600.0,0.0,0,0.0
104,0.1634,550.0,10.5,4,185.0
105,0.1634,1150.0,18.0,2,424.0
106,0.1634,1250.0,6.0,4,54.0
107,0.1634,1350.0,5.0,2,34.0
108,0.1634,1450.0,8.25,4,86.25
109,0.1634,1550.0,21.0,3,663.0
110,0.1634,1650.0,5.0,4,36.0
111,0.1634,1750.0,9.0,2,145.0
112,0.1634,1850.0,20.0,1,400.0
113,0.1634,1950.0,7.0,1,49.0
114,0.1634,2050.0,0.0,0,0.0
115,0.1634,2150.0,0.0,0,0.0
116,0.1634,2600.0,0.0,0,0.0
117,0.18380000000000002,550.0,3.0,1,9.0
118,0.18380000000000002,1150.0,6.0,1,36.0
119,0.18380000000000002,1250.0,10.2,5,133.4
120,0.18380000000000002,1350.0,5.5,2,42.5
121,0.18380000000000002,1450.0,0.0,0,0.0
122,0.18380000000000002,1550.0,8.5,2,102.5
123,0.18380000000000002,1650.0,9.833333333333334,6,159.83333333333334
124,0.18380000000000002,1750.0,16.8,5,409.2
125,0.18380000000000002,1850.0,3.0,1,9.0
126,0.18380000000000002,1950.0,16.0,1,256.0
127,0.18380000000000002,2050.0,29.0,1,841.0
128,0.18380000000000002,2150.0,0.0,0,0.0
129,0.18380000000000002,2600.0,0.0,0,0.0
130,0.2042,550.0,25.0,1,625.0
131,0.2042,1150.0,10.0,2,109.0
132,0.2042,1250.0,7.666666666666667,3,59.0
133,0.2042,1350.0,6.0,4,76.5
134,0.2042,1450.0,25.5,2,662.5
135,0.2042,1550.0,5.5,2,36.5
136,0.2042,1650.0,19.0,3,429.6666666666667
137,0.2042,1750.0,18.0,1,324.0
138,0.2042,1850.0,11.666666666666666,3,304.3333333333333
139,0.2042,1950.0,0.0,0,0.0
140,0.2042,2050.0,24.0,2,832.0
141,0.2042,2150.0,0.0,0,0.0
142,0.2042,2600.0,0.0,0,0.0
143,0.22460000000000002,550.0,5.0,1,25.0
144,0.22460000000000002,1150.0,5.0,1,25.0
145,0.22460000000000002,1250.0,0.0,0,0.0
146,0.22460000000000002,1350.0,0.0,0,0.0
147,0.22460000000000002,1450.0,0.0,0,0.0
148,0.22460000000000002,1550.0,8.0,1,64.0
149,0.22460000000000002,1650.0,10.666666666666666,3,158.0
150,0.22460000000000002,1750.0,10.25,4,149.75
151,0.22460000000000002,1850.0,7.5,2,86.5
152,0.22460000000000002,1950.0,8.0,2,68.0
153,0.22460000000000002,2050.0,0.0,0,0.0
154,0.22460000000000002,2150.0,42.0,1,1764.0
155,0.22460000000000002,2600.0,0.0,0,0.0
156,0.245,550.0,2.0,1,4.0
157,0.245,1150.0,0.0,0,0.0
158,0.245,1250.0,11.0,3,161.66666666666666
159,0.245,1350.0,2.0,1,4.0
160,0.245,1450.0,10.0,1,100.0
161,0.245,1550.0,5.0,3,43.0
162,0.245,1650.0,25.5,2,706.5
163,0.245,1750.0,9.666666666666666,3,185.0
164,0.245,1850.0,4.0,2,17.0
165,0.245,1950.0,10.0,1,100.0
166,0.245,2050.0,0.0,0,0.0
167,0.245,2150.0,0.0,0,0.0
168,0.245,2600.0,0.0,0,0.0
169,0.26539999999999997,550.0,4.0,1,16.0
170,0.26539999999999997,1150.0,0.0,0,0.0
171,0.26539999999999997,1250.0,5.0,1,25.0
172,0.26539999999999997,1350.0,61.0,2,7085.0
173,0.26539999999999997,1450.0,20.0,1,400.0
174,0.26539999999999997,1550.0,10.0,1,100.0
175,0.26539999999999997,1650.0,22.0,1,484.0
176,0.26539999999999997,1750.0,13.0,1,169.0
177,0.26539999999999997,1850.0,3.0,2,10.0
178,0.26539999999999997,1950.0,0.0,0,0.0
179,0.26539999999999997,2050.0,0.0,0,0.0
180,0.26539999999999997,2150.0,0.0,0,0.0
181,0.26539999999999997,2600.0,0.0,0,0.0
182,0.28580000000000005,550.0,0.0,0,0.0
183,0.28580000000000005,1150.0,9.0,1,81.0
184,0.28580000000000005,1250.0,2.5,2,6.5
185,0.28580000000000005,1350.0,69.0,1,4761.0
186,0.28580000000000005,1450.0,10.0,2,101.0
187,0.28580000000000005,1550.0,0.0,0,0.0
188,0.28580000000000005,1650.0,0.0,0,0.0
189,0.28580000000000005,1750.0,0.0,0,0.0
190,0.28580000000000005,1850.0,0.0,0,0.0
191,0.28580000000000005,1950.0,26.0,1,676.0
192,0.28580000000000005,2050.0,0.0,0,0.0
193,0.28580000000000005,2150.0,0.0,0,0.0
194,0.28580000000000005,2600.0,0.0,0,0.0
195,0.3062,550.0,2.0,1,4.0
196,0.3062,1150.0,0.0,0,0.0
197,0.3062,1250.0,21.0,1,441.0
198,0.3062,1350.0,0.0,0,0.0
199,0.3062,1450.0,0.0,0,0.0
200,0.3062,1550.0,0.0,0,0.0
201,0.3062,1650.0,4.333333333333333,3,23.0
202,0.3062,1750.0,0.0,0,0.0
203,0.3062,1850.0,0.0,0,0.0
204,0.3062,1950.0,0.0,0,0.0
205,0.3062,2050.0,0.0,0,0.0
206,0.3062,2150.0,0.0,0,0.0
207,0.3062,2600.0,0.0,0,0.0
208,0.3266,550.0,0.0,0,0.0
209,0.3266,1150.0,0.0,0,0.0
210,0.3266,1250.0,0.0,0,0.0
211,0.3266,1350.0,6.333333333333333,3,60.333333333333336
212,0.3266,1450.0,4.0,1,16.0
213,0.3266,1550.0,14.0,2,245.0
214,0.3266,1650.0,0.0,0,0.0
215,0.3266,1750.0,12.0,1,144.0
216,0.3266,1850.0,0.0,0,0.0
217,0.3266,1950.0,0.0,0,0.0
218,0.3266,2050.0,0.0,0,0.0
219,0.3266,2150.0,0.0,0,0.0
220,0.3266,2600.0,0.0,0,0.0
221,0.347,550.0,2.0,1,4.0
222,0.347,1150.0,0.0,0,0.0
223,0.347,1250.0,0.0,0,0.0
224,0.347,1350.0,29.0,1,841.0
225,0.347,1450.0,9.5,2,96.5
226,0.347,1550.0,0.0,0,0.0
227,0.347,1650.0,14.0,1,196.0
228,0.347,1750.0,0.0,0,0.0
229,0.347,1850.0,0.0,0,0.0
230,0.347,1950.0,0.0,0,0.0
231,0.347,2050.0,0.0,0,0.0
232,0.347,2150.0,0.0,0,0.0
233,0.347,2600.0,0.0,0,0.0
234,0.36740000000000006,550.0,5.5,2,42.5
235,0.36740000000000006,1150.0,0.0,0,0.0
236,0.36740000000000006,1250.0,0.0,0,0.0
237,0.36740000000000006,1350.0,0.0,0,0.0
238,0.36740000000000006,1450.0,0.0,0,0.0
239,0.36740000000000006,1550.0,0.0,0,0.0
240,0.36740000000000006,1650.0,0.0,0,0.0
241,0.36740000000000006,1750.0,0.0,0,0.0
242,0.36740000000000006,1850.0,2.0,1,4.0
243,0.36740000000000006,1950.0,0.0,0,0.0
244,0.36740000000000006,2050.0,0.0,0,0.0
245,0.36740000000000006,2150.0,0.0,0,0.0
246,0.36740000000000006,2600.0,0.0,0,0.0
247,0.38780000000000003,550.0,0.0,0,0.0
248,0.38780000000000003,1150.0,0.0,0,0.0
249,0.38780000000000003,1250.0,0.0,0,0.0
250,0.38780000000000003,1350.0,0.0,0,0.0
251,0.38780000000000003,1450.0,0.0,0,0.0
252,0.38780000000000003,1550.0,8.0,1,64.0
253,0.38780000000000003,1650.0,0.0,0,0.0
254,0.38780000000000003,1750.0,32.0,1,1024.0
255,0.38780000000000003,1850.0,0.0,0,0.0
256,0.38780000000000003,1950.0,0.0,0,0.0
257,0.38780000000000003,2050.0,0.0,0,0.0
258,0.38780000000000003,2150.0,0.0,0,0.0
259,0.38780000000000003,2600.0,0.0,0,0.0
260,0.4082,550.0,0.0,0,0.0
261,0.4082,1150.0,0.0,0,0.0
262,0.4082,1250.0,0.0,0,0.0
263,0.4082,1350.0,0.0,0,0.0
264,0.4082,1450.0,13.0,1,169.0
265,0.4082,1550.0,0.0,0,0.0
266,0.4082,1650.0,9.0,1,81.0
267,0.4082,1750.0,0.0,0,0.0
268,0.4082,1850.0,0.0,0,0.0
269,0.4082,1950.0,0.0,0,0.0
270,0.4082,2050.0,0.0,0,0.0
271,0.4082,2150.0,0.0,0,0.0
272,0.4082,2600.0,0.0,0,0.0
273,0.4286,550.0,0.0,0,0.0
274,0.4286,1150.0,0.0,0,0.0
275,0.4286,1250.0,0.0,0,0.0
276,0.4286,1350.0,0.0,0,0.0
277,0.4286,1450.0,15.0,1,225.0
278,0.4286,1550.0,0.0,0,0.0
279,0.4286,1650.0,0.0,0,0.0
280,0.4286,1750.0,16.0,1,256.0
281,0.4286,1850.0,0.0,0,0.0
282,0.4286,1950.0,0.0,0,0.0
283,0.4286,2050.0,0.0,0,0.0
284,0.4286,2150.0,0.0,0,0.0
285,0.4286,2600.0,0.0,0,0.0
286,0.44900000000000007,550.0,0.0,0,0.0
287,0.44900000000000007,1150.0,0.0,0,0.0
288,0.44900000000000007,1250.0,0.0,0,0.0
289,0.44900000000000007,1350.0,0.0,0,0.0
290,0.44900000000000007,1450.0,0.0,0,0.0
291,0.44900000000000007,1550.0,0.0,0,0.0
292,0.44900000000000007,1650.0,0.0,0,0.0
293,0.44900000000000007,1750.0,3.0,1,9.0
294,0.44900000000000007,1850.0,0.0,0,0.0
295,0.44900000000000007,1950.0,0.0,0,0.0
296,0.44900000000000007,2050.0,0.0,0,0.0
297,0.44900000000000007,2150.0,0.0,0,0.0
298,0.44900000000000007,2600.0,0.0,0,0.0
299,0.46940000000000004,550.0,0.0,0,0.0
300,0.46940000000000004,1150.0,0.0,0,0.0
301,0.46940000000000004,1250.0,0.0,0,0.0
302,0.46940000000000004,1350.0,0.0,0,0.0
303,0.46940000000000004,1450.0,12.0,1,144.0
304,0.46940000000000004,1550.0,10.0,1,100.0
305,0.46940000000000004,1650.0,0.0,0,0.0
306,0.46940000000000004,1750.0,0.0,0,0.0
307,0.46940000000000004,1850.0,17.0,1,289.0
308,0.46940000000000004,1950.0,0.0,0,0.0
309,0.46940000000000004,2050.0,0.0,0,0.0
310,0.46940000000000004,2150.0,0.0,0,0.0
311,0.46940000000000004,2600.0,0.0,0,0.0
312,0.4898,550.0,0.0,0,0.0
313,0.4898,1150.0,0.0,0,0.0
314,0.4898,1250.0,0.0,0,0.0
315,0.4898,1350.0,5.0,1,25.0
316,0.4898,1450.0,0.0,0,0.0
317,0.4898,1550.0,0.0,0,0.0
318,0.4898,1650.0,5.0,2,29.0
319,0.4898,1750.0,0.0,0,0.0
320,0.4898,1850.0,0.0,0,0.0
321,0.4898,1950.0,0.0,0,0.0
322,0.4898,2050.0,0.0,0,0.0
323,0.4898,2150.0,0.0,0,0.0
324,0.4898,2600.0,0.0,0,0.0
325,0.75,550.0,0.0,0,0.0
326,0.75,1150.0,0.0,0,0.0
327,0.75,1250.0,0.0,0,0.0
328,0.75,1350.0,1.0,1,1.0
329,0.75,1450.0,0.0,0,0.0
330,0.75,1550.0,10.0,2,101.0
331,0.75,1650.0,0.0,0,0.0
332,0.75,1750.0,0.0,0,0.0
333,0.75,1850.0,0.0,0,0.0
334,0.75,1950.0,0.0,0,0.0
335,0.75,2050.0,0.0,0,0.0
336,0.75,2150.0,0.0,0,0.0
337,0.75,2600.0,0.0,0,0.0
