,voc_bin,elo_bin,rtmean,rtcount,rt_squaredmean
0,0.00020000000000000052,550.0,10.33448573898012,3471,265.2696629213483
1,0.00020000000000000052,1150.0,9.796886314265027,2762,271.14590876176686
2,0.00020000000000000052,1250.0,9.667576791808873,2930,234.9051194539249
3,0.00020000000000000052,1350.0,9.931597633136096,4225,266.17585798816566
4,0.00020000000000000052,1450.0,9.215823856762643,4133,217.46116622308256
5,0.00020000000000000052,1550.0,9.042744656917888,3556,241.31552305961756
6,0.00020000000000000052,1650.0,8.713256113256113,3885,248.19330759330762
7,0.00020000000000000052,1750.0,7.965692007797272,2565,171.4245614035088
8,0.00020000000000000052,1850.0,8.005754212905877,2433,193.88409371146736
9,0.00020000000000000052,1950.0,8.379653906659673,1907,246.90403775563712
10,0.00020000000000000052,2050.0,8.110861423220973,1335,205.14906367041192
11,0.00020000000000000052,2150.0,8.454545454545453,429,196.05361305361305
12,0.00020000000000000052,2600.0,9.222222222222223,351,261.13105413105416
13,0.0206,550.0,12.793510324483778,678,416.2566371681416
14,0.0206,1150.0,11.094474153297684,561,250.49910873440285
15,0.0206,1250.0,10.510851419031718,599,228.50751252086812
16,0.0206,1350.0,10.752222222222223,900,275.21222222222224
17,0.0206,1450.0,11.402094240837696,955,299.87120418848167
18,0.0206,1550.0,11.094763092269325,802,276.2394014962594
19,0.0206,1650.0,10.74090909090909,880,266.3840909090909
20,0.0206,1750.0,10.100660066006599,606,252.6584158415842
21,0.0206,1850.0,9.905861456483127,563,270.8898756660746
22,0.0206,1950.0,11.627232142857146,448,393.1584821428571
23,0.0206,2050.0,11.801223241590215,327,392.46177370030586
24,0.0206,2150.0,12.16326530612245,98,335.6938775510203
25,0.0206,2600.0,11.333333333333334,69,333.33333333333326
26,0.041,550.0,11.622418879056047,339,228.03539823008853
27,0.041,1150.0,12.966565349544071,329,332.58966565349533
28,0.041,1250.0,12.765432098765434,324,502.33950617283955
29,0.041,1350.0,12.165009940357853,503,344.29622266401594
30,0.041,1450.0,12.486542443064184,483,333.4099378881987
31,0.041,1550.0,11.381278538812786,438,365.2808219178082
32,0.041,1650.0,11.997844827586206,464,337.1056034482758
33,0.041,1750.0,13.504702194357371,319,435.2664576802508
34,0.041,1850.0,12.061919504643964,323,377.6470588235294
35,0.041,1950.0,12.274590163934423,244,460.6434426229508
36,0.041,2050.0,11.771241830065359,153,317.8496732026144
37,0.041,2150.0,10.296296296296296,54,182.07407407407408
38,0.041,2600.0,11.11111111111111,36,222.5
39,0.06140000000000001,550.0,12.557788944723622,199,287.4321608040201
40,0.06140000000000001,1150.0,10.808988764044944,178,231.50561797752803
41,0.06140000000000001,1250.0,14.513812154696135,181,459.83977900552486
42,0.06140000000000001,1350.0,15.460076045627378,263,586.1749049429659
43,0.06140000000000001,1450.0,14.086805555555555,288,424.14930555555554
44,0.06140000000000001,1550.0,11.917391304347827,230,295.2739130434783
45,0.06140000000000001,1650.0,13.558052434456927,267,407.1460674157303
46,0.06140000000000001,1750.0,11.502994011976048,167,501.17964071856284
47,0.06140000000000001,1850.0,12.082051282051284,195,421.6615384615385
48,0.06140000000000001,1950.0,9.814814814814815,135,238.7925925925926
49,0.06140000000000001,2050.0,15.112359550561798,89,442.9775280898876
50,0.06140000000000001,2150.0,15.642857142857146,28,511.7142857142858
51,0.06140000000000001,2600.0,18.95,20,1528.45
52,0.08180000000000001,550.0,12.590909090909092,132,377.3181818181818
53,0.08180000000000001,1150.0,13.578947368421055,95,328.9473684210526
54,0.08180000000000001,1250.0,13.585365853658539,123,447.63414634146346
55,0.08180000000000001,1350.0,13.68478260869565,184,401.9891304347826
56,0.08180000000000001,1450.0,13.425414364640883,181,463.32596685082865
57,0.08180000000000001,1550.0,13.584000000000001,125,327.52000000000004
58,0.08180000000000001,1650.0,13.18125,160,379.44375
59,0.08180000000000001,1750.0,10.346534653465348,101,195.23762376237622
60,0.08180000000000001,1850.0,14.094339622641511,106,445.5471698113207
61,0.08180000000000001,1950.0,14.32558139534884,86,629.2790697674418
62,0.08180000000000001,2050.0,12.983050847457628,59,363.8305084745763
63,0.08180000000000001,2150.0,12.185185185185183,27,351.1481481481481
64,0.08180000000000001,2600.0,20.052631578947366,19,1396.7894736842104
65,0.10220000000000001,550.0,14.835443037974683,79,519.3164556962025
66,0.10220000000000001,1150.0,10.727272727272728,55,240.8727272727273
67,0.10220000000000001,1250.0,15.742424242424244,66,568.5000000000001
68,0.10220000000000001,1350.0,15.545454545454543,88,609.9772727272727
69,0.10220000000000001,1450.0,13.970873786407765,103,336.495145631068
70,0.10220000000000001,1550.0,13.80612244897959,98,393.23469387755097
71,0.10220000000000001,1650.0,14.86138613861386,101,636.128712871287
72,0.10220000000000001,1750.0,12.835820895522385,67,335.49253731343276
73,0.10220000000000001,1850.0,13.592105263157894,76,368.17105263157885
74,0.10220000000000001,1950.0,18.499999999999993,50,1123.1799999999998
75,0.10220000000000001,2050.0,17.966666666666672,30,1017.8333333333333
76,0.10220000000000001,2150.0,17.916666666666664,24,678.4166666666666
77,0.10220000000000001,2600.0,29.66666666666667,18,2401.1111111111113
78,0.12260000000000001,550.0,11.690476190476192,42,217.59523809523807
79,0.12260000000000001,1150.0,12.619047619047619,42,276.76190476190476
80,0.12260000000000001,1250.0,16.533333333333328,60,582.7999999999998
81,0.12260000000000001,1350.0,13.000000000000002,75,318.84000000000003
82,0.12260000000000001,1450.0,14.17808219178082,73,399.0821917808219
83,0.12260000000000001,1550.0,13.576923076923077,52,450.7692307692307
84,0.12260000000000001,1650.0,13.064516129032258,62,338.2258064516129
85,0.12260000000000001,1750.0,11.26984126984127,63,316.6031746031746
86,0.12260000000000001,1850.0,12.793103448275861,58,473.3448275862068
87,0.12260000000000001,1950.0,14.617021276595743,47,466.4468085106383
88,0.12260000000000001,2050.0,11.625000000000002,32,251.93749999999997
89,0.12260000000000001,2150.0,19.857142857142854,14,661.9999999999999
90,0.12260000000000001,2600.0,35.9,10,2597.5
91,0.14300000000000002,550.0,13.068181818181818,44,320.65909090909093
92,0.14300000000000002,1150.0,12.939393939393941,33,235.54545454545453
93,0.14300000000000002,1250.0,12.916666666666666,48,322.87499999999994
94,0.14300000000000002,1350.0,16.290909090909086,55,613.2363636363635
95,0.14300000000000002,1450.0,16.30769230769231,52,502.923076923077
96,0.14300000000000002,1550.0,15.57142857142857,42,411.33333333333326
97,0.14300000000000002,1650.0,19.0,53,696.4716981132077
98,0.14300000000000002,1750.0,11.194444444444443,36,210.80555555555554
99,0.14300000000000002,1850.0,15.171428571428565,35,547.1142857142856
100,0.14300000000000002,1950.0,10.70967741935484,31,411.0322580645161
101,0.14300000000000002,2050.0,13.38888888888889,18,440.0555555555556
102,0.14300000000000002,2150.0,19.83333333333333,6,616.8333333333333
103,0.14300000000000002,2600.0,10.999999999999998,7,207.85714285714283
104,0.1634,550.0,13.857142857142858,28,387.35714285714295
105,0.1634,1150.0,13.799999999999999,20,417.20000000000005
106,0.1634,1250.0,7.631578947368421,19,96.47368421052632
107,0.1634,1350.0,12.499999999999998,32,252.49999999999994
108,0.1634,1450.0,10.322580645161292,31,192.0645161290322
109,0.1634,1550.0,15.594594594594595,37,597.918918918919
110,0.1634,1650.0,14.333333333333334,30,429.6
111,0.1634,1750.0,17.185185185185187,27,593.1851851851851
112,0.1634,1850.0,11.931034482758621,29,286.41379310344826
113,0.1634,1950.0,17.0,25,587.4000000000001
114,0.1634,2050.0,9.125,16,153.5
115,0.1634,2150.0,33.5,2,1584.5
116,0.1634,2600.0,3.333333333333333,3,16.666666666666664
117,0.18380000000000002,550.0,18.23529411764706,17,438.0
118,0.18380000000000002,1150.0,9.888888888888891,18,155.88888888888889
119,0.18380000000000002,1250.0,10.625000000000002,24,160.04166666666666
120,0.18380000000000002,1350.0,16.514285714285716,35,978.5714285714286
121,0.18380000000000002,1450.0,14.666666666666666,30,534.8
122,0.18380000000000002,1550.0,12.703703703703702,27,333.2222222222223
123,0.18380000000000002,1650.0,13.90909090909091,22,301.81818181818187
124,0.18380000000000002,1750.0,20.125,16,933.5000000000001
125,0.18380000000000002,1850.0,11.2,30,243.66666666666669
126,0.18380000000000002,1950.0,13.0,19,296.5789473684211
127,0.18380000000000002,2050.0,17.545454545454547,11,729.5454545454545
128,0.18380000000000002,2150.0,10.8,5,153.2
129,0.18380000000000002,2600.0,7.0,6,80.33333333333333
130,0.2042,550.0,16.681818181818183,22,534.7727272727273
131,0.2042,1150.0,17.333333333333336,15,484.93333333333345
132,0.2042,1250.0,13.045454545454545,22,256.8636363636364
133,0.2042,1350.0,16.631578947368418,19,521.6842105263157
134,0.2042,1450.0,12.88235294117647,34,288.70588235294116
135,0.2042,1550.0,13.200000000000001,20,335.0
136,0.2042,1650.0,20.642857142857142,28,882.142857142857
137,0.2042,1750.0,9.083333333333334,12,132.08333333333331
138,0.2042,1850.0,14.153846153846153,13,308.61538461538464
139,0.2042,1950.0,17.666666666666668,15,823.2666666666668
140,0.2042,2050.0,18.22222222222222,9,591.1111111111111
141,0.2042,2150.0,6.0,2,40.0
142,0.2042,2600.0,14.600000000000001,5,761.4000000000001
143,0.22460000000000002,550.0,20.85,20,730.85
144,0.22460000000000002,1150.0,11.733333333333334,15,237.60000000000005
145,0.22460000000000002,1250.0,17.066666666666666,15,535.0666666666667
146,0.22460000000000002,1350.0,18.919999999999995,25,589.4000000000001
147,0.22460000000000002,1450.0,11.1875,16,353.5624999999999
148,0.22460000000000002,1550.0,10.750000000000002,16,318.25000000000006
149,0.22460000000000002,1650.0,16.909090909090907,11,453.2727272727272
150,0.22460000000000002,1750.0,12.583333333333334,12,299.75000000000006
151,0.22460000000000002,1850.0,15.200000000000001,10,308.79999999999995
152,0.22460000000000002,1950.0,12.133333333333333,15,336.0
153,0.22460000000000002,2050.0,6.999999999999999,3,67.0
154,0.22460000000000002,2150.0,26.75,4,1204.25
155,0.22460000000000002,2600.0,10.0,3,160.66666666666666
156,0.245,550.0,14.749999999999998,12,281.5833333333333
157,0.245,1150.0,11.1875,16,232.93749999999997
158,0.245,1250.0,22.5,6,769.1666666666666
159,0.245,1350.0,16.81818181818182,11,520.4545454545454
160,0.245,1450.0,31.687499999999993,16,8350.187499999998
161,0.245,1550.0,18.384615384615387,13,875.6153846153849
162,0.245,1650.0,15.315789473684209,19,412.68421052631584
163,0.245,1750.0,9.285714285714286,7,120.4285714285714
164,0.245,1850.0,19.6,10,876.2
165,0.245,1950.0,8.272727272727273,11,120.63636363636364
166,0.245,2050.0,33.14285714285714,7,2343.7142857142853
167,0.245,2150.0,7.0,1,49.0
168,0.245,2600.0,17.666666666666668,3,464.99999999999994
169,0.26539999999999997,550.0,17.9,10,456.0999999999999
170,0.26539999999999997,1150.0,9.272727272727273,11,107.27272727272727
171,0.26539999999999997,1250.0,19.916666666666664,12,608.2499999999999
172,0.26539999999999997,1350.0,22.411764705882348,17,1074.2941176470588
173,0.26539999999999997,1450.0,22.941176470588232,17,1146.7058823529412
174,0.26539999999999997,1550.0,10.461538461538463,13,170.00000000000003
175,0.26539999999999997,1650.0,31.41666666666667,12,2364.0833333333335
176,0.26539999999999997,1750.0,6.428571428571428,7,58.428571428571416
177,0.26539999999999997,1850.0,19.000000000000004,6,577.3333333333335
178,0.26539999999999997,1950.0,6.625,8,67.625
179,0.26539999999999997,2050.0,16.0,2,400.0
180,0.26539999999999997,2150.0,0.0,0,0.0
181,0.26539999999999997,2600.0,6.0,1,36.0
182,0.28580000000000005,550.0,16.6,5,483.0
183,0.28580000000000005,1150.0,18.6,5,433.40000000000003
184,0.28580000000000005,1250.0,16.428571428571427,7,399.5714285714285
185,0.28580000000000005,1350.0,18.083333333333332,12,511.08333333333326
186,0.28580000000000005,1450.0,29.555555555555554,9,2171.777777777778
187,0.28580000000000005,1550.0,30.599999999999998,5,1404.1999999999998
188,0.28580000000000005,1650.0,10.866666666666667,15,251.26666666666665
189,0.28580000000000005,1750.0,19.75,4,787.25
190,0.28580000000000005,1850.0,27.888888888888886,9,1566.7777777777778
191,0.28580000000000005,1950.0,14.25,4,232.24999999999997
192,0.28580000000000005,2050.0,11.5,4,217.0
193,0.28580000000000005,2150.0,20.0,2,656.0
194,0.28580000000000005,2600.0,7.5,2,68.5
195,0.3062,550.0,7.333333333333333,3,70.66666666666666
196,0.3062,1150.0,13.666666666666666,3,249.66666666666666
197,0.3062,1250.0,13.300000000000002,10,296.3
198,0.3062,1350.0,16.0,14,698.1428571428571
199,0.3062,1450.0,8.714285714285714,7,83.28571428571428
200,0.3062,1550.0,36.33333333333333,3,2656.333333333333
201,0.3062,1650.0,15.142857142857142,7,447.4285714285714
202,0.3062,1750.0,23.200000000000003,5,916.4
203,0.3062,1850.0,5.714285714285715,7,40.57142857142856
204,0.3062,1950.0,43.2,5,2632.7999999999997
205,0.3062,2050.0,15.0,1,225.0
206,0.3062,2150.0,8.5,2,92.5
207,0.3062,2600.0,6.0,1,36.0
208,0.3266,550.0,24.2,5,1503.8000000000002
209,0.3266,1150.0,19.333333333333332,3,520.6666666666666
210,0.3266,1250.0,8.200000000000001,5,69.4
211,0.3266,1350.0,14.909090909090908,11,324.72727272727275
212,0.3266,1450.0,14.0,3,368.66666666666663
213,0.3266,1550.0,27.571428571428573,7,1301.5714285714287
214,0.3266,1650.0,17.3,10,611.3
215,0.3266,1750.0,14.857142857142856,7,475.42857142857144
216,0.3266,1850.0,26.166666666666664,6,987.5
217,0.3266,1950.0,9.600000000000001,5,154.0
218,0.3266,2050.0,12.0,2,145.0
219,0.3266,2150.0,26.0,1,676.0
220,0.3266,2600.0,24.0,1,576.0
221,0.347,550.0,5.4,5,57.79999999999999
222,0.347,1150.0,6.0,2,37.0
223,0.347,1250.0,15.5,2,312.5
224,0.347,1350.0,15.666666666666668,6,357.33333333333337
225,0.347,1450.0,10.75,4,226.75
226,0.347,1550.0,21.5,2,734.5
227,0.347,1650.0,15.857142857142858,7,379.2857142857143
228,0.347,1750.0,10.0,2,109.0
229,0.347,1850.0,27.0,3,1061.6666666666665
230,0.347,1950.0,10.8,5,211.60000000000002
231,0.347,2050.0,13.666666666666666,3,436.3333333333333
232,0.347,2150.0,0.0,0,0.0
233,0.347,2600.0,47.0,1,2209.0
234,0.36740000000000006,550.0,33.0,1,1089.0
235,0.36740000000000006,1150.0,18.0,1,324.0
236,0.36740000000000006,1250.0,17.666666666666664,3,348.3333333333333
237,0.36740000000000006,1350.0,16.25,4,371.75
238,0.36740000000000006,1450.0,5.0,3,25.666666666666664
239,0.36740000000000006,1550.0,29.000000000000004,5,1071.8
240,0.36740000000000006,1650.0,26.25,4,1481.25
241,0.36740000000000006,1750.0,14.0,2,245.0
242,0.36740000000000006,1850.0,13.666666666666664,3,358.99999999999994
243,0.36740000000000006,1950.0,25.499999999999996,4,748.4999999999999
244,0.36740000000000006,2050.0,4.666666666666666,3,24.666666666666664
245,0.36740000000000006,2150.0,0.0,0,0.0
246,0.36740000000000006,2600.0,3.0,1,9.0
247,0.38780000000000003,550.0,13.0,1,169.0
248,0.38780000000000003,1150.0,6.0,3,40.66666666666666
249,0.38780000000000003,1250.0,19.0,1,361.0
250,0.38780000000000003,1350.0,0.0,0,0.0
251,0.38780000000000003,1450.0,15.000000000000002,8,385.75
252,0.38780000000000003,1550.0,5.5,2,32.5
253,0.38780000000000003,1650.0,5.666666666666667,3,52.333333333333336
254,0.38780000000000003,1750.0,0.0,0,0.0
255,0.38780000000000003,1850.0,5.5,2,50.5
256,0.38780000000000003,1950.0,6.5,2,54.5
257,0.38780000000000003,2050.0,26.0,4,1741.9999999999998
258,0.38780000000000003,2150.0,0.0,0,0.0
259,0.38780000000000003,2600.0,16.0,1,256.0
260,0.4082,550.0,17.333333333333336,6,472.00000000000006
261,0.4082,1150.0,20.0,2,400.0
262,0.4082,1250.0,19.0,3,675.0
263,0.4082,1350.0,22.666666666666664,3,883.3333333333333
264,0.4082,1450.0,19.5,2,436.5
265,0.4082,1550.0,17.5,2,416.5
266,0.4082,1650.0,6.7142857142857135,7,82.14285714285712
267,0.4082,1750.0,10.0,2,136.0
268,0.4082,1850.0,4.5,2,32.5
269,0.4082,1950.0,43.0,1,1849.0
270,0.4082,2050.0,4.0,2,20.0
271,0.4082,2150.0,0.0,0,0.0
272,0.4082,2600.0,0.0,0,0.0
273,0.4286,550.0,0.0,0,0.0
274,0.4286,1150.0,4.0,1,16.0
275,0.4286,1250.0,18.25,4,415.75
276,0.4286,1350.0,7.5,4,89.49999999999999
277,0.4286,1450.0,1.5,2,2.5
278,0.4286,1550.0,6.0,1,36.0
279,0.4286,1650.0,21.75,4,788.75
280,0.4286,1750.0,10.0,1,100.0
281,0.4286,1850.0,4.0,1,16.0
282,0.4286,1950.0,5.0,1,25.0
283,0.4286,2050.0,14.0,1,196.0
284,0.4286,2150.0,37.0,1,1369.0
285,0.4286,2600.0,35.0,1,1225.0
286,0.44900000000000007,550.0,0.0,0,0.0
287,0.44900000000000007,1150.0,1.0,1,1.0
288,0.44900000000000007,1250.0,16.0,1,256.0
289,0.44900000000000007,1350.0,8.0,1,64.0
290,0.44900000000000007,1450.0,18.2,5,1113.4
291,0.44900000000000007,1550.0,0.0,0,0.0
292,0.44900000000000007,1650.0,0.0,0,0.0
293,0.44900000000000007,1750.0,0.0,0,0.0
294,0.44900000000000007,1850.0,12.333333333333332,3,216.33333333333331
295,0.44900000000000007,1950.0,8.5,2,102.5
296,0.44900000000000007,2050.0,0.0,0,0.0
297,0.44900000000000007,2150.0,0.0,0,0.0
298,0.44900000000000007,2600.0,0.0,0,0.0
299,0.46940000000000004,550.0,4.0,2,20.0
300,0.46940000000000004,1150.0,5.0,2,34.0
301,0.46940000000000004,1250.0,30.333333333333332,3,1434.9999999999998
302,0.46940000000000004,1350.0,14.5,2,342.5
303,0.46940000000000004,1450.0,85.0,2,9434.0
304,0.46940000000000004,1550.0,7.0,1,49.0
305,0.46940000000000004,1650.0,0.0,0,0.0
306,0.46940000000000004,1750.0,0.0,0,0.0
307,0.46940000000000004,1850.0,0.0,0,0.0
308,0.46940000000000004,1950.0,28.0,2,809.0
309,0.46940000000000004,2050.0,0.0,0,0.0
310,0.46940000000000004,2150.0,3.0,1,9.0
311,0.46940000000000004,2600.0,0.0,0,0.0
312,0.4898,550.0,0.0,0,0.0
313,0.4898,1150.0,8.0,3,114.0
314,0.4898,1250.0,21.0,2,697.0
315,0.4898,1350.0,0.0,0,0.0
316,0.4898,1450.0,3.0,2,10.0
317,0.4898,1550.0,10.666666666666666,3,113.99999999999999
318,0.4898,1650.0,0.0,0,0.0
319,0.4898,1750.0,9.5,2,162.5
320,0.4898,1850.0,2.0,1,4.0
321,0.4898,1950.0,79.0,1,6241.0
322,0.4898,2050.0,0.0,0,0.0
323,0.4898,2150.0,0.0,0,0.0
324,0.4898,2600.0,0.0,0,0.0
325,0.75,550.0,17.5,6,424.1666666666667
326,0.75,1150.0,15.57142857142857,7,558.7142857142857
327,0.75,1250.0,11.555555555555554,9,277.55555555555554
328,0.75,1350.0,7.15,20,267.15
329,0.75,1450.0,32.0,4,1416.5
330,0.75,1550.0,7.6000000000000005,5,100.4
331,0.75,1650.0,14.222222222222221,9,338.88888888888886
332,0.75,1750.0,9.625,8,186.62500000000003
333,0.75,1850.0,13.2,5,193.60000000000002
334,0.75,1950.0,26.5,2,942.5
335,0.75,2050.0,20.0,3,564.6666666666666
336,0.75,2150.0,10.0,1,100.0
337,0.75,2600.0,6.0,2,40.0
