,voc_bin,elo_bin,rtmean,rtcount,rt_squaredmean
0,0.00020000000000000052,550.0,1.978867250616549,23518,6.923250276384047
1,0.00020000000000000052,1150.0,1.7501077818495367,18556,5.400247898253934
2,0.00020000000000000052,1250.0,1.6618333249711503,19931,4.754402689278009
3,0.00020000000000000052,1350.0,1.5988851068028216,20271,4.609984707217207
4,0.00020000000000000052,1450.0,1.5303612605687935,22117,4.529863905592983
5,0.00020000000000000052,1550.0,1.4444386963269533,19330,4.046404552509053
6,0.00020000000000000052,1650.0,1.4199083250743314,16144,3.825384043607532
7,0.00020000000000000052,1750.0,1.3851429452107578,12977,3.7960237342991445
8,0.00020000000000000052,1850.0,1.326731707317073,10250,3.5062439024390244
9,0.00020000000000000052,1950.0,1.2485116987401355,7223,3.341547833310259
10,0.00020000000000000052,2050.0,1.2421875,4736,3.041596283783784
11,0.00020000000000000052,2150.0,1.1762402088772845,3064,3.0907310704960835
12,0.00020000000000000052,2600.0,1.0007292173067572,8228,2.499756927564414
13,0.0206,550.0,2.178762886597938,4850,8.180824742268044
14,0.0206,1150.0,1.9318463444857499,4035,6.566294919454769
15,0.0206,1250.0,1.8056671128960287,4482,5.514279339580545
16,0.0206,1350.0,1.7363811151463364,4681,5.356547746208075
17,0.0206,1450.0,1.7009163579645152,5129,5.01735231039189
18,0.0206,1550.0,1.57716935305807,4529,4.3702804151026715
19,0.0206,1650.0,1.5261538461538466,3900,4.218974358974359
20,0.0206,1750.0,1.55296343001261,3172,4.6683480453972255
21,0.0206,1850.0,1.4277777777777774,2520,4.43968253968254
22,0.0206,1950.0,1.4883849557522122,1808,5.209623893805309
23,0.0206,2050.0,1.3480956598759963,1129,3.3728963684676705
24,0.0206,2150.0,1.3599458728010827,739,3.3328822733423555
25,0.0206,2600.0,1.154121863799283,1953,2.9370199692780337
26,0.041,550.0,2.2460146488582504,2321,8.902628177509696
27,0.041,1150.0,2.0433862433862435,1890,7.625396825396825
28,0.041,1250.0,1.9419354838709677,2170,6.289400921658987
29,0.041,1350.0,1.8837516512549537,2271,5.940995156318802
30,0.041,1450.0,1.873458018304815,2513,6.19816951850378
31,0.041,1550.0,1.6728806036395916,2253,5.079005770084331
32,0.041,1650.0,1.7377133988618731,1933,5.209001551991723
33,0.041,1750.0,1.6788461538461539,1560,4.839102564102565
34,0.041,1850.0,1.6871019108280254,1256,5.112261146496815
35,0.041,1950.0,1.5659090909090905,880,4.4340909090909095
36,0.041,2050.0,1.6385737439222043,617,4.688816855753647
37,0.041,2150.0,1.4589235127478755,353,3.7535410764872528
38,0.041,2600.0,1.319402985074627,1005,3.695522388059702
39,0.06140000000000001,550.0,2.4215436810856654,1179,10.277353689567429
40,0.06140000000000001,1150.0,2.2276595744680856,940,7.991489361702128
41,0.06140000000000001,1250.0,2.033210332103321,1084,7.075645756457564
42,0.06140000000000001,1350.0,2.017781541066893,1181,6.571549534292973
43,0.06140000000000001,1450.0,1.8905750798722045,1252,6.042332268370608
44,0.06140000000000001,1550.0,1.7687713310580204,1172,5.174914675767918
45,0.06140000000000001,1650.0,1.8571428571428574,987,6.837892603850051
46,0.06140000000000001,1750.0,1.7528604118993134,874,5.276887871853547
47,0.06140000000000001,1850.0,1.7923728813559325,708,5.792372881355933
48,0.06140000000000001,1950.0,1.6434108527131783,516,4.655038759689923
49,0.06140000000000001,2050.0,1.653631284916201,358,4.765363128491619
50,0.06140000000000001,2150.0,1.5721153846153846,208,4.139423076923078
51,0.06140000000000001,2600.0,1.5779816513761467,545,4.811009174311927
52,0.08180000000000001,550.0,2.4404388714733547,638,11.622257053291536
53,0.08180000000000001,1150.0,2.325955734406439,497,10.281690140845072
54,0.08180000000000001,1250.0,2.0625,576,7.079861111111112
55,0.08180000000000001,1350.0,2.063063063063063,666,7.6456456456456445
56,0.08180000000000001,1450.0,1.9891008174386917,734,6.7356948228882825
57,0.08180000000000001,1550.0,1.8132956152758133,707,5.711456859971712
58,0.08180000000000001,1650.0,1.9223985890652557,567,6.6455026455026465
59,0.08180000000000001,1750.0,1.8365180467091293,471,6.2399150743099785
60,0.08180000000000001,1850.0,1.7410071942446042,417,5.84652278177458
61,0.08180000000000001,1950.0,1.901360544217687,294,7.04421768707483
62,0.08180000000000001,2050.0,1.875536480686695,233,6.141630901287553
63,0.08180000000000001,2150.0,1.546875,128,4.281250000000001
64,0.08180000000000001,2600.0,1.4568965517241377,348,4.112068965517242
65,0.10220000000000001,550.0,2.3607427055702916,377,9.681697612732094
66,0.10220000000000001,1150.0,2.473846153846153,325,10.067692307692306
67,0.10220000000000001,1250.0,2.1563342318059298,371,10.716981132075475
68,0.10220000000000001,1350.0,1.8759124087591244,411,5.9586374695863755
69,0.10220000000000001,1450.0,2.014799154334038,473,7.414376321353066
70,0.10220000000000001,1550.0,1.7783251231527095,406,5.0738916256157625
71,0.10220000000000001,1650.0,1.8915989159891597,369,5.691056910569106
72,0.10220000000000001,1750.0,1.778501628664495,307,4.9967426710097715
73,0.10220000000000001,1850.0,1.890243902439024,246,6.418699186991869
74,0.10220000000000001,1950.0,1.857142857142857,189,5.962962962962962
75,0.10220000000000001,2050.0,1.5793650793650793,126,4.134920634920636
76,0.10220000000000001,2150.0,1.7799999999999996,100,5.76
77,0.10220000000000001,2600.0,1.6103286384976527,213,7.300469483568074
78,0.12260000000000001,550.0,2.3949579831932772,238,9.445378151260503
79,0.12260000000000001,1150.0,2.296296296296296,216,8.925925925925924
80,0.12260000000000001,1250.0,2.047008547008547,234,6.705128205128204
81,0.12260000000000001,1350.0,2.0819672131147535,244,6.696721311475411
82,0.12260000000000001,1450.0,2.0495356037151704,323,6.340557275541796
83,0.12260000000000001,1550.0,1.7949640287769786,278,5.053956834532373
84,0.12260000000000001,1650.0,1.9377777777777778,225,5.688888888888889
85,0.12260000000000001,1750.0,1.8061224489795915,196,5.357142857142857
86,0.12260000000000001,1850.0,2.12707182320442,181,9.784530386740334
87,0.12260000000000001,1950.0,1.8487394957983194,119,6.11764705882353
88,0.12260000000000001,2050.0,1.6555555555555554,90,4.5666666666666655
89,0.12260000000000001,2150.0,1.7142857142857142,49,5.224489795918366
90,0.12260000000000001,2600.0,1.4850299401197606,167,3.8802395209580833
91,0.14300000000000002,550.0,2.539772727272727,176,10.232954545454545
92,0.14300000000000002,1150.0,2.3305084745762707,118,9.127118644067796
93,0.14300000000000002,1250.0,2.1184210526315788,152,9.75
94,0.14300000000000002,1350.0,2.1151515151515152,165,7.024242424242424
95,0.14300000000000002,1450.0,2.12,200,8.03
96,0.14300000000000002,1550.0,2.026315789473684,190,8.026315789473685
97,0.14300000000000002,1650.0,2.0592105263157894,152,6.8881578947368425
98,0.14300000000000002,1750.0,2.046875,128,8.390625
99,0.14300000000000002,1850.0,1.9805825242718442,103,6.504854368932038
100,0.14300000000000002,1950.0,1.8205128205128205,78,5.0769230769230775
101,0.14300000000000002,2050.0,1.7333333333333332,60,4.333333333333334
102,0.14300000000000002,2150.0,1.7500000000000002,48,5.625000000000002
103,0.14300000000000002,2600.0,1.4959349593495936,123,4.227642276422764
104,0.1634,550.0,2.653543307086614,127,11.472440944881889
105,0.1634,1150.0,2.400000000000001,95,8.294736842105264
106,0.1634,1250.0,2.0888888888888886,90,6.822222222222221
107,0.1634,1350.0,2.1417910447761197,134,8.425373134328359
108,0.1634,1450.0,2.0,149,6.281879194630872
109,0.1634,1550.0,2.0451612903225804,155,6.264516129032258
110,0.1634,1650.0,2.3359375,128,8.6328125
111,0.1634,1750.0,2.177570093457944,107,10.121495327102803
112,0.1634,1850.0,2.2183908045977017,87,11.390804597701152
113,0.1634,1950.0,1.8857142857142857,70,6.371428571428571
114,0.1634,2050.0,2.725490196078432,51,15.470588235294118
115,0.1634,2150.0,2.0571428571428565,35,7.1428571428571415
116,0.1634,2600.0,1.2000000000000002,70,2.7714285714285705
117,0.18380000000000002,550.0,2.791208791208791,91,11.912087912087909
118,0.18380000000000002,1150.0,2.2203389830508478,59,7.576271186440678
119,0.18380000000000002,1250.0,2.1071428571428577,84,7.416666666666667
120,0.18380000000000002,1350.0,1.9680851063829787,94,6.010638297872339
121,0.18380000000000002,1450.0,1.9918699186991873,123,6.333333333333333
122,0.18380000000000002,1550.0,2.0370370370370368,108,6.499999999999998
123,0.18380000000000002,1650.0,2.057142857142857,70,7.542857142857143
124,0.18380000000000002,1750.0,2.268041237113403,97,7.958762886597937
125,0.18380000000000002,1850.0,2.2982456140350878,57,8.333333333333334
126,0.18380000000000002,1950.0,1.792452830188679,53,4.622641509433962
127,0.18380000000000002,2050.0,2.2439024390243905,41,10.146341463414634
128,0.18380000000000002,2150.0,1.9666666666666666,30,5.566666666666666
129,0.18380000000000002,2600.0,1.4639175257731956,97,3.7319587628865976
130,0.2042,550.0,2.608695652173914,69,10.956521739130434
131,0.2042,1150.0,2.5200000000000005,50,13.679999999999998
132,0.2042,1250.0,2.132075471698114,53,7.716981132075471
133,0.2042,1350.0,2.315068493150685,73,8.068493150684931
134,0.2042,1450.0,2.259259259259259,81,9.666666666666666
135,0.2042,1550.0,1.846938775510204,98,4.846938775510203
136,0.2042,1650.0,2.203124999999999,64,7.015625
137,0.2042,1750.0,2.177419354838709,62,7.854838709677417
138,0.2042,1850.0,2.3076923076923075,52,8.846153846153847
139,0.2042,1950.0,2.090909090909091,33,6.1515151515151505
140,0.2042,2050.0,1.8529411764705883,34,4.617647058823529
141,0.2042,2150.0,1.7222222222222223,18,5.944444444444445
142,0.2042,2600.0,1.8545454545454543,55,7.09090909090909
143,0.22460000000000002,550.0,2.7,50,9.340000000000002
144,0.22460000000000002,1150.0,2.365853658536585,41,9.146341463414632
145,0.22460000000000002,1250.0,2.3492063492063493,63,9.396825396825397
146,0.22460000000000002,1350.0,2.0408163265306123,49,7.020408163265307
147,0.22460000000000002,1450.0,2.2297297297297294,74,9.635135135135133
148,0.22460000000000002,1550.0,2.3157894736842115,57,8.912280701754383
149,0.22460000000000002,1650.0,2.056603773584906,53,6.471698113207547
150,0.22460000000000002,1750.0,2.377358490566038,53,12.792452830188676
151,0.22460000000000002,1850.0,1.7708333333333335,48,5.020833333333334
152,0.22460000000000002,1950.0,2.333333333333333,30,9.466666666666665
153,0.22460000000000002,2050.0,2.290322580645161,31,8.096774193548388
154,0.22460000000000002,2150.0,3.1875,16,26.3125
155,0.22460000000000002,2600.0,1.8928571428571428,56,7.5
156,0.245,550.0,3.0277777777777777,36,13.638888888888891
157,0.245,1150.0,2.5714285714285716,35,10.228571428571426
158,0.245,1250.0,2.5500000000000007,40,9.549999999999999
159,0.245,1350.0,2.3571428571428568,56,8.750000000000002
160,0.245,1450.0,2.2181818181818183,55,8.872727272727275
161,0.245,1550.0,2.298245614035088,57,7.947368421052633
162,0.245,1650.0,2.4705882352941178,34,7.823529411764705
163,0.245,1750.0,2.297872340425532,47,10.765957446808509
164,0.245,1850.0,2.4166666666666665,36,11.75
165,0.245,1950.0,2.096774193548387,31,7.516129032258065
166,0.245,2050.0,1.588235294117647,17,5.823529411764706
167,0.245,2150.0,2.0,19,6.31578947368421
168,0.245,2600.0,1.6666666666666665,42,5.714285714285714
169,0.26539999999999997,550.0,2.575,40,11.774999999999999
170,0.26539999999999997,1150.0,2.31578947368421,19,11.157894736842104
171,0.26539999999999997,1250.0,2.3749999999999996,32,7.812499999999999
172,0.26539999999999997,1350.0,2.4545454545454546,44,11.727272727272727
173,0.26539999999999997,1450.0,2.4772727272727275,44,8.15909090909091
174,0.26539999999999997,1550.0,2.6222222222222227,45,10.355555555555556
175,0.26539999999999997,1650.0,2.18421052631579,38,12.131578947368423
176,0.26539999999999997,1750.0,2.5454545454545454,44,29.954545454545453
177,0.26539999999999997,1850.0,2.0,25,6.0
178,0.26539999999999997,1950.0,2.238095238095238,21,11.761904761904763
179,0.26539999999999997,2050.0,1.4615384615384617,13,3.153846153846154
180,0.26539999999999997,2150.0,2.0,11,6.363636363636364
181,0.26539999999999997,2600.0,1.5869565217391304,46,3.9347826086956523
182,0.28580000000000005,550.0,2.225806451612903,31,7.193548387096773
183,0.28580000000000005,1150.0,2.227272727272727,22,7.59090909090909
184,0.28580000000000005,1250.0,2.766666666666667,30,10.900000000000002
185,0.28580000000000005,1350.0,2.3000000000000003,30,7.633333333333334
186,0.28580000000000005,1450.0,2.1935483870967745,31,8.06451612903226
187,0.28580000000000005,1550.0,2.3170731707317076,41,9.878048780487804
188,0.28580000000000005,1650.0,1.75,24,9.25
189,0.28580000000000005,1750.0,1.764705882352941,34,4.470588235294118
190,0.28580000000000005,1850.0,1.4166666666666663,24,3.416666666666666
191,0.28580000000000005,1950.0,2.8,25,14.64
192,0.28580000000000005,2050.0,2.2352941176470584,17,10.470588235294118
193,0.28580000000000005,2150.0,2.2222222222222223,9,6.222222222222222
194,0.28580000000000005,2600.0,1.7037037037037037,27,4.8888888888888875
195,0.3062,550.0,1.9411764705882348,17,4.64705882352941
196,0.3062,1150.0,2.8499999999999996,20,15.149999999999999
197,0.3062,1250.0,2.5555555555555562,18,10.333333333333332
198,0.3062,1350.0,2.6086956521739126,23,13.913043478260871
199,0.3062,1450.0,2.034482758620689,29,6.379310344827587
200,0.3062,1550.0,2.424242424242424,33,16.96969696969697
201,0.3062,1650.0,1.68,25,3.2799999999999994
202,0.3062,1750.0,3.1249999999999996,24,19.54166666666666
203,0.3062,1850.0,2.0476190476190474,21,6.428571428571429
204,0.3062,1950.0,3.083333333333334,12,16.25
205,0.3062,2050.0,2.875,8,15.875
206,0.3062,2150.0,2.333333333333334,9,10.333333333333334
207,0.3062,2600.0,1.7083333333333333,24,4.958333333333332
208,0.3266,550.0,3.7222222222222223,18,26.833333333333332
209,0.3266,1150.0,1.916666666666667,12,4.250000000000001
210,0.3266,1250.0,2.5217391304347827,23,10.60869565217391
211,0.3266,1350.0,2.523809523809524,21,9.095238095238095
212,0.3266,1450.0,1.5,30,3.9666666666666663
213,0.3266,1550.0,1.75,24,4.750000000000001
214,0.3266,1650.0,2.8461538461538463,13,17.76923076923077
215,0.3266,1750.0,1.9047619047619047,21,5.809523809523808
216,0.3266,1850.0,1.1,10,2.5000000000000004
217,0.3266,1950.0,2.058823529411765,17,6.411764705882353
218,0.3266,2050.0,1.1,10,1.9000000000000001
219,0.3266,2150.0,2.3333333333333335,9,13.222222222222221
220,0.3266,2600.0,1.8823529411764706,17,5.88235294117647
221,0.347,550.0,2.5384615384615388,13,10.23076923076923
222,0.347,1150.0,3.0,7,11.0
223,0.347,1250.0,2.0666666666666664,15,5.8
224,0.347,1350.0,3.090909090909091,11,20.36363636363636
225,0.347,1450.0,1.4375000000000002,16,3.0625
226,0.347,1550.0,2.124999999999999,24,6.291666666666664
227,0.347,1650.0,1.6153846153846156,13,4.692307692307693
228,0.347,1750.0,2.000000000000001,15,5.733333333333333
229,0.347,1850.0,2.25,8,7.750000000000001
230,0.347,1950.0,1.3636363636363633,11,2.454545454545454
231,0.347,2050.0,1.6666666666666665,9,5.666666666666666
232,0.347,2150.0,3.2,5,20.0
233,0.347,2600.0,1.0833333333333335,12,1.916666666666667
234,0.36740000000000006,550.0,2.5833333333333335,12,7.75
235,0.36740000000000006,1150.0,4.666666666666668,6,58.00000000000001
236,0.36740000000000006,1250.0,1.5555555555555554,9,2.888888888888889
237,0.36740000000000006,1350.0,2.714285714285714,7,14.14285714285714
238,0.36740000000000006,1450.0,1.6250000000000002,16,3.375
239,0.36740000000000006,1550.0,2.2727272727272725,11,7.727272727272727
240,0.36740000000000006,1650.0,1.2,5,1.9999999999999998
241,0.36740000000000006,1750.0,2.2857142857142856,7,9.142857142857142
242,0.36740000000000006,1850.0,1.5,4,3.0
243,0.36740000000000006,1950.0,2.2,5,9.0
244,0.36740000000000006,2050.0,1.6666666666666665,9,3.444444444444444
245,0.36740000000000006,2150.0,2.0,1,4.0
246,0.36740000000000006,2600.0,2.1666666666666665,6,6.499999999999999
247,0.38780000000000003,550.0,1.4444444444444444,9,4.111111111111111
248,0.38780000000000003,1150.0,2.571428571428571,7,8.857142857142856
249,0.38780000000000003,1250.0,4.25,4,24.75
250,0.38780000000000003,1350.0,2.571428571428571,14,9.0
251,0.38780000000000003,1450.0,2.8333333333333335,6,12.166666666666668
252,0.38780000000000003,1550.0,2.8000000000000003,15,17.6
253,0.38780000000000003,1650.0,1.8333333333333333,12,4.833333333333332
254,0.38780000000000003,1750.0,1.8333333333333335,6,3.8333333333333335
255,0.38780000000000003,1850.0,2.6000000000000005,5,10.2
256,0.38780000000000003,1950.0,2.5,2,6.5
257,0.38780000000000003,2050.0,0.5,4,0.5
258,0.38780000000000003,2150.0,1.0,1,1.0
259,0.38780000000000003,2600.0,1.6666666666666665,9,3.888888888888889
260,0.4082,550.0,5.25,4,55.25
261,0.4082,1150.0,2.125,8,5.875000000000001
262,0.4082,1250.0,1.125,8,2.8749999999999996
263,0.4082,1350.0,1.8000000000000003,5,5.0
264,0.4082,1450.0,2.153846153846154,13,7.384615384615385
265,0.4082,1550.0,2.8000000000000003,5,12.399999999999999
266,0.4082,1650.0,1.2857142857142856,7,3.2857142857142856
267,0.4082,1750.0,5.333333333333333,3,58.0
268,0.4082,1850.0,2.0,7,6.285714285714285
269,0.4082,1950.0,3.1666666666666665,6,14.499999999999998
270,0.4082,2050.0,3.0,1,9.0
271,0.4082,2150.0,3.0,2,10.0
272,0.4082,2600.0,1.4,5,2.5999999999999996
273,0.4286,550.0,2.25,8,7.5
274,0.4286,1150.0,0.0,0,0.0
275,0.4286,1250.0,3.4000000000000004,5,18.200000000000003
276,0.4286,1350.0,3.333333333333333,3,14.666666666666666
277,0.4286,1450.0,3.7999999999999994,5,25.39999999999999
278,0.4286,1550.0,1.7777777777777777,9,5.333333333333333
279,0.4286,1650.0,2.333333333333333,3,9.666666666666666
280,0.4286,1750.0,1.75,4,4.75
281,0.4286,1850.0,1.8000000000000003,5,3.8
282,0.4286,1950.0,2.1666666666666665,6,5.5
283,0.4286,2050.0,1.0,4,1.5
284,0.4286,2150.0,0.0,0,0.0
285,0.4286,2600.0,1.4999999999999998,6,4.499999999999999
286,0.44900000000000007,550.0,1.5,2,2.5
287,0.44900000000000007,1150.0,4.666666666666666,3,28.666666666666664
288,0.44900000000000007,1250.0,2.6666666666666665,3,7.999999999999999
289,0.44900000000000007,1350.0,1.3333333333333333,3,2.0
290,0.44900000000000007,1450.0,5.25,4,46.25
291,0.44900000000000007,1550.0,1.3333333333333333,3,3.3333333333333335
292,0.44900000000000007,1650.0,1.6666666666666665,3,3.0
293,0.44900000000000007,1750.0,1.0,1,1.0
294,0.44900000000000007,1850.0,0.0,1,0.0
295,0.44900000000000007,1950.0,3.0,1,9.0
296,0.44900000000000007,2050.0,2.25,4,7.249999999999999
297,0.44900000000000007,2150.0,0.0,0,0.0
298,0.44900000000000007,2600.0,3.0,4,17.5
299,0.46940000000000004,550.0,3.0,3,9.666666666666666
300,0.46940000000000004,1150.0,2.0,1,4.0
301,0.46940000000000004,1250.0,2.333333333333334,6,8.0
302,0.46940000000000004,1350.0,2.666666666666667,6,11.000000000000002
303,0.46940000000000004,1450.0,2.2,5,6.6000000000000005
304,0.46940000000000004,1550.0,3.2857142857142856,7,15.857142857142856
305,0.46940000000000004,1650.0,1.5,2,2.5
306,0.46940000000000004,1750.0,1.0,2,1.0
307,0.46940000000000004,1850.0,2.0,1,4.0
308,0.46940000000000004,1950.0,2.0,3,4.0
309,0.46940000000000004,2050.0,2.333333333333333,3,6.999999999999999
310,0.46940000000000004,2150.0,0.0,0,0.0
311,0.46940000000000004,2600.0,1.5,6,3.166666666666667
312,0.4898,550.0,1.6666666666666665,3,4.333333333333333
313,0.4898,1150.0,2.5,6,7.833333333333331
314,0.4898,1250.0,2.0,1,4.0
315,0.4898,1350.0,3.5,4,14.5
316,0.4898,1450.0,3.0,2,13.0
317,0.4898,1550.0,2.75,4,8.75
318,0.4898,1650.0,2.5,2,8.5
319,0.4898,1750.0,1.0,1,1.0
320,0.4898,1850.0,3.0,2,9.0
321,0.4898,1950.0,3.5,2,12.5
322,0.4898,2050.0,1.0,3,1.0
323,0.4898,2150.0,0.0,0,0.0
324,0.4898,2600.0,4.333333333333333,3,48.333333333333336
325,0.75,550.0,4.300000000000001,10,26.900000000000002
326,0.75,1150.0,2.4705882352941173,17,9.411764705882355
327,0.75,1250.0,2.6666666666666665,12,18.333333333333332
328,0.75,1350.0,1.75,8,3.9999999999999996
329,0.75,1450.0,2.5000000000000004,18,11.611111111111114
330,0.75,1550.0,1.5625,16,2.6875
331,0.75,1650.0,1.7619047619047616,21,4.904761904761905
332,0.75,1750.0,1.6666666666666667,6,5.666666666666667
333,0.75,1850.0,1.7857142857142863,14,5.357142857142858
334,0.75,1950.0,1.333333333333333,12,2.8333333333333335
335,0.75,2050.0,2.2,10,10.8
336,0.75,2150.0,3.5714285714285716,7,18.42857142857143
337,0.75,2600.0,1.6956521739130432,23,5.782608695652175
