,voc_bin,elo_bin,rtmean,rtcount,rt_squaredmean
0,0.00020000000000000052,550.0,2.0342237061769617,3594,7.178909293266555
1,0.00020000000000000052,1150.0,1.7657004830917875,2484,5.729468599033816
2,0.00020000000000000052,1250.0,1.7134789156626502,2656,5.079442771084336
3,0.00020000000000000052,1350.0,1.6173083251069424,3039,4.936163211582758
4,0.00020000000000000052,1450.0,1.5095204513399154,2836,4.015867418899858
5,0.00020000000000000052,1550.0,1.4992012779552717,2504,3.865814696485623
6,0.00020000000000000052,1650.0,1.4042452830188676,2120,3.7419811320754715
7,0.00020000000000000052,1750.0,1.4323511725796751,1663,4.898376428141911
8,0.00020000000000000052,1850.0,1.3798397863818426,1498,3.892523364485981
9,0.00020000000000000052,1950.0,1.341252699784017,926,3.090712742980562
10,0.00020000000000000052,2050.0,1.2334494773519165,861,3.995354239256679
11,0.00020000000000000052,2150.0,1.2004773269689737,419,2.828162291169451
12,0.00020000000000000052,2600.0,1.0596685082872925,905,2.6066298342541434
13,0.0206,550.0,2.2913816689466486,731,8.452804377564979
14,0.0206,1150.0,1.8139931740614337,586,5.3941979522184305
15,0.0206,1250.0,1.8425324675324675,616,5.560064935064934
16,0.0206,1350.0,1.8056994818652852,772,6.095854922279795
17,0.0206,1450.0,1.6614060258249639,697,4.96987087517934
18,0.0206,1550.0,1.5596638655462187,595,4.484033613445379
19,0.0206,1650.0,1.6318785578747623,527,4.759013282732448
20,0.0206,1750.0,1.5338753387533877,369,3.8536585365853657
21,0.0206,1850.0,1.4835164835164836,364,4.131868131868132
22,0.0206,1950.0,1.5590551181102363,254,4.141732283464568
23,0.0206,2050.0,1.4578947368421054,190,4.531578947368422
24,0.0206,2150.0,1.3655913978494623,93,3.322580645161291
25,0.0206,2600.0,1.1541850220264318,227,2.4933920704845813
26,0.041,550.0,2.3527696793002915,343,9.034985422740524
27,0.041,1150.0,1.8548387096774193,248,5.846774193548386
28,0.041,1250.0,2.038194444444445,288,6.920138888888889
29,0.041,1350.0,1.8837920489296633,327,5.712538226299692
30,0.041,1450.0,1.8584070796460175,339,5.7994100294985245
31,0.041,1550.0,1.7180232558139534,344,4.834302325581397
32,0.041,1650.0,2.1032863849765264,213,9.483568075117374
33,0.041,1750.0,1.672043010752688,186,5.059139784946236
34,0.041,1850.0,1.7700534759358286,187,5.042780748663102
35,0.041,1950.0,1.6346153846153848,104,4.653846153846153
36,0.041,2050.0,1.6534653465346538,101,4.762376237623763
37,0.041,2150.0,2.042553191489362,47,7.617021276595745
38,0.041,2600.0,1.4433962264150948,106,3.594339622641509
39,0.06140000000000001,550.0,2.700507614213198,197,11.512690355329948
40,0.06140000000000001,1150.0,2.5283018867924527,106,10.62264150943396
41,0.06140000000000001,1250.0,2.1319444444444446,144,7.590277777777779
42,0.06140000000000001,1350.0,1.9943820224719102,178,7.443820224719099
43,0.06140000000000001,1450.0,1.8238636363636365,176,5.573863636363638
44,0.06140000000000001,1550.0,1.9880239520958085,167,6.383233532934132
45,0.06140000000000001,1650.0,1.9859154929577463,142,6.957746478873238
46,0.06140000000000001,1750.0,1.7319587628865978,97,6.288659793814433
47,0.06140000000000001,1850.0,1.742268041237113,97,4.79381443298969
48,0.06140000000000001,1950.0,1.3684210526315788,57,2.6315789473684212
49,0.06140000000000001,2050.0,1.5357142857142856,56,6.2142857142857135
50,0.06140000000000001,2150.0,1.5161290322580645,31,4.096774193548387
51,0.06140000000000001,2600.0,1.3150684931506849,73,2.712328767123288
52,0.08180000000000001,550.0,2.571428571428572,98,10.408163265306122
53,0.08180000000000001,1150.0,2.3086419753086416,81,10.135802469135802
54,0.08180000000000001,1250.0,1.714285714285714,84,4.476190476190475
55,0.08180000000000001,1350.0,1.8867924528301885,106,6.037735849056602
56,0.08180000000000001,1450.0,2.0256410256410255,117,6.829059829059829
57,0.08180000000000001,1550.0,1.8000000000000005,80,5.800000000000001
58,0.08180000000000001,1650.0,1.792207792207792,77,5.792207792207791
59,0.08180000000000001,1750.0,1.8493150684931505,73,6.397260273972602
60,0.08180000000000001,1850.0,1.9230769230769231,65,6.323076923076922
61,0.08180000000000001,1950.0,1.6285714285714288,35,4.085714285714285
62,0.08180000000000001,2050.0,1.5789473684210529,38,3.4736842105263155
63,0.08180000000000001,2150.0,2.307692307692307,26,10.692307692307692
64,0.08180000000000001,2600.0,1.6363636363636365,44,4.7272727272727275
65,0.10220000000000001,550.0,2.6666666666666665,75,10.426666666666666
66,0.10220000000000001,1150.0,1.9111111111111105,45,5.1111111111111125
67,0.10220000000000001,1250.0,2.3555555555555556,45,9.37777777777778
68,0.10220000000000001,1350.0,2.178571428571429,56,8.285714285714285
69,0.10220000000000001,1450.0,1.6935483870967742,62,4.661290322580645
70,0.10220000000000001,1550.0,1.710144927536232,69,4.260869565217392
71,0.10220000000000001,1650.0,2.1111111111111116,45,8.022222222222222
72,0.10220000000000001,1750.0,2.3043478260869557,23,13.086956521739125
73,0.10220000000000001,1850.0,2.555555555555556,36,11.166666666666664
74,0.10220000000000001,1950.0,1.75,16,5.125
75,0.10220000000000001,2050.0,1.8421052631578947,19,5.2105263157894735
76,0.10220000000000001,2150.0,1.3684210526315788,19,3.0526315789473673
77,0.10220000000000001,2600.0,1.4193548387096777,31,3.0967741935483866
78,0.12260000000000001,550.0,2.40625,32,8.03125
79,0.12260000000000001,1150.0,2.1612903225806455,31,6.67741935483871
80,0.12260000000000001,1250.0,1.8235294117647058,34,4.411764705882353
81,0.12260000000000001,1350.0,2.1428571428571432,28,6.714285714285715
82,0.12260000000000001,1450.0,2.0425531914893615,47,6.723404255319149
83,0.12260000000000001,1550.0,2.2307692307692304,39,6.538461538461537
84,0.12260000000000001,1650.0,1.75,28,4.392857142857144
85,0.12260000000000001,1750.0,2.904761904761905,21,14.428571428571427
86,0.12260000000000001,1850.0,2.3333333333333335,30,7.466666666666667
87,0.12260000000000001,1950.0,1.7,20,3.8
88,0.12260000000000001,2050.0,2.5789473684210527,19,19.631578947368414
89,0.12260000000000001,2150.0,1.2000000000000002,10,1.8
90,0.12260000000000001,2600.0,2.090909090909091,11,8.09090909090909
91,0.14300000000000002,550.0,2.3793103448275863,29,7.275862068965519
92,0.14300000000000002,1150.0,2.3157894736842106,19,8.421052631578947
93,0.14300000000000002,1250.0,2.235294117647059,17,6.588235294117647
94,0.14300000000000002,1350.0,2.230769230769231,26,7.384615384615383
95,0.14300000000000002,1450.0,1.6666666666666663,18,5.444444444444444
96,0.14300000000000002,1550.0,1.9090909090909087,22,5.2727272727272725
97,0.14300000000000002,1650.0,2.2500000000000004,20,7.949999999999999
98,0.14300000000000002,1750.0,3.0,17,14.88235294117647
99,0.14300000000000002,1850.0,2.214285714285714,14,6.5
100,0.14300000000000002,1950.0,2.2999999999999994,10,10.9
101,0.14300000000000002,2050.0,2.7777777777777777,9,15.444444444444443
102,0.14300000000000002,2150.0,1.571428571428571,7,3.5714285714285707
103,0.14300000000000002,2600.0,1.4545454545454546,11,2.5454545454545454
104,0.1634,550.0,3.6363636363636362,22,18.636363636363637
105,0.1634,1150.0,2.0476190476190474,21,6.142857142857142
106,0.1634,1250.0,2.7142857142857144,7,8.714285714285715
107,0.1634,1350.0,2.272727272727273,11,6.636363636363637
108,0.1634,1450.0,2.058823529411765,17,4.88235294117647
109,0.1634,1550.0,1.75,16,4.5
110,0.1634,1650.0,2.0384615384615383,26,5.26923076923077
111,0.1634,1750.0,2.3,10,8.499999999999998
112,0.1634,1850.0,2.166666666666666,18,9.833333333333332
113,0.1634,1950.0,1.7500000000000002,8,4.0
114,0.1634,2050.0,0.8,5,1.2
115,0.1634,2150.0,2.111111111111111,9,11.666666666666666
116,0.1634,2600.0,2.9999999999999996,7,14.142857142857142
117,0.18380000000000002,550.0,2.526315789473684,19,8.842105263157894
118,0.18380000000000002,1150.0,3.1249999999999996,8,15.875
119,0.18380000000000002,1250.0,1.6666666666666665,9,4.777777777777778
120,0.18380000000000002,1350.0,2.375,8,7.375
121,0.18380000000000002,1450.0,2.722222222222223,18,15.27777777777778
122,0.18380000000000002,1550.0,1.7,10,3.900000000000001
123,0.18380000000000002,1650.0,2.933333333333333,15,14.266666666666671
124,0.18380000000000002,1750.0,4.307692307692308,13,28.0
125,0.18380000000000002,1850.0,2.0,14,6.571428571428573
126,0.18380000000000002,1950.0,1.0,4,1.5
127,0.18380000000000002,2050.0,1.5714285714285714,7,3.0
128,0.18380000000000002,2150.0,2.333333333333333,3,9.666666666666666
129,0.18380000000000002,2600.0,0.8333333333333334,6,0.8333333333333334
130,0.2042,550.0,4.9,10,49.099999999999994
131,0.2042,1150.0,1.6666666666666667,6,3.9999999999999996
132,0.2042,1250.0,1.4285714285714286,7,2.2857142857142856
133,0.2042,1350.0,2.615384615384616,13,10.769230769230768
134,0.2042,1450.0,2.5,8,7.500000000000001
135,0.2042,1550.0,1.5555555555555554,9,4.0
136,0.2042,1650.0,1.882352941176471,17,4.235294117647058
137,0.2042,1750.0,2.25,4,7.75
138,0.2042,1850.0,1.4999999999999996,12,3.333333333333333
139,0.2042,1950.0,2.0,2,4.0
140,0.2042,2050.0,3.0,1,9.0
141,0.2042,2150.0,2.0,2,4.0
142,0.2042,2600.0,2.125,8,5.624999999999999
143,0.22460000000000002,550.0,3.1874999999999996,16,13.5625
144,0.22460000000000002,1150.0,3.1428571428571423,7,15.428571428571429
145,0.22460000000000002,1250.0,1.7999999999999998,5,4.6
146,0.22460000000000002,1350.0,1.6250000000000002,8,3.375
147,0.22460000000000002,1450.0,2.125,8,5.375
148,0.22460000000000002,1550.0,2.1666666666666665,6,5.5
149,0.22460000000000002,1650.0,1.7,10,3.5
150,0.22460000000000002,1750.0,3.4,5,16.6
151,0.22460000000000002,1850.0,3.0,4,12.5
152,0.22460000000000002,1950.0,1.6,5,3.1999999999999997
153,0.22460000000000002,2050.0,2.0,5,5.6
154,0.22460000000000002,2150.0,2.0,1,4.0
155,0.22460000000000002,2600.0,2.25,4,9.75
156,0.245,550.0,2.111111111111111,9,6.333333333333333
157,0.245,1150.0,3.25,4,13.749999999999998
158,0.245,1250.0,2.2,5,5.8
159,0.245,1350.0,1.2857142857142856,7,1.857142857142857
160,0.245,1450.0,2.428571428571429,7,8.428571428571429
161,0.245,1550.0,2.0,13,5.538461538461539
162,0.245,1650.0,1.875,8,5.124999999999998
163,0.245,1750.0,1.0,3,1.0
164,0.245,1850.0,1.5,4,2.5
165,0.245,1950.0,2.0,2,5.0
166,0.245,2050.0,5.333333333333333,3,66.66666666666666
167,0.245,2150.0,0.0,0,0.0
168,0.245,2600.0,2.0,4,6.5
169,0.26539999999999997,550.0,2.333333333333333,3,5.666666666666666
170,0.26539999999999997,1150.0,1.8000000000000003,5,3.4000000000000004
171,0.26539999999999997,1250.0,2.9,10,11.9
172,0.26539999999999997,1350.0,2.2,5,6.2
173,0.26539999999999997,1450.0,2.8333333333333335,6,10.5
174,0.26539999999999997,1550.0,2.4285714285714284,7,10.142857142857142
175,0.26539999999999997,1650.0,2.166666666666667,6,6.5
176,0.26539999999999997,1750.0,1.9000000000000001,10,5.500000000000001
177,0.26539999999999997,1850.0,4.499999999999999,4,41.0
178,0.26539999999999997,1950.0,1.0,1,1.0
179,0.26539999999999997,2050.0,2.0,2,4.0
180,0.26539999999999997,2150.0,1.0,1,1.0
181,0.26539999999999997,2600.0,1.0,4,1.5
182,0.28580000000000005,550.0,1.3333333333333333,3,2.6666666666666665
183,0.28580000000000005,1150.0,3.333333333333333,3,12.666666666666664
184,0.28580000000000005,1250.0,3.6000000000000005,5,18.8
185,0.28580000000000005,1350.0,1.6666666666666665,3,5.666666666666666
186,0.28580000000000005,1450.0,1.25,4,1.75
187,0.28580000000000005,1550.0,1.25,4,1.75
188,0.28580000000000005,1650.0,2.0,1,4.0
189,0.28580000000000005,1750.0,1.6666666666666665,3,3.0
190,0.28580000000000005,1850.0,1.3333333333333333,3,2.6666666666666665
191,0.28580000000000005,1950.0,1.6666666666666665,3,3.0
192,0.28580000000000005,2050.0,0.0,0,0.0
193,0.28580000000000005,2150.0,1.0,2,2.0
194,0.28580000000000005,2600.0,0.0,1,0.0
195,0.3062,550.0,2.6666666666666665,3,7.999999999999999
196,0.3062,1150.0,3.2,5,13.2
197,0.3062,1250.0,4.25,4,38.25
198,0.3062,1350.0,3.0,7,12.428571428571429
199,0.3062,1450.0,2.0,2,5.0
200,0.3062,1550.0,1.6666666666666665,3,3.6666666666666665
201,0.3062,1650.0,1.3333333333333333,6,2.6666666666666665
202,0.3062,1750.0,2.0,4,5.5
203,0.3062,1850.0,1.0,4,1.5
204,0.3062,1950.0,1.0,1,1.0
205,0.3062,2050.0,0.6666666666666666,3,0.6666666666666666
206,0.3062,2150.0,0.0,0,0.0
207,0.3062,2600.0,1.0,3,1.6666666666666665
208,0.3266,550.0,2.5,4,7.0
209,0.3266,1150.0,1.0,2,1.0
210,0.3266,1250.0,3.5,2,14.5
211,0.3266,1350.0,1.5,2,2.5
212,0.3266,1450.0,3.0,3,9.666666666666666
213,0.3266,1550.0,2.0,5,4.800000000000001
214,0.3266,1650.0,2.25,4,6.75
215,0.3266,1750.0,2.25,4,7.75
216,0.3266,1850.0,2.5,2,8.5
217,0.3266,1950.0,0.0,0,0.0
218,0.3266,2050.0,0.0,0,0.0
219,0.3266,2150.0,3.666666666666666,3,19.666666666666664
220,0.3266,2600.0,4.0,2,17.0
221,0.347,550.0,3.5,4,19.5
222,0.347,1150.0,2.2,5,7.0
223,0.347,1250.0,1.6666666666666665,3,3.6666666666666665
224,0.347,1350.0,1.0,1,1.0
225,0.347,1450.0,0.0,0,0.0
226,0.347,1550.0,2.6666666666666665,3,10.0
227,0.347,1650.0,1.3333333333333333,3,1.9999999999999998
228,0.347,1750.0,4.333333333333333,3,35.0
229,0.347,1850.0,0.5,2,0.5
230,0.347,1950.0,2.0,2,4.0
231,0.347,2050.0,0.0,1,0.0
232,0.347,2150.0,6.0,1,36.0
233,0.347,2600.0,1.0,1,1.0
234,0.36740000000000006,550.0,3.5,2,14.5
235,0.36740000000000006,1150.0,1.0,1,1.0
236,0.36740000000000006,1250.0,2.75,4,9.25
237,0.36740000000000006,1350.0,2.0,2,5.0
238,0.36740000000000006,1450.0,1.0,1,1.0
239,0.36740000000000006,1550.0,1.0,1,1.0
240,0.36740000000000006,1650.0,2.75,4,11.25
241,0.36740000000000006,1750.0,2.25,4,5.75
242,0.36740000000000006,1850.0,3.0,1,9.0
243,0.36740000000000006,1950.0,0.0,0,0.0
244,0.36740000000000006,2050.0,2.0,2,5.0
245,0.36740000000000006,2150.0,3.0,1,9.0
246,0.36740000000000006,2600.0,1.0,1,1.0
247,0.38780000000000003,550.0,0.0,0,0.0
248,0.38780000000000003,1150.0,2.6666666666666665,3,10.0
249,0.38780000000000003,1250.0,4.5,2,20.5
250,0.38780000000000003,1350.0,4.0,2,17.0
251,0.38780000000000003,1450.0,1.0,3,1.6666666666666665
252,0.38780000000000003,1550.0,2.0,2,4.0
253,0.38780000000000003,1650.0,0.0,0,0.0
254,0.38780000000000003,1750.0,4.0,1,16.0
255,0.38780000000000003,1850.0,0.0,0,0.0
256,0.38780000000000003,1950.0,0.0,0,0.0
257,0.38780000000000003,2050.0,0.0,0,0.0
258,0.38780000000000003,2150.0,0.0,0,0.0
259,0.38780000000000003,2600.0,0.0,0,0.0
260,0.4082,550.0,6.0,2,45.0
261,0.4082,1150.0,2.0,1,4.0
262,0.4082,1250.0,2.0,1,4.0
263,0.4082,1350.0,2.0,1,4.0
264,0.4082,1450.0,1.5,2,2.5
265,0.4082,1550.0,1.0,1,1.0
266,0.4082,1650.0,0.0,0,0.0
267,0.4082,1750.0,5.0,3,56.99999999999999
268,0.4082,1850.0,0.0,0,0.0
269,0.4082,1950.0,0.0,0,0.0
270,0.4082,2050.0,0.0,0,0.0
271,0.4082,2150.0,0.0,0,0.0
272,0.4082,2600.0,2.6666666666666665,3,16.666666666666664
273,0.4286,550.0,0.0,0,0.0
274,0.4286,1150.0,2.0,1,4.0
275,0.4286,1250.0,1.0,1,1.0
276,0.4286,1350.0,0.0,0,0.0
277,0.4286,1450.0,0.0,0,0.0
278,0.4286,1550.0,2.5,2,6.5
279,0.4286,1650.0,2.0,1,4.0
280,0.4286,1750.0,0.0,0,0.0
281,0.4286,1850.0,0.0,0,0.0
282,0.4286,1950.0,2.0,1,4.0
283,0.4286,2050.0,0.0,0,0.0
284,0.4286,2150.0,0.0,0,0.0
285,0.4286,2600.0,0.0,0,0.0
286,0.44900000000000007,550.0,0.0,0,0.0
287,0.44900000000000007,1150.0,0.0,0,0.0
288,0.44900000000000007,1250.0,1.0,1,1.0
289,0.44900000000000007,1350.0,6.0,1,36.0
290,0.44900000000000007,1450.0,0.0,0,0.0
291,0.44900000000000007,1550.0,1.3333333333333333,3,2.0
292,0.44900000000000007,1650.0,0.0,0,0.0
293,0.44900000000000007,1750.0,4.0,1,16.0
294,0.44900000000000007,1850.0,0.0,0,0.0
295,0.44900000000000007,1950.0,0.0,0,0.0
296,0.44900000000000007,2050.0,0.0,0,0.0
297,0.44900000000000007,2150.0,0.0,0,0.0
298,0.44900000000000007,2600.0,0.0,0,0.0
299,0.46940000000000004,550.0,0.0,0,0.0
300,0.46940000000000004,1150.0,0.0,0,0.0
301,0.46940000000000004,1250.0,3.0,2,18.0
302,0.46940000000000004,1350.0,0.0,0,0.0
303,0.46940000000000004,1450.0,2.0,1,4.0
304,0.46940000000000004,1550.0,2.0,1,4.0
305,0.46940000000000004,1650.0,0.0,0,0.0
306,0.46940000000000004,1750.0,0.0,0,0.0
307,0.46940000000000004,1850.0,1.0,2,1.0
308,0.46940000000000004,1950.0,3.0,1,9.0
309,0.46940000000000004,2050.0,0.0,0,0.0
310,0.46940000000000004,2150.0,0.0,0,0.0
311,0.46940000000000004,2600.0,0.0,0,0.0
312,0.4898,550.0,0.0,0,0.0
313,0.4898,1150.0,2.0,1,4.0
314,0.4898,1250.0,0.0,0,0.0
315,0.4898,1350.0,2.0,2,4.0
316,0.4898,1450.0,0.0,0,0.0
317,0.4898,1550.0,0.0,0,0.0
318,0.4898,1650.0,2.0,2,5.0
319,0.4898,1750.0,0.0,0,0.0
320,0.4898,1850.0,2.0,1,4.0
321,0.4898,1950.0,0.0,0,0.0
322,0.4898,2050.0,0.0,0,0.0
323,0.4898,2150.0,0.0,0,0.0
324,0.4898,2600.0,0.0,0,0.0
325,0.75,550.0,2.6666666666666665,3,10.666666666666666
326,0.75,1150.0,3.5,4,17.5
327,0.75,1250.0,3.0,1,9.0
328,0.75,1350.0,1.3333333333333333,3,2.0
329,0.75,1450.0,1.5,2,2.5
330,0.75,1550.0,2.0,1,4.0
331,0.75,1650.0,4.0,1,16.0
332,0.75,1750.0,0.0,0,0.0
333,0.75,1850.0,1.3333333333333333,3,3.3333333333333335
334,0.75,1950.0,1.0,1,1.0
335,0.75,2050.0,0.0,0,0.0
336,0.75,2150.0,0.0,0,0.0
337,0.75,2600.0,3.0,4,12.0
