,voc_bin,elo_bin,rtmean,rtcount,rt_squaredmean
0,0.00020000000000000052,550.0,6.739815712900096,4124,96.58268671193017
1,0.00020000000000000052,1150.0,5.974289053369692,2567,85.65874561745228
2,0.00020000000000000052,1250.0,5.5785770132916355,2558,76.09851446442534
3,0.00020000000000000052,1350.0,5.308945793149319,3007,66.8200864649152
4,0.00020000000000000052,1450.0,5.348886086591005,2379,65.74905422446405
5,0.00020000000000000052,1550.0,5.324088145896657,2632,78.39475683890578
6,0.00020000000000000052,1650.0,4.983557548579969,2676,70.89536621823618
7,0.00020000000000000052,1750.0,4.992133726647002,2034,72.07767944936087
8,0.00020000000000000052,1850.0,4.546597633136096,1352,55.23298816568047
9,0.00020000000000000052,1950.0,5.178321678321678,572,71.8951048951049
10,0.00020000000000000052,2050.0,4.758771929824562,684,58.44590643274854
11,0.00020000000000000052,2150.0,4.101075268817205,465,39.18924731182796
12,0.00020000000000000052,2600.0,4.234875444839858,281,33.13167259786477
13,0.0206,550.0,7.452102803738317,856,99.75350467289718
14,0.0206,1150.0,7.359073359073359,518,103.63706563706565
15,0.0206,1250.0,6.8942652329749095,558,134.66487455197134
16,0.0206,1350.0,6.029745042492919,706,78.0070821529745
17,0.0206,1450.0,6.329489291598024,607,77.09719934102142
18,0.0206,1550.0,5.622895622895622,594,68.43097643097643
19,0.0206,1650.0,6.0880829015544045,579,94.89982728842833
20,0.0206,1750.0,6.339468302658489,489,90.18813905930472
21,0.0206,1850.0,5.155619596541788,347,61.968299711815575
22,0.0206,1950.0,5.2781456953642385,151,57.05298013245032
23,0.0206,2050.0,6.589743589743589,195,96.60000000000001
24,0.0206,2150.0,6.053030303030304,132,89.25000000000001
25,0.0206,2600.0,5.2142857142857135,70,72.9
26,0.041,550.0,8.183168316831683,404,127.11881188118812
27,0.041,1150.0,7.325088339222615,283,93.7137809187279
28,0.041,1250.0,6.74074074074074,297,83.24579124579124
29,0.041,1350.0,7.036111111111111,360,99.66944444444445
30,0.041,1450.0,6.746874999999999,320,87.59062499999999
31,0.041,1550.0,7.346749226006191,323,212.70278637770895
32,0.041,1650.0,6.810289389067524,311,119.18327974276525
33,0.041,1750.0,7.28235294117647,255,123.18823529411763
34,0.041,1850.0,6.241935483870968,186,87.60752688172045
35,0.041,1950.0,7.065789473684209,76,90.90789473684211
36,0.041,2050.0,8.375,112,143.37499999999997
37,0.041,2150.0,8.421875,64,142.79687500000003
38,0.041,2600.0,5.060606060606061,33,37.54545454545455
39,0.06140000000000001,550.0,8.384976525821596,213,129.6713615023474
40,0.06140000000000001,1150.0,7.206666666666667,150,99.17999999999999
41,0.06140000000000001,1250.0,7.2289156626506035,166,93.03614457831327
42,0.06140000000000001,1350.0,8.972972972972972,185,149.1135135135135
43,0.06140000000000001,1450.0,6.783783783783784,148,79.67567567567565
44,0.06140000000000001,1550.0,7.365714285714284,175,111.42285714285715
45,0.06140000000000001,1650.0,7.344370860927151,151,132.77483443708604
46,0.06140000000000001,1750.0,7.4573170731707314,164,118.75
47,0.06140000000000001,1850.0,7.088235294117647,102,110.4607843137255
48,0.06140000000000001,1950.0,6.711538461538462,52,89.0576923076923
49,0.06140000000000001,2050.0,9.333333333333334,51,189.33333333333337
50,0.06140000000000001,2150.0,6.081081081081081,37,66.67567567567566
51,0.06140000000000001,2600.0,8.344827586206897,29,112.3448275862069
52,0.08180000000000001,550.0,9.885714285714284,105,218.05714285714282
53,0.08180000000000001,1150.0,7.091836734693879,98,109.54081632653063
54,0.08180000000000001,1250.0,8.05952380952381,84,157.48809523809524
55,0.08180000000000001,1350.0,7.131578947368421,114,87.27192982456138
56,0.08180000000000001,1450.0,7.607476635514017,107,107.7196261682243
57,0.08180000000000001,1550.0,6.972727272727272,110,110.17272727272729
58,0.08180000000000001,1650.0,8.1,120,137.3166666666667
59,0.08180000000000001,1750.0,7.250000000000002,88,136.04545454545456
60,0.08180000000000001,1850.0,6.680851063829787,47,85.48936170212767
61,0.08180000000000001,1950.0,6.249999999999999,32,85.68749999999999
62,0.08180000000000001,2050.0,14.64,25,315.6
63,0.08180000000000001,2150.0,7.684210526315788,19,127.36842105263156
64,0.08180000000000001,2600.0,7.8,15,78.7333333333333
65,0.10220000000000001,550.0,9.651162790697674,86,156.95348837209306
66,0.10220000000000001,1150.0,7.226415094339623,53,101.37735849056602
67,0.10220000000000001,1250.0,9.237288135593221,59,135.06779661016947
68,0.10220000000000001,1350.0,9.126984126984127,63,168.87301587301587
69,0.10220000000000001,1450.0,9.0,73,205.71232876712327
70,0.10220000000000001,1550.0,8.985294117647056,68,176.22058823529412
71,0.10220000000000001,1650.0,7.565217391304347,69,98.9565217391304
72,0.10220000000000001,1750.0,8.881578947368423,76,242.77631578947378
73,0.10220000000000001,1850.0,8.230769230769234,39,146.69230769230768
74,0.10220000000000001,1950.0,6.3478260869565215,23,61.30434782608694
75,0.10220000000000001,2050.0,10.516129032258064,31,202.06451612903228
76,0.10220000000000001,2150.0,9.0625,16,251.81249999999997
77,0.10220000000000001,2600.0,5.333333333333334,12,44.333333333333336
78,0.12260000000000001,550.0,7.7592592592592595,54,106.79629629629629
79,0.12260000000000001,1150.0,9.0,42,164.09523809523807
80,0.12260000000000001,1250.0,8.931034482758621,29,188.7241379310345
81,0.12260000000000001,1350.0,9.07843137254902,51,127.7843137254902
82,0.12260000000000001,1450.0,7.527272727272727,55,137.8181818181818
83,0.12260000000000001,1550.0,8.347826086956522,46,151.26086956521738
84,0.12260000000000001,1650.0,7.557692307692308,52,135.59615384615387
85,0.12260000000000001,1750.0,9.777777777777779,45,212.9777777777778
86,0.12260000000000001,1850.0,8.0,23,166.3478260869565
87,0.12260000000000001,1950.0,12.69230769230769,13,350.0769230769231
88,0.12260000000000001,2050.0,15.0,19,662.0526315789472
89,0.12260000000000001,2150.0,12.375,8,190.87499999999997
90,0.12260000000000001,2600.0,9.6,5,136.0
91,0.14300000000000002,550.0,8.214285714285715,28,110.78571428571428
92,0.14300000000000002,1150.0,10.999999999999998,24,257.4166666666667
93,0.14300000000000002,1250.0,6.619047619047617,21,75.85714285714283
94,0.14300000000000002,1350.0,9.999999999999998,35,188.05714285714282
95,0.14300000000000002,1450.0,8.851851851851851,27,118.03703703703704
96,0.14300000000000002,1550.0,9.571428571428573,28,166.28571428571425
97,0.14300000000000002,1650.0,9.45,40,177.39999999999998
98,0.14300000000000002,1750.0,11.264705882352938,34,215.61764705882345
99,0.14300000000000002,1850.0,9.11111111111111,27,196.5925925925926
100,0.14300000000000002,1950.0,9.4,5,145.4
101,0.14300000000000002,2050.0,7.777777777777777,9,155.55555555555557
102,0.14300000000000002,2150.0,13.4,10,248.39999999999998
103,0.14300000000000002,2600.0,5.666666666666666,3,38.33333333333333
104,0.1634,550.0,8.888888888888891,27,158.29629629629636
105,0.1634,1150.0,5.6,15,51.86666666666667
106,0.1634,1250.0,8.3125,16,108.68750000000001
107,0.1634,1350.0,8.961538461538462,26,137.88461538461536
108,0.1634,1450.0,8.999999999999998,31,138.6774193548387
109,0.1634,1550.0,4.3599999999999985,25,37.32
110,0.1634,1650.0,10.548387096774192,31,298.22580645161287
111,0.1634,1750.0,10.178571428571427,28,193.39285714285717
112,0.1634,1850.0,9.0,11,171.00000000000003
113,0.1634,1950.0,9.333333333333334,6,109.66666666666669
114,0.1634,2050.0,4.888888888888888,9,32.888888888888886
115,0.1634,2150.0,4.8,5,30.400000000000002
116,0.1634,2600.0,7.57142857142857,7,91.57142857142858
117,0.18380000000000002,550.0,11.370370370370368,27,325.9629629629629
118,0.18380000000000002,1150.0,8.0,16,148.37500000000003
119,0.18380000000000002,1250.0,8.307692307692308,13,110.76923076923076
120,0.18380000000000002,1350.0,6.428571428571428,21,93.0
121,0.18380000000000002,1450.0,10.59090909090909,22,274.59090909090907
122,0.18380000000000002,1550.0,7.869565217391305,23,113.69565217391305
123,0.18380000000000002,1650.0,11.695652173913043,23,303.0
124,0.18380000000000002,1750.0,6.818181818181817,22,74.7272727272727
125,0.18380000000000002,1850.0,6.857142857142857,14,80.71428571428571
126,0.18380000000000002,1950.0,13.9,10,283.9
127,0.18380000000000002,2050.0,14.999999999999998,6,819.3333333333334
128,0.18380000000000002,2150.0,5.666666666666667,6,58.00000000000001
129,0.18380000000000002,2600.0,4.333333333333333,3,23.0
130,0.2042,550.0,10.357142857142858,14,189.21428571428575
131,0.2042,1150.0,5.636363636363637,11,41.27272727272727
132,0.2042,1250.0,5.0,10,34.2
133,0.2042,1350.0,10.071428571428571,14,192.35714285714283
134,0.2042,1450.0,12.235294117647058,17,297.0588235294117
135,0.2042,1550.0,5.545454545454545,11,67.18181818181817
136,0.2042,1650.0,7.857142857142856,14,120.42857142857143
137,0.2042,1750.0,11.4,15,341.4
138,0.2042,1850.0,7.333333333333333,9,75.55555555555556
139,0.2042,1950.0,4.0,2,16.0
140,0.2042,2050.0,6.75,4,51.75
141,0.2042,2150.0,8.333333333333334,6,115.33333333333334
142,0.2042,2600.0,2.0,1,4.0
143,0.22460000000000002,550.0,10.615384615384615,13,173.23076923076923
144,0.22460000000000002,1150.0,8.692307692307692,13,95.3076923076923
145,0.22460000000000002,1250.0,7.000000000000001,13,90.23076923076923
146,0.22460000000000002,1350.0,9.9,10,185.5
147,0.22460000000000002,1450.0,6.363636363636365,11,62.727272727272734
148,0.22460000000000002,1550.0,10.0,12,229.66666666666666
149,0.22460000000000002,1650.0,8.307692307692307,13,91.38461538461539
150,0.22460000000000002,1750.0,7.6875,16,129.6875
151,0.22460000000000002,1850.0,6.3999999999999995,5,67.6
152,0.22460000000000002,1950.0,8.4,5,97.2
153,0.22460000000000002,2050.0,12.5,4,223.5
154,0.22460000000000002,2150.0,4.5,4,30.5
155,0.22460000000000002,2600.0,4.0,3,18.0
156,0.245,550.0,12.538461538461538,13,262.07692307692304
157,0.245,1150.0,8.0,3,64.66666666666666
158,0.245,1250.0,16.599999999999998,5,990.9999999999999
159,0.245,1350.0,6.857142857142857,7,78.57142857142857
160,0.245,1450.0,4.666666666666666,9,30.888888888888886
161,0.245,1550.0,6.642857142857142,14,56.5
162,0.245,1650.0,8.823529411764707,17,294.0000000000001
163,0.245,1750.0,6.333333333333333,3,51.666666666666664
164,0.245,1850.0,14.333333333333332,3,425.0
165,0.245,1950.0,10.5,2,116.5
166,0.245,2050.0,12.399999999999999,5,279.99999999999994
167,0.245,2150.0,8.333333333333332,3,107.66666666666666
168,0.245,2600.0,9.0,1,81.0
169,0.26539999999999997,550.0,10.416666666666666,12,160.08333333333331
170,0.26539999999999997,1150.0,12.499999999999998,8,499.75
171,0.26539999999999997,1250.0,8.666666666666666,3,99.33333333333333
172,0.26539999999999997,1350.0,7.800000000000001,15,101.13333333333333
173,0.26539999999999997,1450.0,6.666666666666665,9,64.44444444444444
174,0.26539999999999997,1550.0,11.714285714285712,7,190.5714285714285
175,0.26539999999999997,1650.0,10.0,13,243.53846153846155
176,0.26539999999999997,1750.0,7.5,4,93.5
177,0.26539999999999997,1850.0,10.0,7,177.14285714285714
178,0.26539999999999997,1950.0,15.999999999999998,3,408.66666666666663
179,0.26539999999999997,2050.0,11.5,2,174.5
180,0.26539999999999997,2150.0,7.0,4,61.5
181,0.26539999999999997,2600.0,4.333333333333333,3,22.999999999999996
182,0.28580000000000005,550.0,8.142857142857142,7,129.57142857142856
183,0.28580000000000005,1150.0,4.0,2,16.0
184,0.28580000000000005,1250.0,7.5,6,72.5
185,0.28580000000000005,1350.0,5.857142857142857,7,46.99999999999999
186,0.28580000000000005,1450.0,8.4,5,210.00000000000003
187,0.28580000000000005,1550.0,5.454545454545454,11,46.18181818181819
188,0.28580000000000005,1650.0,7.750000000000001,12,77.75
189,0.28580000000000005,1750.0,6.7142857142857135,7,70.14285714285714
190,0.28580000000000005,1850.0,9.166666666666668,6,123.83333333333336
191,0.28580000000000005,1950.0,1.5,2,2.5
192,0.28580000000000005,2050.0,8.0,5,82.80000000000001
193,0.28580000000000005,2150.0,0.0,0,0.0
194,0.28580000000000005,2600.0,4.0,1,16.0
195,0.3062,550.0,6.000000000000001,5,49.2
196,0.3062,1150.0,10.333333333333336,6,255.33333333333337
197,0.3062,1250.0,4.857142857142857,7,35.71428571428571
198,0.3062,1350.0,8.625,8,161.875
199,0.3062,1450.0,10.571428571428573,7,216.28571428571428
200,0.3062,1550.0,3.0,7,15.857142857142858
201,0.3062,1650.0,14.333333333333332,6,247.66666666666666
202,0.3062,1750.0,12.88888888888889,9,293.77777777777777
203,0.3062,1850.0,7.333333333333333,3,83.33333333333333
204,0.3062,1950.0,0.0,0,0.0
205,0.3062,2050.0,7.666666666666666,3,123.0
206,0.3062,2150.0,7.0,1,49.0
207,0.3062,2600.0,0.0,0,0.0
208,0.3266,550.0,16.166666666666668,6,527.1666666666666
209,0.3266,1150.0,8.5,2,84.5
210,0.3266,1250.0,5.6,5,68.4
211,0.3266,1350.0,14.833333333333334,6,434.1666666666667
212,0.3266,1450.0,7.2,5,61.2
213,0.3266,1550.0,15.75,4,343.75
214,0.3266,1650.0,7.4,5,106.2
215,0.3266,1750.0,12.200000000000001,5,205.40000000000003
216,0.3266,1850.0,2.0,2,8.0
217,0.3266,1950.0,4.0,1,16.0
218,0.3266,2050.0,8.5,2,72.5
219,0.3266,2150.0,9.0,1,81.0
220,0.3266,2600.0,24.0,1,576.0
221,0.347,550.0,6.25,4,62.24999999999999
222,0.347,1150.0,7.333333333333333,3,55.33333333333333
223,0.347,1250.0,26.0,1,676.0
224,0.347,1350.0,6.0,2,40.0
225,0.347,1450.0,2.333333333333333,3,9.666666666666666
226,0.347,1550.0,7.800000000000001,5,128.60000000000002
227,0.347,1650.0,27.200000000000003,5,1130.4
228,0.347,1750.0,14.166666666666668,6,247.16666666666669
229,0.347,1850.0,6.333333333333333,3,43.666666666666664
230,0.347,1950.0,20.0,1,400.0
231,0.347,2050.0,13.0,1,169.0
232,0.347,2150.0,4.0,1,16.0
233,0.347,2600.0,0.0,0,0.0
234,0.36740000000000006,550.0,13.200000000000001,5,239.59999999999997
235,0.36740000000000006,1150.0,0.0,0,0.0
236,0.36740000000000006,1250.0,2.5,2,6.5
237,0.36740000000000006,1350.0,0.0,0,0.0
238,0.36740000000000006,1450.0,13.0,1,169.0
239,0.36740000000000006,1550.0,8.0,4,76.5
240,0.36740000000000006,1650.0,11.0,6,344.66666666666663
241,0.36740000000000006,1750.0,4.333333333333333,3,25.666666666666664
242,0.36740000000000006,1850.0,14.5,2,342.5
243,0.36740000000000006,1950.0,0.0,0,0.0
244,0.36740000000000006,2050.0,0.0,0,0.0
245,0.36740000000000006,2150.0,0.0,0,0.0
246,0.36740000000000006,2600.0,29.0,1,841.0
247,0.38780000000000003,550.0,4.0,2,25.0
248,0.38780000000000003,1150.0,15.0,1,225.0
249,0.38780000000000003,1250.0,0.0,0,0.0
250,0.38780000000000003,1350.0,14.5,2,342.5
251,0.38780000000000003,1450.0,5.25,4,32.75
252,0.38780000000000003,1550.0,4.25,4,30.25
253,0.38780000000000003,1650.0,3.0,3,11.666666666666666
254,0.38780000000000003,1750.0,2.0,1,4.0
255,0.38780000000000003,1850.0,6.5,2,54.5
256,0.38780000000000003,1950.0,0.0,0,0.0
257,0.38780000000000003,2050.0,0.0,0,0.0
258,0.38780000000000003,2150.0,5.0,1,25.0
259,0.38780000000000003,2600.0,0.0,0,0.0
260,0.4082,550.0,3.9999999999999996,4,20.0
261,0.4082,1150.0,6.0,1,36.0
262,0.4082,1250.0,19.0,1,361.0
263,0.4082,1350.0,12.0,1,144.0
264,0.4082,1450.0,10.8,5,146.4
265,0.4082,1550.0,0.0,0,0.0
266,0.4082,1650.0,6.0,1,36.0
267,0.4082,1750.0,2.0,1,4.0
268,0.4082,1850.0,4.0,2,17.0
269,0.4082,1950.0,10.0,2,164.0
270,0.4082,2050.0,0.0,0,0.0
271,0.4082,2150.0,23.0,1,529.0
272,0.4082,2600.0,0.0,0,0.0
273,0.4286,550.0,0.0,0,0.0
274,0.4286,1150.0,13.0,1,169.0
275,0.4286,1250.0,4.0,1,16.0
276,0.4286,1350.0,0.0,0,0.0
277,0.4286,1450.0,6.0,1,36.0
278,0.4286,1550.0,3.0,1,9.0
279,0.4286,1650.0,0.0,0,0.0
280,0.4286,1750.0,26.0,2,872.0
281,0.4286,1850.0,13.0,1,169.0
282,0.4286,1950.0,0.0,0,0.0
283,0.4286,2050.0,0.0,0,0.0
284,0.4286,2150.0,0.0,0,0.0
285,0.4286,2600.0,0.0,0,0.0
286,0.44900000000000007,550.0,7.75,4,91.25
287,0.44900000000000007,1150.0,0.0,0,0.0
288,0.44900000000000007,1250.0,0.0,0,0.0
289,0.44900000000000007,1350.0,9.0,1,81.0
290,0.44900000000000007,1450.0,10.0,1,100.0
291,0.44900000000000007,1550.0,0.0,0,0.0
292,0.44900000000000007,1650.0,1.9999999999999998,3,4.666666666666666
293,0.44900000000000007,1750.0,30.0,1,900.0
294,0.44900000000000007,1850.0,0.0,0,0.0
295,0.44900000000000007,1950.0,0.0,0,0.0
296,0.44900000000000007,2050.0,0.0,0,0.0
297,0.44900000000000007,2150.0,0.0,0,0.0
298,0.44900000000000007,2600.0,0.0,0,0.0
299,0.46940000000000004,550.0,10.0,3,124.66666666666666
300,0.46940000000000004,1150.0,10.5,2,112.5
301,0.46940000000000004,1250.0,4.5,2,20.5
302,0.46940000000000004,1350.0,2.0,1,4.0
303,0.46940000000000004,1450.0,5.0,1,25.0
304,0.46940000000000004,1550.0,2.0,1,4.0
305,0.46940000000000004,1650.0,13.0,2,185.0
306,0.46940000000000004,1750.0,3.7499999999999996,4,17.25
307,0.46940000000000004,1850.0,0.0,0,0.0
308,0.46940000000000004,1950.0,11.0,1,121.0
309,0.46940000000000004,2050.0,0.0,0,0.0
310,0.46940000000000004,2150.0,0.0,0,0.0
311,0.46940000000000004,2600.0,0.0,0,0.0
312,0.4898,550.0,2.0,1,4.0
313,0.4898,1150.0,4.0,1,16.0
314,0.4898,1250.0,2.0,1,4.0
315,0.4898,1350.0,9.0,1,81.0
316,0.4898,1450.0,0.0,0,0.0
317,0.4898,1550.0,0.0,0,0.0
318,0.4898,1650.0,2.0,1,4.0
319,0.4898,1750.0,3.0,1,9.0
320,0.4898,1850.0,0.0,0,0.0
321,0.4898,1950.0,16.0,1,256.0
322,0.4898,2050.0,0.0,0,0.0
323,0.4898,2150.0,0.0,0,0.0
324,0.4898,2600.0,0.0,0,0.0
325,0.75,550.0,9.666666666666666,9,110.77777777777776
326,0.75,1150.0,9.5,2,90.5
327,0.75,1250.0,16.0,1,256.0
328,0.75,1350.0,6.200000000000001,5,64.60000000000001
329,0.75,1450.0,17.0,5,1131.0
330,0.75,1550.0,3.5,2,14.5
331,0.75,1650.0,14.0,4,244.49999999999997
332,0.75,1750.0,5.3125,16,51.06249999999999
333,0.75,1850.0,19.0,1,361.0
334,0.75,1950.0,20.333333333333332,3,1085.6666666666667
335,0.75,2050.0,2.5,2,8.5
336,0.75,2150.0,0.0,0,0.0
337,0.75,2600.0,5.0,1,25.0
