,voc_bin,elo_bin,rtmean,rtcount,rt_squaredmean
0,0.00020000000000000052,550.0,9.556291390728477,151,281.8344370860927
1,0.00020000000000000052,1150.0,5.137809187279152,283,54.53710247349823
2,0.00020000000000000052,1250.0,7.987468671679198,399,199.05012531328322
3,0.00020000000000000052,1350.0,9.286585365853659,492,245.92073170731706
4,0.00020000000000000052,1450.0,8.559109874826147,719,176.95410292072322
5,0.00020000000000000052,1550.0,7.675874769797422,543,146.34990791896868
6,0.00020000000000000052,1650.0,7.715337423312883,815,135.97791411042945
7,0.00020000000000000052,1750.0,8.76541095890411,584,244.3818493150685
8,0.00020000000000000052,1850.0,8.216614090431126,951,193.84647739221873
9,0.00020000000000000052,1950.0,8.510330578512397,484,244.3202479338843
10,0.00020000000000000052,2050.0,7.8725701943844495,463,179.0172786177106
11,0.00020000000000000052,2150.0,8.584158415841584,101,225.7128712871287
12,0.00020000000000000052,2600.0,8.736842105263158,171,307.3099415204678
13,0.0206,550.0,9.903225806451612,31,194.2258064516129
14,0.0206,1150.0,6.316666666666666,60,67.45
15,0.0206,1250.0,9.704225352112676,71,157.42253521126761
16,0.0206,1350.0,12.196428571428571,112,296.625
17,0.0206,1450.0,12.054054054054054,148,314.5945945945946
18,0.0206,1550.0,9.733333333333333,105,231.98095238095237
19,0.0206,1650.0,9.244186046511627,172,157.2325581395349
20,0.0206,1750.0,8.951219512195122,123,199.47154471544715
21,0.0206,1850.0,8.410891089108912,202,157.80693069306932
22,0.0206,1950.0,8.845360824742269,97,186.8041237113402
23,0.0206,2050.0,9.313725490196079,102,185.68627450980392
24,0.0206,2150.0,16.11764705882353,17,886.8235294117648
25,0.0206,2600.0,13.448275862068966,29,637.3793103448276
26,0.041,550.0,8.692307692307692,13,123.3076923076923
27,0.041,1150.0,11.7,20,269.4
28,0.041,1250.0,9.45,40,192.45
29,0.041,1350.0,10.233333333333333,60,201.5
30,0.041,1450.0,11.654761904761905,84,289.8690476190476
31,0.041,1550.0,13.234375,64,426.984375
32,0.041,1650.0,15.83838383838384,99,768.8080808080808
33,0.041,1750.0,12.78125,64,348.0625
34,0.041,1850.0,12.232558139534884,129,396.3565891472868
35,0.041,1950.0,7.9375,48,156.47916666666666
36,0.041,2050.0,11.326086956521738,46,220.2391304347826
37,0.041,2150.0,7.785714285714286,14,100.78571428571429
38,0.041,2600.0,8.125,16,132.5
39,0.06140000000000001,550.0,13.125,8,223.625
40,0.06140000000000001,1150.0,10.52,25,214.84
41,0.06140000000000001,1250.0,9.26086956521739,23,159.08695652173913
42,0.06140000000000001,1350.0,16.31578947368421,38,826.9473684210526
43,0.06140000000000001,1450.0,11.953488372093023,43,335.6744186046512
44,0.06140000000000001,1550.0,12.675,40,261.275
45,0.06140000000000001,1650.0,11.655172413793103,58,364.9310344827586
46,0.06140000000000001,1750.0,12.5,30,375.9
47,0.06140000000000001,1850.0,14.485294117647058,68,432.13235294117646
48,0.06140000000000001,1950.0,10.566666666666666,30,221.83333333333334
49,0.06140000000000001,2050.0,14.73469387755102,49,467.55102040816325
50,0.06140000000000001,2150.0,12.727272727272727,11,228.9090909090909
51,0.06140000000000001,2600.0,7.0,9,97.66666666666667
52,0.08180000000000001,550.0,6.4,5,54.8
53,0.08180000000000001,1150.0,5.166666666666667,12,42.5
54,0.08180000000000001,1250.0,11.333333333333334,12,232.33333333333334
55,0.08180000000000001,1350.0,15.863636363636363,22,473.59090909090907
56,0.08180000000000001,1450.0,12.791666666666666,24,361.0416666666667
57,0.08180000000000001,1550.0,10.409090909090908,22,170.13636363636363
58,0.08180000000000001,1650.0,17.71875,32,576.15625
59,0.08180000000000001,1750.0,13.0,16,316.875
60,0.08180000000000001,1850.0,17.585365853658537,41,744.3658536585366
61,0.08180000000000001,1950.0,14.407407407407407,27,400.77777777777777
62,0.08180000000000001,2050.0,16.130434782608695,23,1144.0434782608695
63,0.08180000000000001,2150.0,19.0,2,617.0
64,0.08180000000000001,2600.0,18.4,5,984.0
65,0.10220000000000001,550.0,14.0,1,196.0
66,0.10220000000000001,1150.0,33.6,5,3299.6
67,0.10220000000000001,1250.0,12.285714285714286,7,269.14285714285717
68,0.10220000000000001,1350.0,14.125,16,665.875
69,0.10220000000000001,1450.0,9.785714285714286,14,134.07142857142858
70,0.10220000000000001,1550.0,13.4,15,372.6
71,0.10220000000000001,1650.0,18.0,19,2018.6315789473683
72,0.10220000000000001,1750.0,10.5,12,215.33333333333334
73,0.10220000000000001,1850.0,16.875,24,657.2083333333334
74,0.10220000000000001,1950.0,20.818181818181817,11,807.3636363636364
75,0.10220000000000001,2050.0,12.466666666666667,15,244.86666666666667
76,0.10220000000000001,2150.0,12.0,1,144.0
77,0.10220000000000001,2600.0,12.0,2,225.0
78,0.12260000000000001,550.0,8.2,5,87.0
79,0.12260000000000001,1150.0,8.571428571428571,7,131.42857142857142
80,0.12260000000000001,1250.0,20.375,8,807.125
81,0.12260000000000001,1350.0,16.076923076923077,13,431.61538461538464
82,0.12260000000000001,1450.0,9.416666666666666,12,139.91666666666666
83,0.12260000000000001,1550.0,12.166666666666666,6,186.16666666666666
84,0.12260000000000001,1650.0,17.703703703703702,27,743.7777777777778
85,0.12260000000000001,1750.0,17.357142857142858,14,525.2142857142857
86,0.12260000000000001,1850.0,10.0,14,265.2857142857143
87,0.12260000000000001,1950.0,14.857142857142858,14,386.0
88,0.12260000000000001,2050.0,6.625,8,92.875
89,0.12260000000000001,2150.0,9.0,1,81.0
90,0.12260000000000001,2600.0,2.0,1,4.0
91,0.14300000000000002,550.0,30.5,2,1742.5
92,0.14300000000000002,1150.0,9.5,2,90.5
93,0.14300000000000002,1250.0,23.0,5,1087.0
94,0.14300000000000002,1350.0,17.125,8,382.875
95,0.14300000000000002,1450.0,14.833333333333334,6,322.5
96,0.14300000000000002,1550.0,8.333333333333334,3,79.0
97,0.14300000000000002,1650.0,21.473684210526315,19,918.5263157894736
98,0.14300000000000002,1750.0,14.222222222222221,9,408.44444444444446
99,0.14300000000000002,1850.0,14.0,10,237.8
100,0.14300000000000002,1950.0,16.25,4,429.75
101,0.14300000000000002,2050.0,6.0,5,46.4
102,0.14300000000000002,2150.0,13.0,1,169.0
103,0.14300000000000002,2600.0,10.0,2,104.0
104,0.1634,550.0,29.333333333333332,3,1048.0
105,0.1634,1150.0,22.0,4,631.5
106,0.1634,1250.0,0.0,0,0.0
107,0.1634,1350.0,12.666666666666666,3,210.0
108,0.1634,1450.0,9.0,8,127.75
109,0.1634,1550.0,10.6,5,161.0
110,0.1634,1650.0,14.5625,16,440.3125
111,0.1634,1750.0,10.0,7,162.28571428571428
112,0.1634,1850.0,16.2,10,683.0
113,0.1634,1950.0,12.0,5,185.2
114,0.1634,2050.0,4.285714285714286,7,29.714285714285715
115,0.1634,2150.0,4.0,1,16.0
116,0.1634,2600.0,6.0,1,36.0
117,0.18380000000000002,550.0,9.0,1,81.0
118,0.18380000000000002,1150.0,27.0,1,729.0
119,0.18380000000000002,1250.0,21.8,5,762.2
120,0.18380000000000002,1350.0,25.4,5,875.0
121,0.18380000000000002,1450.0,21.833333333333332,6,1087.8333333333333
122,0.18380000000000002,1550.0,13.0,2,194.0
123,0.18380000000000002,1650.0,7.375,8,90.375
124,0.18380000000000002,1750.0,2.0,1,4.0
125,0.18380000000000002,1850.0,17.333333333333332,6,486.6666666666667
126,0.18380000000000002,1950.0,53.5,2,3018.5
127,0.18380000000000002,2050.0,18.0,7,454.85714285714283
128,0.18380000000000002,2150.0,0.0,0,0.0
129,0.18380000000000002,2600.0,8.5,2,102.5
130,0.2042,550.0,9.0,1,81.0
131,0.2042,1150.0,0.0,0,0.0
132,0.2042,1250.0,10.5,2,110.5
133,0.2042,1350.0,14.0,2,232.0
134,0.2042,1450.0,10.0,2,109.0
135,0.2042,1550.0,19.333333333333332,3,438.6666666666667
136,0.2042,1650.0,48.75,4,3236.75
137,0.2042,1750.0,5.0,3,33.666666666666664
138,0.2042,1850.0,17.5,6,513.1666666666666
139,0.2042,1950.0,29.333333333333332,3,1300.6666666666667
140,0.2042,2050.0,11.0,4,180.5
141,0.2042,2150.0,26.0,1,676.0
142,0.2042,2600.0,0.0,0,0.0
143,0.22460000000000002,550.0,7.0,1,49.0
144,0.22460000000000002,1150.0,2.0,1,4.0
145,0.22460000000000002,1250.0,7.0,1,49.0
146,0.22460000000000002,1350.0,12.0,1,144.0
147,0.22460000000000002,1450.0,12.666666666666666,3,172.0
148,0.22460000000000002,1550.0,3.5,2,18.5
149,0.22460000000000002,1650.0,11.8,5,178.2
150,0.22460000000000002,1750.0,12.0,5,272.8
151,0.22460000000000002,1850.0,8.857142857142858,7,129.71428571428572
152,0.22460000000000002,1950.0,11.833333333333334,6,240.16666666666666
153,0.22460000000000002,2050.0,16.666666666666668,3,599.3333333333334
154,0.22460000000000002,2150.0,0.0,0,0.0
155,0.22460000000000002,2600.0,8.0,1,64.0
156,0.245,550.0,0.0,0,0.0
157,0.245,1150.0,6.5,2,62.5
158,0.245,1250.0,26.0,2,1205.0
159,0.245,1350.0,4.0,1,16.0
160,0.245,1450.0,18.5,2,524.5
161,0.245,1550.0,3.0,1,9.0
162,0.245,1650.0,20.6,5,667.8
163,0.245,1750.0,19.0,3,543.0
164,0.245,1850.0,16.8,5,680.8
165,0.245,1950.0,27.0,3,995.0
166,0.245,2050.0,16.5,2,292.5
167,0.245,2150.0,0.0,0,0.0
168,0.245,2600.0,0.0,0,0.0
169,0.26539999999999997,550.0,0.0,0,0.0
170,0.26539999999999997,1150.0,3.0,1,9.0
171,0.26539999999999997,1250.0,0.0,0,0.0
172,0.26539999999999997,1350.0,0.0,0,0.0
173,0.26539999999999997,1450.0,1.0,1,1.0
174,0.26539999999999997,1550.0,37.0,1,1369.0
175,0.26539999999999997,1650.0,4.333333333333333,3,23.0
176,0.26539999999999997,1750.0,18.333333333333332,3,375.0
177,0.26539999999999997,1850.0,2.5,2,8.5
178,0.26539999999999997,1950.0,11.333333333333334,3,268.0
179,0.26539999999999997,2050.0,6.0,1,36.0
180,0.26539999999999997,2150.0,0.0,0,0.0
181,0.26539999999999997,2600.0,0.0,0,0.0
182,0.28580000000000005,550.0,0.0,0,0.0
183,0.28580000000000005,1150.0,2.0,1,4.0
184,0.28580000000000005,1250.0,0.0,0,0.0
185,0.28580000000000005,1350.0,5.0,1,25.0
186,0.28580000000000005,1450.0,3.0,1,9.0
187,0.28580000000000005,1550.0,0.0,0,0.0
188,0.28580000000000005,1650.0,19.0,2,362.0
189,0.28580000000000005,1750.0,21.666666666666668,3,627.0
190,0.28580000000000005,1850.0,7.333333333333333,3,64.66666666666667
191,0.28580000000000005,1950.0,44.0,1,1936.0
192,0.28580000000000005,2050.0,18.5,4,452.5
193,0.28580000000000005,2150.0,18.0,1,324.0
194,0.28580000000000005,2600.0,0.0,0,0.0
195,0.3062,550.0,9.0,1,81.0
196,0.3062,1150.0,0.0,0,0.0
197,0.3062,1250.0,0.0,0,0.0
198,0.3062,1350.0,6.0,2,45.0
199,0.3062,1450.0,2.0,2,4.0
200,0.3062,1550.0,19.0,1,361.0
201,0.3062,1650.0,18.0,5,698.4
202,0.3062,1750.0,10.333333333333334,3,153.0
203,0.3062,1850.0,5.6,5,32.4
204,0.3062,1950.0,10.0,1,100.0
205,0.3062,2050.0,0.0,1,0.0
206,0.3062,2150.0,0.0,0,0.0
207,0.3062,2600.0,0.0,0,0.0
208,0.3266,550.0,41.0,1,1681.0
209,0.3266,1150.0,10.0,1,100.0
210,0.3266,1250.0,0.0,0,0.0
211,0.3266,1350.0,0.0,0,0.0
212,0.3266,1450.0,6.0,1,36.0
213,0.3266,1550.0,19.0,1,361.0
214,0.3266,1650.0,50.0,1,2500.0
215,0.3266,1750.0,1.0,2,2.0
216,0.3266,1850.0,5.0,2,41.0
217,0.3266,1950.0,36.0,2,1396.0
218,0.3266,2050.0,0.0,0,0.0
219,0.3266,2150.0,0.0,0,0.0
220,0.3266,2600.0,0.0,0,0.0
221,0.347,550.0,0.0,0,0.0
222,0.347,1150.0,0.0,0,0.0
223,0.347,1250.0,0.0,0,0.0
224,0.347,1350.0,8.0,1,64.0
225,0.347,1450.0,6.0,1,36.0
226,0.347,1550.0,0.0,0,0.0
227,0.347,1650.0,13.0,1,169.0
228,0.347,1750.0,8.75,4,257.25
229,0.347,1850.0,0.0,0,0.0
230,0.347,1950.0,11.0,1,121.0
231,0.347,2050.0,9.0,1,81.0
232,0.347,2150.0,0.0,0,0.0
233,0.347,2600.0,0.0,0,0.0
234,0.36740000000000006,550.0,0.0,0,0.0
235,0.36740000000000006,1150.0,0.0,0,0.0
236,0.36740000000000006,1250.0,0.0,0,0.0
237,0.36740000000000006,1350.0,9.0,1,81.0
238,0.36740000000000006,1450.0,0.0,0,0.0
239,0.36740000000000006,1550.0,0.0,0,0.0
240,0.36740000000000006,1650.0,0.0,0,0.0
241,0.36740000000000006,1750.0,27.0,1,729.0
242,0.36740000000000006,1850.0,20.75,4,645.75
243,0.36740000000000006,1950.0,1.0,1,1.0
244,0.36740000000000006,2050.0,14.0,1,196.0
245,0.36740000000000006,2150.0,0.0,0,0.0
246,0.36740000000000006,2600.0,0.0,0,0.0
247,0.38780000000000003,550.0,0.0,0,0.0
248,0.38780000000000003,1150.0,0.0,0,0.0
249,0.38780000000000003,1250.0,0.0,0,0.0
250,0.38780000000000003,1350.0,5.0,2,25.0
251,0.38780000000000003,1450.0,0.0,0,0.0
252,0.38780000000000003,1550.0,9.0,1,81.0
253,0.38780000000000003,1650.0,12.5,2,228.5
254,0.38780000000000003,1750.0,3.0,1,9.0
255,0.38780000000000003,1850.0,17.0,1,289.0
256,0.38780000000000003,1950.0,0.0,0,0.0
257,0.38780000000000003,2050.0,0.0,0,0.0
258,0.38780000000000003,2150.0,0.0,0,0.0
259,0.38780000000000003,2600.0,0.0,0,0.0
260,0.4082,550.0,0.0,0,0.0
261,0.4082,1150.0,0.0,0,0.0
262,0.4082,1250.0,0.0,0,0.0
263,0.4082,1350.0,0.0,0,0.0
264,0.4082,1450.0,15.0,1,225.0
265,0.4082,1550.0,0.0,0,0.0
266,0.4082,1650.0,24.0,1,576.0
267,0.4082,1750.0,0.0,0,0.0
268,0.4082,1850.0,0.0,0,0.0
269,0.4082,1950.0,0.0,0,0.0
270,0.4082,2050.0,0.0,0,0.0
271,0.4082,2150.0,0.0,0,0.0
272,0.4082,2600.0,7.0,1,49.0
273,0.4286,550.0,0.0,0,0.0
274,0.4286,1150.0,0.0,0,0.0
275,0.4286,1250.0,0.0,0,0.0
276,0.4286,1350.0,0.0,0,0.0
277,0.4286,1450.0,0.0,0,0.0
278,0.4286,1550.0,0.0,0,0.0
279,0.4286,1650.0,18.0,2,493.0
280,0.4286,1750.0,0.0,0,0.0
281,0.4286,1850.0,0.0,0,0.0
282,0.4286,1950.0,0.0,0,0.0
283,0.4286,2050.0,0.0,0,0.0
284,0.4286,2150.0,16.0,1,256.0
285,0.4286,2600.0,0.0,0,0.0
286,0.44900000000000007,550.0,0.0,0,0.0
287,0.44900000000000007,1150.0,0.0,0,0.0
288,0.44900000000000007,1250.0,0.0,0,0.0
289,0.44900000000000007,1350.0,0.0,0,0.0
290,0.44900000000000007,1450.0,16.5,2,428.5
291,0.44900000000000007,1550.0,0.0,0,0.0
292,0.44900000000000007,1650.0,4.0,1,16.0
293,0.44900000000000007,1750.0,0.0,0,0.0
294,0.44900000000000007,1850.0,0.0,0,0.0
295,0.44900000000000007,1950.0,0.0,0,0.0
296,0.44900000000000007,2050.0,0.0,0,0.0
297,0.44900000000000007,2150.0,0.0,0,0.0
298,0.44900000000000007,2600.0,0.0,0,0.0
299,0.46940000000000004,550.0,0.0,0,0.0
300,0.46940000000000004,1150.0,0.0,0,0.0
301,0.46940000000000004,1250.0,0.0,0,0.0
302,0.46940000000000004,1350.0,19.333333333333332,3,428.0
303,0.46940000000000004,1450.0,9.0,1,81.0
304,0.46940000000000004,1550.0,0.0,0,0.0
305,0.46940000000000004,1650.0,0.0,0,0.0
306,0.46940000000000004,1750.0,0.0,0,0.0
307,0.46940000000000004,1850.0,0.0,0,0.0
308,0.46940000000000004,1950.0,0.0,0,0.0
309,0.46940000000000004,2050.0,7.0,1,49.0
310,0.46940000000000004,2150.0,0.0,0,0.0
311,0.46940000000000004,2600.0,0.0,0,0.0
312,0.4898,550.0,0.0,0,0.0
313,0.4898,1150.0,0.0,0,0.0
314,0.4898,1250.0,0.0,0,0.0
315,0.4898,1350.0,0.0,0,0.0
316,0.4898,1450.0,24.0,1,576.0
317,0.4898,1550.0,0.0,0,0.0
318,0.4898,1650.0,9.0,1,81.0
319,0.4898,1750.0,0.0,0,0.0
320,0.4898,1850.0,4.0,1,16.0
321,0.4898,1950.0,8.0,3,82.66666666666667
322,0.4898,2050.0,7.0,1,49.0
323,0.4898,2150.0,0.0,0,0.0
324,0.4898,2600.0,0.0,0,0.0
325,0.75,550.0,22.5,2,716.5
326,0.75,1150.0,29.0,1,841.0
327,0.75,1250.0,0.0,0,0.0
328,0.75,1350.0,3.0,1,9.0
329,0.75,1450.0,5.5,2,42.5
330,0.75,1550.0,0.0,0,0.0
331,0.75,1650.0,15.0,2,241.0
332,0.75,1750.0,2.0,1,4.0
333,0.75,1850.0,17.0,2,485.0
334,0.75,1950.0,9.0,2,130.0
335,0.75,2050.0,23.0,1,529.0
336,0.75,2150.0,9.0,1,81.0
337,0.75,2600.0,1.0,1,1.0
