,voc_bin,elo_bin,rtmean,rtcount,rt_squaredmean
0,0.00020000000000000052,550.0,4.631736526946108,334,53.33832335329341
1,0.00020000000000000052,1150.0,6.0092592592592595,108,75.3425925925926
2,0.00020000000000000052,1250.0,4.992592592592593,270,56.37777777777778
3,0.00020000000000000052,1350.0,5.263829787234043,235,55.8
4,0.00020000000000000052,1450.0,7.022988505747127,174,163.64367816091954
5,0.00020000000000000052,1550.0,4.675675675675675,185,47.464864864864865
6,0.00020000000000000052,1650.0,5.276859504132231,242,71.39256198347107
7,0.00020000000000000052,1750.0,6.817142857142857,175,147.90285714285713
8,0.00020000000000000052,1850.0,4.923076923076923,260,59.07692307692308
9,0.00020000000000000052,1950.0,5.28169014084507,71,53.67605633802817
10,0.00020000000000000052,2050.0,6.230769230769231,130,163.26153846153846
11,0.00020000000000000052,2150.0,4.816901408450704,71,43.54929577464789
12,0.00020000000000000052,2600.0,3.8512396694214877,121,35.70247933884298
13,0.0206,550.0,6.090909090909091,55,85.87272727272727
14,0.0206,1150.0,7.678571428571429,28,119.96428571428571
15,0.0206,1250.0,5.377358490566038,53,62.132075471698116
16,0.0206,1350.0,6.824561403508772,57,124.33333333333333
17,0.0206,1450.0,6.097560975609756,41,62.4390243902439
18,0.0206,1550.0,6.764705882352941,51,85.3921568627451
19,0.0206,1650.0,5.891891891891892,74,56.648648648648646
20,0.0206,1750.0,7.783783783783784,37,121.89189189189189
21,0.0206,1850.0,4.982456140350878,57,45.333333333333336
22,0.0206,1950.0,5.481481481481482,27,65.11111111111111
23,0.0206,2050.0,9.962962962962964,27,246.33333333333334
24,0.0206,2150.0,7.142857142857143,21,115.61904761904762
25,0.0206,2600.0,6.285714285714286,21,116.95238095238095
26,0.041,550.0,6.185185185185185,27,66.25925925925925
27,0.041,1150.0,6.166666666666667,18,109.61111111111111
28,0.041,1250.0,4.9655172413793105,29,46.55172413793103
29,0.041,1350.0,6.846153846153846,26,80.07692307692308
30,0.041,1450.0,9.631578947368421,19,127.84210526315789
31,0.041,1550.0,6.366666666666666,30,63.1
32,0.041,1650.0,7.6,35,147.37142857142857
33,0.041,1750.0,8.0,21,105.33333333333333
34,0.041,1850.0,8.25925925925926,27,113.22222222222223
35,0.041,1950.0,8.3,10,180.1
36,0.041,2050.0,9.75,12,280.9166666666667
37,0.041,2150.0,3.7,10,17.1
38,0.041,2600.0,7.6875,16,99.9375
39,0.06140000000000001,550.0,6.75,4,156.75
40,0.06140000000000001,1150.0,11.833333333333334,6,371.5
41,0.06140000000000001,1250.0,11.411764705882353,17,334.8235294117647
42,0.06140000000000001,1350.0,13.0,11,302.09090909090907
43,0.06140000000000001,1450.0,7.125,16,91.625
44,0.06140000000000001,1550.0,7.235294117647059,17,107.58823529411765
45,0.06140000000000001,1650.0,6.6875,16,76.3125
46,0.06140000000000001,1750.0,5.0,9,40.55555555555556
47,0.06140000000000001,1850.0,7.444444444444445,9,143.0
48,0.06140000000000001,1950.0,2.0,2,4.0
49,0.06140000000000001,2050.0,7.666666666666667,6,100.0
50,0.06140000000000001,2150.0,11.0,4,401.5
51,0.06140000000000001,2600.0,3.7777777777777777,9,33.77777777777778
52,0.08180000000000001,550.0,6.428571428571429,7,64.14285714285714
53,0.08180000000000001,1150.0,5.666666666666667,3,39.0
54,0.08180000000000001,1250.0,5.5,4,63.0
55,0.08180000000000001,1350.0,8.363636363636363,11,88.36363636363636
56,0.08180000000000001,1450.0,11.571428571428571,7,250.71428571428572
57,0.08180000000000001,1550.0,6.642857142857143,14,70.35714285714286
58,0.08180000000000001,1650.0,9.538461538461538,13,173.07692307692307
59,0.08180000000000001,1750.0,12.25,8,195.75
60,0.08180000000000001,1850.0,6.090909090909091,11,77.54545454545455
61,0.08180000000000001,1950.0,8.2,5,120.2
62,0.08180000000000001,2050.0,9.166666666666666,6,100.5
63,0.08180000000000001,2150.0,5.5,6,78.83333333333333
64,0.08180000000000001,2600.0,4.0,4,29.5
65,0.10220000000000001,550.0,8.625,8,125.375
66,0.10220000000000001,1150.0,13.166666666666666,6,311.1666666666667
67,0.10220000000000001,1250.0,10.5,4,175.5
68,0.10220000000000001,1350.0,7.285714285714286,7,96.14285714285714
69,0.10220000000000001,1450.0,27.5,4,1849.5
70,0.10220000000000001,1550.0,7.5,10,81.7
71,0.10220000000000001,1650.0,11.733333333333333,15,212.0
72,0.10220000000000001,1750.0,12.75,8,312.75
73,0.10220000000000001,1850.0,10.0,7,152.0
74,0.10220000000000001,1950.0,3.6666666666666665,3,19.0
75,0.10220000000000001,2050.0,32.0,1,1024.0
76,0.10220000000000001,2150.0,16.5,2,278.5
77,0.10220000000000001,2600.0,6.0,1,36.0
78,0.12260000000000001,550.0,4.0,4,22.5
79,0.12260000000000001,1150.0,2.0,1,4.0
80,0.12260000000000001,1250.0,7.333333333333333,3,100.66666666666667
81,0.12260000000000001,1350.0,5.0,4,34.0
82,0.12260000000000001,1450.0,5.666666666666667,3,37.666666666666664
83,0.12260000000000001,1550.0,7.857142857142857,7,88.14285714285714
84,0.12260000000000001,1650.0,3.6666666666666665,3,15.0
85,0.12260000000000001,1750.0,7.8,5,71.0
86,0.12260000000000001,1850.0,9.75,4,173.75
87,0.12260000000000001,1950.0,4.5,2,26.5
88,0.12260000000000001,2050.0,1.75,4,3.75
89,0.12260000000000001,2150.0,12.0,1,144.0
90,0.12260000000000001,2600.0,5.0,1,25.0
91,0.14300000000000002,550.0,7.0,6,83.0
92,0.14300000000000002,1150.0,0.0,0,0.0
93,0.14300000000000002,1250.0,6.0,3,60.666666666666664
94,0.14300000000000002,1350.0,4.75,4,37.75
95,0.14300000000000002,1450.0,5.666666666666667,3,33.0
96,0.14300000000000002,1550.0,22.0,3,968.6666666666666
97,0.14300000000000002,1650.0,0.0,0,0.0
98,0.14300000000000002,1750.0,5.333333333333333,3,30.0
99,0.14300000000000002,1850.0,8.666666666666666,3,79.33333333333333
100,0.14300000000000002,1950.0,0.0,0,0.0
101,0.14300000000000002,2050.0,9.333333333333334,3,103.33333333333333
102,0.14300000000000002,2150.0,0.0,0,0.0
103,0.14300000000000002,2600.0,10.0,1,100.0
104,0.1634,550.0,0.0,1,0.0
105,0.1634,1150.0,0.0,0,0.0
106,0.1634,1250.0,9.5,4,127.5
107,0.1634,1350.0,18.0,2,613.0
108,0.1634,1450.0,11.0,1,121.0
109,0.1634,1550.0,3.0,2,9.0
110,0.1634,1650.0,4.0,1,16.0
111,0.1634,1750.0,7.5,2,62.5
112,0.1634,1850.0,8.0,2,100.0
113,0.1634,1950.0,0.0,0,0.0
114,0.1634,2050.0,5.333333333333333,3,44.666666666666664
115,0.1634,2150.0,0.0,0,0.0
116,0.1634,2600.0,3.0,1,9.0
117,0.18380000000000002,550.0,11.0,1,121.0
118,0.18380000000000002,1150.0,0.0,0,0.0
119,0.18380000000000002,1250.0,5.25,4,29.25
120,0.18380000000000002,1350.0,15.0,1,225.0
121,0.18380000000000002,1450.0,10.0,1,100.0
122,0.18380000000000002,1550.0,6.0,2,45.0
123,0.18380000000000002,1650.0,19.5,2,410.5
124,0.18380000000000002,1750.0,3.0,1,9.0
125,0.18380000000000002,1850.0,6.0,1,36.0
126,0.18380000000000002,1950.0,2.6666666666666665,3,8.0
127,0.18380000000000002,2050.0,11.0,2,185.0
128,0.18380000000000002,2150.0,0.0,0,0.0
129,0.18380000000000002,2600.0,8.5,2,74.5
130,0.2042,550.0,17.0,1,289.0
131,0.2042,1150.0,0.0,0,0.0
132,0.2042,1250.0,3.0,1,9.0
133,0.2042,1350.0,0.0,0,0.0
134,0.2042,1450.0,0.0,0,0.0
135,0.2042,1550.0,0.0,0,0.0
136,0.2042,1650.0,8.0,1,64.0
137,0.2042,1750.0,12.0,2,144.0
138,0.2042,1850.0,0.0,0,0.0
139,0.2042,1950.0,27.0,1,729.0
140,0.2042,2050.0,0.0,0,0.0
141,0.2042,2150.0,0.0,0,0.0
142,0.2042,2600.0,5.0,1,25.0
143,0.22460000000000002,550.0,3.3333333333333335,3,12.0
144,0.22460000000000002,1150.0,0.0,0,0.0
145,0.22460000000000002,1250.0,16.5,4,420.5
146,0.22460000000000002,1350.0,0.0,0,0.0
147,0.22460000000000002,1450.0,0.0,0,0.0
148,0.22460000000000002,1550.0,4.5,4,31.5
149,0.22460000000000002,1650.0,1.5,2,2.5
150,0.22460000000000002,1750.0,1.5,2,2.5
151,0.22460000000000002,1850.0,18.0,2,333.0
152,0.22460000000000002,1950.0,5.0,1,25.0
153,0.22460000000000002,2050.0,0.0,0,0.0
154,0.22460000000000002,2150.0,4.0,1,16.0
155,0.22460000000000002,2600.0,0.0,0,0.0
156,0.245,550.0,1.0,1,1.0
157,0.245,1150.0,11.0,1,121.0
158,0.245,1250.0,19.0,1,361.0
159,0.245,1350.0,0.0,0,0.0
160,0.245,1450.0,0.0,0,0.0
161,0.245,1550.0,0.0,0,0.0
162,0.245,1650.0,2.5,2,6.5
163,0.245,1750.0,5.0,1,25.0
164,0.245,1850.0,1.0,1,1.0
165,0.245,1950.0,0.0,0,0.0
166,0.245,2050.0,0.0,0,0.0
167,0.245,2150.0,0.0,0,0.0
168,0.245,2600.0,0.0,0,0.0
169,0.26539999999999997,550.0,0.0,0,0.0
170,0.26539999999999997,1150.0,3.0,1,9.0
171,0.26539999999999997,1250.0,0.0,0,0.0
172,0.26539999999999997,1350.0,0.0,0,0.0
173,0.26539999999999997,1450.0,27.0,1,729.0
174,0.26539999999999997,1550.0,5.0,1,25.0
175,0.26539999999999997,1650.0,0.0,0,0.0
176,0.26539999999999997,1750.0,0.0,0,0.0
177,0.26539999999999997,1850.0,0.0,0,0.0
178,0.26539999999999997,1950.0,0.0,0,0.0
179,0.26539999999999997,2050.0,0.0,0,0.0
180,0.26539999999999997,2150.0,4.0,1,16.0
181,0.26539999999999997,2600.0,0.0,0,0.0
182,0.28580000000000005,550.0,0.0,0,0.0
183,0.28580000000000005,1150.0,13.0,1,169.0
184,0.28580000000000005,1250.0,0.0,0,0.0
185,0.28580000000000005,1350.0,19.0,1,361.0
186,0.28580000000000005,1450.0,0.0,0,0.0
187,0.28580000000000005,1550.0,0.0,0,0.0
188,0.28580000000000005,1650.0,0.0,0,0.0
189,0.28580000000000005,1750.0,0.0,0,0.0
190,0.28580000000000005,1850.0,20.0,1,400.0
191,0.28580000000000005,1950.0,0.0,0,0.0
192,0.28580000000000005,2050.0,7.0,2,49.0
193,0.28580000000000005,2150.0,0.0,0,0.0
194,0.28580000000000005,2600.0,0.0,0,0.0
195,0.3062,550.0,0.0,0,0.0
196,0.3062,1150.0,24.0,1,576.0
197,0.3062,1250.0,0.0,0,0.0
198,0.3062,1350.0,2.0,1,4.0
199,0.3062,1450.0,0.0,0,0.0
200,0.3062,1550.0,0.0,0,0.0
201,0.3062,1650.0,0.0,0,0.0
202,0.3062,1750.0,0.0,0,0.0
203,0.3062,1850.0,0.0,0,0.0
204,0.3062,1950.0,0.0,0,0.0
205,0.3062,2050.0,14.0,1,196.0
206,0.3062,2150.0,0.0,0,0.0
207,0.3062,2600.0,0.0,0,0.0
208,0.3266,550.0,0.0,0,0.0
209,0.3266,1150.0,9.0,1,81.0
210,0.3266,1250.0,0.0,0,0.0
211,0.3266,1350.0,0.0,0,0.0
212,0.3266,1450.0,0.0,0,0.0
213,0.3266,1550.0,0.0,0,0.0
214,0.3266,1650.0,1.0,1,1.0
215,0.3266,1750.0,0.0,0,0.0
216,0.3266,1850.0,0.0,0,0.0
217,0.3266,1950.0,0.0,0,0.0
218,0.3266,2050.0,0.0,0,0.0
219,0.3266,2150.0,6.5,2,62.5
220,0.3266,2600.0,0.0,0,0.0
221,0.347,550.0,0.0,0,0.0
222,0.347,1150.0,0.0,0,0.0
223,0.347,1250.0,0.0,0,0.0
224,0.347,1350.0,0.0,0,0.0
225,0.347,1450.0,18.0,1,324.0
226,0.347,1550.0,0.0,0,0.0
227,0.347,1650.0,4.0,1,16.0
228,0.347,1750.0,0.0,0,0.0
229,0.347,1850.0,4.0,1,16.0
230,0.347,1950.0,0.0,0,0.0
231,0.347,2050.0,4.0,1,16.0
232,0.347,2150.0,0.0,0,0.0
233,0.347,2600.0,0.0,0,0.0
234,0.36740000000000006,550.0,0.0,0,0.0
235,0.36740000000000006,1150.0,0.0,0,0.0
236,0.36740000000000006,1250.0,0.0,0,0.0
237,0.36740000000000006,1350.0,0.0,0,0.0
238,0.36740000000000006,1450.0,0.0,0,0.0
239,0.36740000000000006,1550.0,0.0,0,0.0
240,0.36740000000000006,1650.0,0.0,0,0.0
241,0.36740000000000006,1750.0,0.0,0,0.0
242,0.36740000000000006,1850.0,11.0,1,121.0
243,0.36740000000000006,1950.0,0.0,0,0.0
244,0.36740000000000006,2050.0,7.0,1,49.0
245,0.36740000000000006,2150.0,0.0,0,0.0
246,0.36740000000000006,2600.0,0.0,0,0.0
247,0.38780000000000003,550.0,0.0,0,0.0
248,0.38780000000000003,1150.0,0.0,0,0.0
249,0.38780000000000003,1250.0,0.0,0,0.0
250,0.38780000000000003,1350.0,0.0,0,0.0
251,0.38780000000000003,1450.0,0.0,0,0.0
252,0.38780000000000003,1550.0,0.0,0,0.0
253,0.38780000000000003,1650.0,0.0,0,0.0
254,0.38780000000000003,1750.0,0.0,0,0.0
255,0.38780000000000003,1850.0,0.0,0,0.0
256,0.38780000000000003,1950.0,0.0,0,0.0
257,0.38780000000000003,2050.0,0.0,0,0.0
258,0.38780000000000003,2150.0,0.0,0,0.0
259,0.38780000000000003,2600.0,0.0,0,0.0
260,0.4082,550.0,0.0,0,0.0
261,0.4082,1150.0,0.0,0,0.0
262,0.4082,1250.0,7.0,1,49.0
263,0.4082,1350.0,0.0,0,0.0
264,0.4082,1450.0,0.0,0,0.0
265,0.4082,1550.0,0.0,0,0.0
266,0.4082,1650.0,0.0,0,0.0
267,0.4082,1750.0,0.0,0,0.0
268,0.4082,1850.0,0.0,0,0.0
269,0.4082,1950.0,0.0,0,0.0
270,0.4082,2050.0,0.0,0,0.0
271,0.4082,2150.0,0.0,0,0.0
272,0.4082,2600.0,0.0,0,0.0
273,0.4286,550.0,0.0,0,0.0
274,0.4286,1150.0,0.0,0,0.0
275,0.4286,1250.0,0.0,0,0.0
276,0.4286,1350.0,2.0,1,4.0
277,0.4286,1450.0,0.0,0,0.0
278,0.4286,1550.0,0.0,0,0.0
279,0.4286,1650.0,0.0,0,0.0
280,0.4286,1750.0,0.0,0,0.0
281,0.4286,1850.0,0.0,0,0.0
282,0.4286,1950.0,0.0,0,0.0
283,0.4286,2050.0,0.0,0,0.0
284,0.4286,2150.0,36.0,1,1296.0
285,0.4286,2600.0,0.0,0,0.0
286,0.44900000000000007,550.0,0.0,0,0.0
287,0.44900000000000007,1150.0,0.0,0,0.0
288,0.44900000000000007,1250.0,0.0,0,0.0
289,0.44900000000000007,1350.0,0.0,0,0.0
290,0.44900000000000007,1450.0,0.0,0,0.0
291,0.44900000000000007,1550.0,0.0,0,0.0
292,0.44900000000000007,1650.0,10.0,1,100.0
293,0.44900000000000007,1750.0,0.0,0,0.0
294,0.44900000000000007,1850.0,0.0,0,0.0
295,0.44900000000000007,1950.0,0.0,0,0.0
296,0.44900000000000007,2050.0,0.0,0,0.0
297,0.44900000000000007,2150.0,0.0,0,0.0
298,0.44900000000000007,2600.0,0.0,0,0.0
299,0.46940000000000004,550.0,0.0,0,0.0
300,0.46940000000000004,1150.0,0.0,0,0.0
301,0.46940000000000004,1250.0,0.0,0,0.0
302,0.46940000000000004,1350.0,0.0,0,0.0
303,0.46940000000000004,1450.0,0.0,0,0.0
304,0.46940000000000004,1550.0,0.0,0,0.0
305,0.46940000000000004,1650.0,13.0,1,169.0
306,0.46940000000000004,1750.0,0.0,0,0.0
307,0.46940000000000004,1850.0,0.0,0,0.0
308,0.46940000000000004,1950.0,37.0,1,1369.0
309,0.46940000000000004,2050.0,0.0,0,0.0
310,0.46940000000000004,2150.0,0.0,0,0.0
311,0.46940000000000004,2600.0,0.0,0,0.0
312,0.4898,550.0,0.0,0,0.0
313,0.4898,1150.0,0.0,0,0.0
314,0.4898,1250.0,0.0,0,0.0
315,0.4898,1350.0,0.0,0,0.0
316,0.4898,1450.0,0.0,0,0.0
317,0.4898,1550.0,0.0,0,0.0
318,0.4898,1650.0,0.0,0,0.0
319,0.4898,1750.0,0.0,0,0.0
320,0.4898,1850.0,11.0,1,121.0
321,0.4898,1950.0,0.0,0,0.0
322,0.4898,2050.0,0.0,0,0.0
323,0.4898,2150.0,0.0,0,0.0
324,0.4898,2600.0,0.0,0,0.0
325,0.75,550.0,0.0,0,0.0
326,0.75,1150.0,0.0,0,0.0
327,0.75,1250.0,8.5,2,144.5
328,0.75,1350.0,0.0,0,0.0
329,0.75,1450.0,0.0,0,0.0
330,0.75,1550.0,0.0,0,0.0
331,0.75,1650.0,0.0,0,0.0
332,0.75,1750.0,2.0,1,4.0
333,0.75,1850.0,6.0,1,36.0
334,0.75,1950.0,0.0,0,0.0
335,0.75,2050.0,0.0,0,0.0
336,0.75,2150.0,0.0,0,0.0
337,0.75,2600.0,9.0,1,81.0
