,voc_bin,elo_bin,rtmean,rtcount,rt_squaredmean
0,0.00020000000000000052,550.0,4.307531380753139,1434,39.08716875871687
1,0.00020000000000000052,1150.0,3.9167482859941236,1021,31.785504407443685
2,0.00020000000000000052,1250.0,3.842707340324118,1049,33.16015252621545
3,0.00020000000000000052,1350.0,3.695993031358885,1148,26.263937282229968
4,0.00020000000000000052,1450.0,3.5644171779141107,1630,29.748466257668706
5,0.00020000000000000052,1550.0,2.9829974811083124,1588,21.937657430730482
6,0.00020000000000000052,1650.0,3.2701575532900833,2158,25.71408711770158
7,0.00020000000000000052,1750.0,3.005952380952381,1848,22.522186147186147
8,0.00020000000000000052,1850.0,3.0448215839860744,2298,22.526979982593563
9,0.00020000000000000052,1950.0,3.1057898498927803,1399,31.24160114367406
10,0.00020000000000000052,2050.0,3.078967350037965,1317,26.643128321943806
11,0.00020000000000000052,2150.0,2.6976170912078876,1217,18.60394412489729
12,0.00020000000000000052,2600.0,2.3581283743251342,1667,19.54589082183563
13,0.0206,550.0,5.402255639097744,266,72.7706766917293
14,0.0206,1150.0,4.4976303317535535,211,39.06635071090047
15,0.0206,1250.0,4.600000000000001,210,38.16190476190476
16,0.0206,1350.0,4.307443365695792,309,38.70226537216829
17,0.0206,1450.0,3.781990521327014,422,30.24170616113744
18,0.0206,1550.0,3.239247311827957,372,20.411290322580648
19,0.0206,1650.0,3.517671517671518,481,28.469854469854464
20,0.0206,1750.0,3.637614678899082,436,38.31651376146789
21,0.0206,1850.0,3.461267605633803,568,28.232394366197184
22,0.0206,1950.0,3.6124661246612466,369,53.35230352303524
23,0.0206,2050.0,3.6315789473684212,342,32.614035087719294
24,0.0206,2150.0,3.1811846689895478,287,28.54703832752613
25,0.0206,2600.0,2.885922330097087,412,30.376213592233007
26,0.041,550.0,5.144,125,47.73599999999999
27,0.041,1150.0,5.435114503816794,131,159.35877862595424
28,0.041,1250.0,4.649122807017543,114,35.35087719298246
29,0.041,1350.0,4.380952380952381,147,35.863945578231295
30,0.041,1450.0,4.531707317073171,205,41.263414634146336
31,0.041,1550.0,4.108247422680412,194,32.98453608247423
32,0.041,1650.0,4.11693548387097,248,34.520161290322584
33,0.041,1750.0,4.091743119266054,218,37.247706422018354
34,0.041,1850.0,3.666666666666666,267,25.037453183520597
35,0.041,1950.0,4.335260115606937,173,45.687861271676304
36,0.041,2050.0,3.628930817610064,159,21.9182389937107
37,0.041,2150.0,4.292993630573249,157,37.21019108280255
38,0.041,2600.0,3.245614035087719,171,25.561403508771924
39,0.06140000000000001,550.0,5.317460317460319,63,72.80952380952381
40,0.06140000000000001,1150.0,5.064516129032258,62,48.16129032258065
41,0.06140000000000001,1250.0,4.838709677419354,62,40.2258064516129
42,0.06140000000000001,1350.0,5.466666666666667,75,55.493333333333325
43,0.06140000000000001,1450.0,4.539823008849557,113,42.911504424778755
44,0.06140000000000001,1550.0,6.93548387096774,93,106.89247311827958
45,0.06140000000000001,1650.0,3.5703125000000004,128,21.8671875
46,0.06140000000000001,1750.0,4.24,125,48.768
47,0.06140000000000001,1850.0,5.0656934306569354,137,52.02919708029197
48,0.06140000000000001,1950.0,4.414893617021277,94,35.989361702127646
49,0.06140000000000001,2050.0,5.137254901960785,102,77.05882352941175
50,0.06140000000000001,2150.0,4.6125,80,50.987500000000004
51,0.06140000000000001,2600.0,3.5461538461538455,130,27.423076923076916
52,0.08180000000000001,550.0,6.268292682926829,41,68.17073170731706
53,0.08180000000000001,1150.0,5.866666666666665,30,62.86666666666666
54,0.08180000000000001,1250.0,4.758620689655173,29,37.37931034482758
55,0.08180000000000001,1350.0,6.999999999999999,43,104.7674418604651
56,0.08180000000000001,1450.0,5.164179104477611,67,43.01492537313433
57,0.08180000000000001,1550.0,4.0625,64,39.96874999999999
58,0.08180000000000001,1650.0,4.571428571428571,63,36.476190476190474
59,0.08180000000000001,1750.0,4.550561797752808,89,32.91011235955057
60,0.08180000000000001,1850.0,4.876543209876543,81,46.16049382716048
61,0.08180000000000001,1950.0,5.28169014084507,71,54.1830985915493
62,0.08180000000000001,2050.0,4.592592592592592,54,41.592592592592595
63,0.08180000000000001,2150.0,4.531914893617022,47,39.29787234042552
64,0.08180000000000001,2600.0,4.695652173913043,69,52.66666666666668
65,0.10220000000000001,550.0,5.521739130434782,23,43.434782608695656
66,0.10220000000000001,1150.0,3.6153846153846154,26,23.69230769230769
67,0.10220000000000001,1250.0,6.333333333333331,21,70.33333333333331
68,0.10220000000000001,1350.0,4.24,25,32.48
69,0.10220000000000001,1450.0,5.11111111111111,45,46.71111111111111
70,0.10220000000000001,1550.0,4.428571428571428,42,34.04761904761905
71,0.10220000000000001,1650.0,5.150943396226416,53,60.84905660377358
72,0.10220000000000001,1750.0,3.7837837837837833,37,27.945945945945944
73,0.10220000000000001,1850.0,3.7192982456140347,57,32.21052631578949
74,0.10220000000000001,1950.0,4.6969696969696955,33,45.303030303030305
75,0.10220000000000001,2050.0,6.555555555555556,36,83.94444444444446
76,0.10220000000000001,2150.0,3.8095238095238098,21,23.999999999999996
77,0.10220000000000001,2600.0,4.449999999999999,60,44.35
78,0.12260000000000001,550.0,5.624999999999999,16,65.0
79,0.12260000000000001,1150.0,6.105263157894736,19,101.05263157894737
80,0.12260000000000001,1250.0,4.538461538461538,13,33.61538461538461
81,0.12260000000000001,1350.0,5.411764705882353,17,46.705882352941174
82,0.12260000000000001,1450.0,7.5,36,89.94444444444444
83,0.12260000000000001,1550.0,4.913043478260869,23,40.82608695652174
84,0.12260000000000001,1650.0,5.939393939393939,33,59.515151515151516
85,0.12260000000000001,1750.0,5.774193548387096,31,78.6774193548387
86,0.12260000000000001,1850.0,5.282051282051282,39,60.0
87,0.12260000000000001,1950.0,4.567567567567567,37,39.54054054054055
88,0.12260000000000001,2050.0,5.956521739130434,23,94.39130434782608
89,0.12260000000000001,2150.0,4.444444444444444,27,36.592592592592595
90,0.12260000000000001,2600.0,5.1842105263157885,38,92.50000000000003
91,0.14300000000000002,550.0,6.416666666666666,12,60.916666666666664
92,0.14300000000000002,1150.0,11.111111111111109,9,368.2222222222222
93,0.14300000000000002,1250.0,3.6,10,24.0
94,0.14300000000000002,1350.0,9.181818181818182,11,146.45454545454544
95,0.14300000000000002,1450.0,6.733333333333334,15,119.66666666666669
96,0.14300000000000002,1550.0,5.153846153846153,13,40.53846153846153
97,0.14300000000000002,1650.0,5.136363636363637,22,45.863636363636374
98,0.14300000000000002,1750.0,4.6,25,42.76
99,0.14300000000000002,1850.0,5.931034482758621,29,100.06896551724138
100,0.14300000000000002,1950.0,6.714285714285714,21,84.80952380952381
101,0.14300000000000002,2050.0,6.000000000000001,17,66.47058823529412
102,0.14300000000000002,2150.0,4.411764705882351,17,63.0
103,0.14300000000000002,2600.0,4.0,29,34.62068965517241
104,0.1634,550.0,5.285714285714286,7,46.714285714285715
105,0.1634,1150.0,4.5,4,27.499999999999996
106,0.1634,1250.0,3.5,6,15.833333333333332
107,0.1634,1350.0,4.857142857142858,14,83.28571428571429
108,0.1634,1450.0,4.625,16,30.249999999999996
109,0.1634,1550.0,4.999999999999999,14,73.14285714285714
110,0.1634,1650.0,4.2,20,41.4
111,0.1634,1750.0,5.375,16,48.25
112,0.1634,1850.0,6.4375,16,79.5625
113,0.1634,1950.0,6.578947368421053,19,76.15789473684211
114,0.1634,2050.0,5.3,20,59.999999999999986
115,0.1634,2150.0,2.9230769230769234,13,21.23076923076923
116,0.1634,2600.0,8.38888888888889,18,143.83333333333334
117,0.18380000000000002,550.0,4.800000000000001,5,35.2
118,0.18380000000000002,1150.0,8.399999999999999,5,110.0
119,0.18380000000000002,1250.0,3.0,1,9.0
120,0.18380000000000002,1350.0,5.300000000000001,10,37.900000000000006
121,0.18380000000000002,1450.0,8.090909090909092,11,116.27272727272725
122,0.18380000000000002,1550.0,5.416666666666667,12,50.08333333333333
123,0.18380000000000002,1650.0,3.5624999999999996,16,16.062499999999996
124,0.18380000000000002,1750.0,5.0,12,107.33333333333333
125,0.18380000000000002,1850.0,4.692307692307692,13,36.846153846153854
126,0.18380000000000002,1950.0,7.500000000000001,12,87.16666666666667
127,0.18380000000000002,2050.0,8.562500000000002,16,183.3125
128,0.18380000000000002,2150.0,7.4,10,127.39999999999998
129,0.18380000000000002,2600.0,3.6666666666666665,18,28.333333333333336
130,0.2042,550.0,9.0,4,103.5
131,0.2042,1150.0,2.0,5,5.2
132,0.2042,1250.0,5.333333333333333,9,40.666666666666664
133,0.2042,1350.0,4.666666666666666,3,28.666666666666664
134,0.2042,1450.0,7.666666666666667,12,158.83333333333331
135,0.2042,1550.0,4.3999999999999995,10,34.199999999999996
136,0.2042,1650.0,2.4444444444444446,9,7.777777777777778
137,0.2042,1750.0,3.533333333333333,15,31.933333333333337
138,0.2042,1850.0,6.105263157894738,19,68.31578947368422
139,0.2042,1950.0,6.583333333333333,12,104.58333333333333
140,0.2042,2050.0,9.666666666666668,6,169.33333333333334
141,0.2042,2150.0,6.0,8,68.75
142,0.2042,2600.0,4.818181818181818,11,39.18181818181819
143,0.22460000000000002,550.0,5.249999999999999,8,34.0
144,0.22460000000000002,1150.0,1.5,2,2.5
145,0.22460000000000002,1250.0,2.333333333333333,3,6.999999999999999
146,0.22460000000000002,1350.0,5.0,3,30.999999999999996
147,0.22460000000000002,1450.0,5.6,5,41.599999999999994
148,0.22460000000000002,1550.0,7.5,4,71.5
149,0.22460000000000002,1650.0,3.5833333333333335,12,22.249999999999993
150,0.22460000000000002,1750.0,6.666666666666666,6,74.33333333333333
151,0.22460000000000002,1850.0,2.7272727272727275,11,13.999999999999998
152,0.22460000000000002,1950.0,3.5,4,19.5
153,0.22460000000000002,2050.0,7.666666666666667,6,84.0
154,0.22460000000000002,2150.0,5.142857142857142,7,81.14285714285714
155,0.22460000000000002,2600.0,4.428571428571429,7,65.85714285714286
156,0.245,550.0,6.666666666666666,3,64.66666666666666
157,0.245,1150.0,6.75,4,56.75
158,0.245,1250.0,9.333333333333332,3,116.66666666666666
159,0.245,1350.0,4.714285714285714,7,41.0
160,0.245,1450.0,6.0,5,51.599999999999994
161,0.245,1550.0,5.5,4,51.0
162,0.245,1650.0,3.142857142857142,7,11.714285714285712
163,0.245,1750.0,7.0,7,74.71428571428571
164,0.245,1850.0,10.272727272727273,11,211.0
165,0.245,1950.0,4.6,5,32.6
166,0.245,2050.0,6.333333333333333,3,65.0
167,0.245,2150.0,6.428571428571428,7,107.57142857142857
168,0.245,2600.0,8.5,2,92.5
169,0.26539999999999997,550.0,11.0,2,122.0
170,0.26539999999999997,1150.0,2.0,4,4.5
171,0.26539999999999997,1250.0,12.0,2,145.0
172,0.26539999999999997,1350.0,7.333333333333333,3,62.0
173,0.26539999999999997,1450.0,14.0,1,196.0
174,0.26539999999999997,1550.0,2.2222222222222223,9,8.444444444444445
175,0.26539999999999997,1650.0,8.363636363636363,11,111.27272727272727
176,0.26539999999999997,1750.0,2.6363636363636362,11,10.454545454545453
177,0.26539999999999997,1850.0,3.875,8,22.125000000000004
178,0.26539999999999997,1950.0,7.857142857142858,7,169.57142857142856
179,0.26539999999999997,2050.0,9.66666666666667,6,130.66666666666669
180,0.26539999999999997,2150.0,6.0,3,54.666666666666664
181,0.26539999999999997,2600.0,2.25,4,6.75
182,0.28580000000000005,550.0,6.666666666666666,3,51.33333333333333
183,0.28580000000000005,1150.0,0.0,0,0.0
184,0.28580000000000005,1250.0,5.200000000000001,5,36.4
185,0.28580000000000005,1350.0,3.75,4,23.75
186,0.28580000000000005,1450.0,7.333333333333333,3,84.66666666666667
187,0.28580000000000005,1550.0,6.25,8,74.0
188,0.28580000000000005,1650.0,4.5,2,26.5
189,0.28580000000000005,1750.0,7.000000000000001,5,69.8
190,0.28580000000000005,1850.0,6.333333333333333,12,91.83333333333333
191,0.28580000000000005,1950.0,6.0,1,36.0
192,0.28580000000000005,2050.0,6.0,5,53.2
193,0.28580000000000005,2150.0,3.8,5,23.0
194,0.28580000000000005,2600.0,5.75,8,119.0
195,0.3062,550.0,0.0,0,0.0
196,0.3062,1150.0,5.0,1,25.0
197,0.3062,1250.0,13.0,5,317.4
198,0.3062,1350.0,7.666666666666667,6,145.0
199,0.3062,1450.0,5.0,3,29.666666666666664
200,0.3062,1550.0,5.0,3,27.0
201,0.3062,1650.0,7.166666666666668,6,96.16666666666667
202,0.3062,1750.0,10.333333333333332,3,126.99999999999999
203,0.3062,1850.0,10.57142857142857,7,209.42857142857142
204,0.3062,1950.0,3.6666666666666665,3,17.666666666666664
205,0.3062,2050.0,1.6666666666666665,3,3.6666666666666665
206,0.3062,2150.0,2.8333333333333335,6,13.166666666666666
207,0.3062,2600.0,4.285714285714286,7,46.285714285714285
208,0.3266,550.0,0.0,1,0.0
209,0.3266,1150.0,6.0,2,52.0
210,0.3266,1250.0,10.0,2,109.0
211,0.3266,1350.0,0.0,0,0.0
212,0.3266,1450.0,6.166666666666667,6,83.83333333333334
213,0.3266,1550.0,9.8,5,180.20000000000002
214,0.3266,1650.0,5.333333333333333,3,50.666666666666664
215,0.3266,1750.0,2.6666666666666665,3,7.333333333333333
216,0.3266,1850.0,3.6666666666666665,9,36.77777777777777
217,0.3266,1950.0,17.0,3,681.6666666666666
218,0.3266,2050.0,3.0,1,9.0
219,0.3266,2150.0,4.2,5,25.8
220,0.3266,2600.0,10.25,4,156.25
221,0.347,550.0,12.666666666666664,3,280.66666666666663
222,0.347,1150.0,4.0,1,16.0
223,0.347,1250.0,17.5,2,396.5
224,0.347,1350.0,0.0,0,0.0
225,0.347,1450.0,5.5,2,30.5
226,0.347,1550.0,30.0,2,904.0
227,0.347,1650.0,4.0,3,20.666666666666664
228,0.347,1750.0,5.666666666666666,3,53.666666666666664
229,0.347,1850.0,2.0,1,4.0
230,0.347,1950.0,6.5,2,54.5
231,0.347,2050.0,5.0,2,26.0
232,0.347,2150.0,4.833333333333333,6,41.49999999999999
233,0.347,2600.0,1.0,1,1.0
234,0.36740000000000006,550.0,1.0,2,2.0
235,0.36740000000000006,1150.0,7.999999999999999,3,72.66666666666666
236,0.36740000000000006,1250.0,11.5,2,174.5
237,0.36740000000000006,1350.0,0.0,0,0.0
238,0.36740000000000006,1450.0,3.5,2,18.5
239,0.36740000000000006,1550.0,2.5,4,7.5
240,0.36740000000000006,1650.0,2.0,1,4.0
241,0.36740000000000006,1750.0,1.5,2,2.5
242,0.36740000000000006,1850.0,8.75,4,128.75
243,0.36740000000000006,1950.0,4.0,2,17.0
244,0.36740000000000006,2050.0,6.0,1,36.0
245,0.36740000000000006,2150.0,13.5,2,254.5
246,0.36740000000000006,2600.0,1.75,4,4.25
247,0.38780000000000003,550.0,0.0,0,0.0
248,0.38780000000000003,1150.0,0.0,0,0.0
249,0.38780000000000003,1250.0,6.0,1,36.0
250,0.38780000000000003,1350.0,0.0,0,0.0
251,0.38780000000000003,1450.0,8.0,2,64.0
252,0.38780000000000003,1550.0,2.333333333333333,3,7.0
253,0.38780000000000003,1650.0,5.333333333333333,3,31.999999999999996
254,0.38780000000000003,1750.0,0.0,0,0.0
255,0.38780000000000003,1850.0,3.333333333333333,3,13.999999999999998
256,0.38780000000000003,1950.0,3.0,2,10.0
257,0.38780000000000003,2050.0,9.0,1,81.0
258,0.38780000000000003,2150.0,5.0,1,25.0
259,0.38780000000000003,2600.0,0.0,0,0.0
260,0.4082,550.0,0.0,0,0.0
261,0.4082,1150.0,0.0,0,0.0
262,0.4082,1250.0,1.0,3,1.6666666666666667
263,0.4082,1350.0,0.0,0,0.0
264,0.4082,1450.0,9.0,1,81.0
265,0.4082,1550.0,5.0,1,25.0
266,0.4082,1650.0,6.0,1,36.0
267,0.4082,1750.0,0.0,0,0.0
268,0.4082,1850.0,0.0,0,0.0
269,0.4082,1950.0,1.0,1,1.0
270,0.4082,2050.0,4.0,1,16.0
271,0.4082,2150.0,2.0,2,5.0
272,0.4082,2600.0,3.3333333333333335,3,17.999999999999996
273,0.4286,550.0,0.0,0,0.0
274,0.4286,1150.0,0.0,0,0.0
275,0.4286,1250.0,0.0,0,0.0
276,0.4286,1350.0,0.0,0,0.0
277,0.4286,1450.0,13.0,1,169.0
278,0.4286,1550.0,0.0,0,0.0
279,0.4286,1650.0,0.0,0,0.0
280,0.4286,1750.0,0.0,0,0.0
281,0.4286,1850.0,0.0,0,0.0
282,0.4286,1950.0,0.0,0,0.0
283,0.4286,2050.0,12.5,2,176.5
284,0.4286,2150.0,0.0,0,0.0
285,0.4286,2600.0,0.0,1,0.0
286,0.44900000000000007,550.0,0.0,0,0.0
287,0.44900000000000007,1150.0,0.0,0,0.0
288,0.44900000000000007,1250.0,0.0,0,0.0
289,0.44900000000000007,1350.0,4.0,1,16.0
290,0.44900000000000007,1450.0,8.0,1,64.0
291,0.44900000000000007,1550.0,7.0,1,49.0
292,0.44900000000000007,1650.0,0.0,0,0.0
293,0.44900000000000007,1750.0,7.666666666666666,3,72.99999999999999
294,0.44900000000000007,1850.0,1.5,2,2.5
295,0.44900000000000007,1950.0,13.0,2,290.0
296,0.44900000000000007,2050.0,2.0,1,4.0
297,0.44900000000000007,2150.0,0.0,0,0.0
298,0.44900000000000007,2600.0,0.0,0,0.0
299,0.46940000000000004,550.0,0.0,0,0.0
300,0.46940000000000004,1150.0,7.0,2,65.0
301,0.46940000000000004,1250.0,5.0,1,25.0
302,0.46940000000000004,1350.0,0.0,0,0.0
303,0.46940000000000004,1450.0,0.0,0,0.0
304,0.46940000000000004,1550.0,2.0,1,4.0
305,0.46940000000000004,1650.0,0.0,0,0.0
306,0.46940000000000004,1750.0,0.0,0,0.0
307,0.46940000000000004,1850.0,4.0,1,16.0
308,0.46940000000000004,1950.0,0.0,0,0.0
309,0.46940000000000004,2050.0,0.0,0,0.0
310,0.46940000000000004,2150.0,0.0,0,0.0
311,0.46940000000000004,2600.0,3.0,3,17.0
312,0.4898,550.0,9.0,2,85.0
313,0.4898,1150.0,0.0,0,0.0
314,0.4898,1250.0,0.0,0,0.0
315,0.4898,1350.0,0.0,0,0.0
316,0.4898,1450.0,0.0,0,0.0
317,0.4898,1550.0,2.0,1,4.0
318,0.4898,1650.0,5.0,1,25.0
319,0.4898,1750.0,0.0,0,0.0
320,0.4898,1850.0,7.0,1,49.0
321,0.4898,1950.0,0.0,0,0.0
322,0.4898,2050.0,0.0,0,0.0
323,0.4898,2150.0,1.0,1,1.0
324,0.4898,2600.0,1.0,1,1.0
325,0.75,550.0,12.0,2,145.0
326,0.75,1150.0,6.333333333333333,3,49.666666666666664
327,0.75,1250.0,0.0,0,0.0
328,0.75,1350.0,4.0,1,16.0
329,0.75,1450.0,4.333333333333333,3,29.666666666666664
330,0.75,1550.0,20.0,3,405.99999999999994
331,0.75,1650.0,36.0,1,1296.0
332,0.75,1750.0,5.0,2,41.0
333,0.75,1850.0,6.0,3,54.666666666666664
334,0.75,1950.0,2.0,2,8.0
335,0.75,2050.0,10.666666666666666,3,178.66666666666666
336,0.75,2150.0,1.5,2,2.5
337,0.75,2600.0,4.0,3,18.0
