,voc_bin,elo_bin,rtmean,rtcount,rt_squaredmean
0,0.00020000000000000052,550.0,1.934959349593496,492,6.658536585365853
1,0.00020000000000000052,1150.0,1.714574898785425,494,5.665991902834008
2,0.00020000000000000052,1250.0,1.5843920145190562,551,4.822141560798548
3,0.00020000000000000052,1350.0,1.5089285714285714,336,3.7172619047619047
4,0.00020000000000000052,1450.0,1.6416666666666666,240,6.2
5,0.00020000000000000052,1550.0,1.4595959595959596,396,3.4545454545454546
6,0.00020000000000000052,1650.0,1.5013123359580052,381,4.488188976377953
7,0.00020000000000000052,1750.0,1.4271844660194175,103,3.0776699029126213
8,0.00020000000000000052,1850.0,1.5769230769230769,208,4.826923076923077
9,0.00020000000000000052,1950.0,1.5198237885462555,227,4.682819383259912
10,0.00020000000000000052,2050.0,1.4482758620689655,87,5.149425287356322
11,0.00020000000000000052,2150.0,1.0086206896551724,232,2.4224137931034484
12,0.00020000000000000052,2600.0,0.8095238095238095,357,1.8123249299719888
13,0.0206,550.0,2.2933333333333334,75,8.586666666666666
14,0.0206,1150.0,1.9901960784313726,102,7.3431372549019605
15,0.0206,1250.0,1.916083916083916,143,14.153846153846153
16,0.0206,1350.0,1.381578947368421,76,3.8289473684210527
17,0.0206,1450.0,1.703125,64,5.359375
18,0.0206,1550.0,1.3037974683544304,79,2.5949367088607596
19,0.0206,1650.0,1.43,100,3.45
20,0.0206,1750.0,1.9166666666666667,36,8.694444444444445
21,0.0206,1850.0,1.4615384615384615,52,3.269230769230769
22,0.0206,1950.0,1.25,56,2.357142857142857
23,0.0206,2050.0,1.8387096774193548,31,5.387096774193548
24,0.0206,2150.0,1.2452830188679245,53,3.207547169811321
25,0.0206,2600.0,0.8627450980392157,51,1.4509803921568627
26,0.041,550.0,1.88,50,5.6
27,0.041,1150.0,2.152173913043478,46,6.413043478260869
28,0.041,1250.0,2.046153846153846,65,6.815384615384615
29,0.041,1350.0,1.380952380952381,42,3.380952380952381
30,0.041,1450.0,1.6785714285714286,28,3.9642857142857144
31,0.041,1550.0,1.588235294117647,51,3.4705882352941178
32,0.041,1650.0,1.65,40,5.0
33,0.041,1750.0,1.9565217391304348,23,5.956521739130435
34,0.041,1850.0,2.0,35,5.542857142857143
35,0.041,1950.0,1.4166666666666667,24,3.4166666666666665
36,0.041,2050.0,1.1764705882352942,17,2.1176470588235294
37,0.041,2150.0,1.7407407407407407,27,5.37037037037037
38,0.041,2600.0,1.5909090909090908,22,11.590909090909092
39,0.06140000000000001,550.0,2.8421052631578947,19,11.894736842105264
40,0.06140000000000001,1150.0,2.0,21,4.857142857142857
41,0.06140000000000001,1250.0,1.793103448275862,29,4.068965517241379
42,0.06140000000000001,1350.0,1.9583333333333333,24,5.458333333333333
43,0.06140000000000001,1450.0,2.5,12,10.333333333333334
44,0.06140000000000001,1550.0,1.3157894736842106,19,3.210526315789474
45,0.06140000000000001,1650.0,1.76,25,5.28
46,0.06140000000000001,1750.0,2.4,5,9.6
47,0.06140000000000001,1850.0,1.3125,16,2.3125
48,0.06140000000000001,1950.0,1.5,22,3.590909090909091
49,0.06140000000000001,2050.0,0.0,0,0.0
50,0.06140000000000001,2150.0,1.5714285714285714,7,3.0
51,0.06140000000000001,2600.0,1.5,16,4.0
52,0.08180000000000001,550.0,2.909090909090909,11,11.818181818181818
53,0.08180000000000001,1150.0,2.4761904761904763,21,10.761904761904763
54,0.08180000000000001,1250.0,1.6111111111111112,18,3.5
55,0.08180000000000001,1350.0,1.5714285714285714,14,3.7142857142857144
56,0.08180000000000001,1450.0,2.4285714285714284,7,10.714285714285714
57,0.08180000000000001,1550.0,1.1428571428571428,14,1.8571428571428572
58,0.08180000000000001,1650.0,2.230769230769231,13,7.153846153846154
59,0.08180000000000001,1750.0,2.0,4,4.0
60,0.08180000000000001,1850.0,2.2,10,8.6
61,0.08180000000000001,1950.0,2.375,8,7.625
62,0.08180000000000001,2050.0,1.0,1,1.0
63,0.08180000000000001,2150.0,1.0,4,1.5
64,0.08180000000000001,2600.0,1.2307692307692308,13,3.3846153846153846
65,0.10220000000000001,550.0,4.0,4,21.5
66,0.10220000000000001,1150.0,2.0,9,4.888888888888889
67,0.10220000000000001,1250.0,1.7777777777777777,9,4.0
68,0.10220000000000001,1350.0,3.375,8,24.625
69,0.10220000000000001,1450.0,2.8,5,10.0
70,0.10220000000000001,1550.0,2.0,4,4.5
71,0.10220000000000001,1650.0,1.8333333333333333,6,4.166666666666667
72,0.10220000000000001,1750.0,2.6666666666666665,3,8.0
73,0.10220000000000001,1850.0,0.5,4,0.5
74,0.10220000000000001,1950.0,1.2,5,2.0
75,0.10220000000000001,2050.0,2.5,2,8.5
76,0.10220000000000001,2150.0,1.6666666666666667,3,3.0
77,0.10220000000000001,2600.0,0.5555555555555556,9,0.7777777777777778
78,0.12260000000000001,550.0,2.0,2,4.0
79,0.12260000000000001,1150.0,3.0,3,9.666666666666666
80,0.12260000000000001,1250.0,1.6666666666666667,6,3.3333333333333335
81,0.12260000000000001,1350.0,2.25,4,5.25
82,0.12260000000000001,1450.0,3.0,4,10.5
83,0.12260000000000001,1550.0,3.0,5,18.2
84,0.12260000000000001,1650.0,1.5,2,2.5
85,0.12260000000000001,1750.0,2.5,2,6.5
86,0.12260000000000001,1850.0,1.6666666666666667,6,3.0
87,0.12260000000000001,1950.0,0.5,2,0.5
88,0.12260000000000001,2050.0,0.0,0,0.0
89,0.12260000000000001,2150.0,1.0,3,1.6666666666666667
90,0.12260000000000001,2600.0,1.0,4,1.0
91,0.14300000000000002,550.0,2.0,2,4.0
92,0.14300000000000002,1150.0,2.1666666666666665,6,7.5
93,0.14300000000000002,1250.0,1.6666666666666667,6,3.0
94,0.14300000000000002,1350.0,1.0,2,2.0
95,0.14300000000000002,1450.0,4.0,1,16.0
96,0.14300000000000002,1550.0,1.75,4,3.75
97,0.14300000000000002,1650.0,2.0,2,4.0
98,0.14300000000000002,1750.0,3.0,3,9.666666666666666
99,0.14300000000000002,1850.0,2.5,6,7.833333333333333
100,0.14300000000000002,1950.0,1.0,7,1.2857142857142858
101,0.14300000000000002,2050.0,4.0,1,16.0
102,0.14300000000000002,2150.0,1.3333333333333333,6,2.3333333333333335
103,0.14300000000000002,2600.0,0.0,1,0.0
104,0.1634,550.0,3.0,1,9.0
105,0.1634,1150.0,3.0,2,10.0
106,0.1634,1250.0,1.5,2,2.5
107,0.1634,1350.0,0.0,0,0.0
108,0.1634,1450.0,4.0,2,25.0
109,0.1634,1550.0,2.6666666666666665,3,10.0
110,0.1634,1650.0,2.6666666666666665,3,8.666666666666666
111,0.1634,1750.0,0.0,0,0.0
112,0.1634,1850.0,2.0,3,4.0
113,0.1634,1950.0,1.6666666666666667,3,3.0
114,0.1634,2050.0,0.0,0,0.0
115,0.1634,2150.0,4.0,1,16.0
116,0.1634,2600.0,1.0,1,1.0
117,0.18380000000000002,550.0,0.6666666666666666,3,0.6666666666666666
118,0.18380000000000002,1150.0,2.3333333333333335,3,5.666666666666667
119,0.18380000000000002,1250.0,1.0,1,1.0
120,0.18380000000000002,1350.0,5.0,1,25.0
121,0.18380000000000002,1450.0,3.0,1,9.0
122,0.18380000000000002,1550.0,1.5,4,3.0
123,0.18380000000000002,1650.0,1.0,1,1.0
124,0.18380000000000002,1750.0,0.0,0,0.0
125,0.18380000000000002,1850.0,3.0,1,9.0
126,0.18380000000000002,1950.0,1.0,1,1.0
127,0.18380000000000002,2050.0,0.0,0,0.0
128,0.18380000000000002,2150.0,1.0,1,1.0
129,0.18380000000000002,2600.0,0.0,0,0.0
130,0.2042,550.0,0.0,0,0.0
131,0.2042,1150.0,2.0,3,4.0
132,0.2042,1250.0,3.0,4,13.5
133,0.2042,1350.0,4.0,1,16.0
134,0.2042,1450.0,0.0,0,0.0
135,0.2042,1550.0,0.0,0,0.0
136,0.2042,1650.0,2.0,2,5.0
137,0.2042,1750.0,0.0,0,0.0
138,0.2042,1850.0,2.25,4,5.25
139,0.2042,1950.0,0.0,1,0.0
140,0.2042,2050.0,0.0,0,0.0
141,0.2042,2150.0,6.0,1,36.0
142,0.2042,2600.0,0.0,0,0.0
143,0.22460000000000002,550.0,4.666666666666667,3,31.333333333333332
144,0.22460000000000002,1150.0,2.5,2,6.5
145,0.22460000000000002,1250.0,2.0,1,4.0
146,0.22460000000000002,1350.0,3.0,1,9.0
147,0.22460000000000002,1450.0,0.0,0,0.0
148,0.22460000000000002,1550.0,3.0,2,10.0
149,0.22460000000000002,1650.0,1.0,1,1.0
150,0.22460000000000002,1750.0,2.0,1,4.0
151,0.22460000000000002,1850.0,1.5,2,2.5
152,0.22460000000000002,1950.0,1.0,1,1.0
153,0.22460000000000002,2050.0,0.0,1,0.0
154,0.22460000000000002,2150.0,0.0,0,0.0
155,0.22460000000000002,2600.0,4.0,1,16.0
156,0.245,550.0,0.0,0,0.0
157,0.245,1150.0,2.6666666666666665,3,7.333333333333333
158,0.245,1250.0,1.0,1,1.0
159,0.245,1350.0,0.0,0,0.0
160,0.245,1450.0,1.0,1,1.0
161,0.245,1550.0,1.5,2,2.5
162,0.245,1650.0,2.0,3,4.666666666666667
163,0.245,1750.0,1.0,1,1.0
164,0.245,1850.0,6.0,1,36.0
165,0.245,1950.0,0.0,0,0.0
166,0.245,2050.0,0.0,0,0.0
167,0.245,2150.0,1.0,1,1.0
168,0.245,2600.0,0.0,0,0.0
169,0.26539999999999997,550.0,0.0,0,0.0
170,0.26539999999999997,1150.0,0.0,0,0.0
171,0.26539999999999997,1250.0,0.0,0,0.0
172,0.26539999999999997,1350.0,0.0,0,0.0
173,0.26539999999999997,1450.0,1.0,1,1.0
174,0.26539999999999997,1550.0,0.0,0,0.0
175,0.26539999999999997,1650.0,0.0,0,0.0
176,0.26539999999999997,1750.0,0.0,0,0.0
177,0.26539999999999997,1850.0,0.0,0,0.0
178,0.26539999999999997,1950.0,0.0,0,0.0
179,0.26539999999999997,2050.0,0.0,0,0.0
180,0.26539999999999997,2150.0,0.0,0,0.0
181,0.26539999999999997,2600.0,0.0,0,0.0
182,0.28580000000000005,550.0,0.0,0,0.0
183,0.28580000000000005,1150.0,0.0,0,0.0
184,0.28580000000000005,1250.0,0.0,0,0.0
185,0.28580000000000005,1350.0,0.0,0,0.0
186,0.28580000000000005,1450.0,0.0,0,0.0
187,0.28580000000000005,1550.0,3.0,1,9.0
188,0.28580000000000005,1650.0,0.0,0,0.0
189,0.28580000000000005,1750.0,0.0,0,0.0
190,0.28580000000000005,1850.0,1.0,1,1.0
191,0.28580000000000005,1950.0,0.0,0,0.0
192,0.28580000000000005,2050.0,0.0,0,0.0
193,0.28580000000000005,2150.0,0.0,0,0.0
194,0.28580000000000005,2600.0,0.0,0,0.0
195,0.3062,550.0,5.0,1,25.0
196,0.3062,1150.0,1.0,1,1.0
197,0.3062,1250.0,3.0,1,9.0
198,0.3062,1350.0,0.0,0,0.0
199,0.3062,1450.0,0.0,0,0.0
200,0.3062,1550.0,0.0,0,0.0
201,0.3062,1650.0,0.0,0,0.0
202,0.3062,1750.0,0.0,0,0.0
203,0.3062,1850.0,0.0,0,0.0
204,0.3062,1950.0,0.0,0,0.0
205,0.3062,2050.0,0.0,0,0.0
206,0.3062,2150.0,3.0,1,9.0
207,0.3062,2600.0,1.0,1,1.0
208,0.3266,550.0,0.0,0,0.0
209,0.3266,1150.0,6.0,1,36.0
210,0.3266,1250.0,0.0,0,0.0
211,0.3266,1350.0,0.0,0,0.0
212,0.3266,1450.0,0.0,0,0.0
213,0.3266,1550.0,1.0,2,1.0
214,0.3266,1650.0,5.5,2,36.5
215,0.3266,1750.0,0.0,0,0.0
216,0.3266,1850.0,0.0,0,0.0
217,0.3266,1950.0,1.0,1,1.0
218,0.3266,2050.0,0.0,0,0.0
219,0.3266,2150.0,0.0,0,0.0
220,0.3266,2600.0,0.0,0,0.0
221,0.347,550.0,0.0,0,0.0
222,0.347,1150.0,0.0,0,0.0
223,0.347,1250.0,2.0,1,4.0
224,0.347,1350.0,0.0,0,0.0
225,0.347,1450.0,0.0,0,0.0
226,0.347,1550.0,2.5,2,6.5
227,0.347,1650.0,0.0,0,0.0
228,0.347,1750.0,0.0,0,0.0
229,0.347,1850.0,0.0,0,0.0
230,0.347,1950.0,0.0,1,0.0
231,0.347,2050.0,3.0,1,9.0
232,0.347,2150.0,0.0,0,0.0
233,0.347,2600.0,0.0,0,0.0
234,0.36740000000000006,550.0,0.0,0,0.0
235,0.36740000000000006,1150.0,3.0,1,9.0
236,0.36740000000000006,1250.0,0.0,0,0.0
237,0.36740000000000006,1350.0,0.0,0,0.0
238,0.36740000000000006,1450.0,0.0,0,0.0
239,0.36740000000000006,1550.0,0.0,0,0.0
240,0.36740000000000006,1650.0,0.0,0,0.0
241,0.36740000000000006,1750.0,0.0,0,0.0
242,0.36740000000000006,1850.0,0.0,0,0.0
243,0.36740000000000006,1950.0,0.0,0,0.0
244,0.36740000000000006,2050.0,0.0,0,0.0
245,0.36740000000000006,2150.0,2.0,1,4.0
246,0.36740000000000006,2600.0,0.0,0,0.0
247,0.38780000000000003,550.0,2.0,1,4.0
248,0.38780000000000003,1150.0,6.0,1,36.0
249,0.38780000000000003,1250.0,0.0,0,0.0
250,0.38780000000000003,1350.0,0.0,0,0.0
251,0.38780000000000003,1450.0,0.0,0,0.0
252,0.38780000000000003,1550.0,2.0,1,4.0
253,0.38780000000000003,1650.0,2.0,1,4.0
254,0.38780000000000003,1750.0,0.0,0,0.0
255,0.38780000000000003,1850.0,0.0,0,0.0
256,0.38780000000000003,1950.0,0.0,0,0.0
257,0.38780000000000003,2050.0,0.0,0,0.0
258,0.38780000000000003,2150.0,0.0,0,0.0
259,0.38780000000000003,2600.0,0.0,0,0.0
260,0.4082,550.0,0.0,0,0.0
261,0.4082,1150.0,0.0,0,0.0
262,0.4082,1250.0,0.0,0,0.0
263,0.4082,1350.0,0.0,0,0.0
264,0.4082,1450.0,0.0,0,0.0
265,0.4082,1550.0,0.0,0,0.0
266,0.4082,1650.0,1.0,1,1.0
267,0.4082,1750.0,0.0,0,0.0
268,0.4082,1850.0,0.0,0,0.0
269,0.4082,1950.0,0.0,0,0.0
270,0.4082,2050.0,0.0,0,0.0
271,0.4082,2150.0,0.0,0,0.0
272,0.4082,2600.0,2.0,1,4.0
273,0.4286,550.0,0.0,0,0.0
274,0.4286,1150.0,7.0,1,49.0
275,0.4286,1250.0,0.0,0,0.0
276,0.4286,1350.0,0.0,0,0.0
277,0.4286,1450.0,0.0,0,0.0
278,0.4286,1550.0,0.0,0,0.0
279,0.4286,1650.0,0.0,0,0.0
280,0.4286,1750.0,0.0,0,0.0
281,0.4286,1850.0,0.0,0,0.0
282,0.4286,1950.0,1.0,1,1.0
283,0.4286,2050.0,0.0,0,0.0
284,0.4286,2150.0,2.0,1,4.0
285,0.4286,2600.0,0.0,0,0.0
286,0.44900000000000007,550.0,0.0,0,0.0
287,0.44900000000000007,1150.0,0.0,0,0.0
288,0.44900000000000007,1250.0,0.0,0,0.0
289,0.44900000000000007,1350.0,1.0,1,1.0
290,0.44900000000000007,1450.0,0.0,0,0.0
291,0.44900000000000007,1550.0,2.0,1,4.0
292,0.44900000000000007,1650.0,0.0,0,0.0
293,0.44900000000000007,1750.0,0.0,0,0.0
294,0.44900000000000007,1850.0,0.0,0,0.0
295,0.44900000000000007,1950.0,0.0,0,0.0
296,0.44900000000000007,2050.0,0.0,0,0.0
297,0.44900000000000007,2150.0,0.0,0,0.0
298,0.44900000000000007,2600.0,0.0,0,0.0
299,0.46940000000000004,550.0,0.0,0,0.0
300,0.46940000000000004,1150.0,0.0,0,0.0
301,0.46940000000000004,1250.0,0.0,0,0.0
302,0.46940000000000004,1350.0,0.0,0,0.0
303,0.46940000000000004,1450.0,0.0,0,0.0
304,0.46940000000000004,1550.0,0.0,0,0.0
305,0.46940000000000004,1650.0,0.0,0,0.0
306,0.46940000000000004,1750.0,0.0,0,0.0
307,0.46940000000000004,1850.0,0.0,0,0.0
308,0.46940000000000004,1950.0,0.0,0,0.0
309,0.46940000000000004,2050.0,0.0,0,0.0
310,0.46940000000000004,2150.0,0.0,0,0.0
311,0.46940000000000004,2600.0,0.0,0,0.0
312,0.4898,550.0,0.0,0,0.0
313,0.4898,1150.0,0.0,0,0.0
314,0.4898,1250.0,0.0,0,0.0
315,0.4898,1350.0,0.0,0,0.0
316,0.4898,1450.0,0.0,0,0.0
317,0.4898,1550.0,0.0,0,0.0
318,0.4898,1650.0,0.0,0,0.0
319,0.4898,1750.0,0.0,0,0.0
320,0.4898,1850.0,0.0,0,0.0
321,0.4898,1950.0,0.0,0,0.0
322,0.4898,2050.0,0.0,0,0.0
323,0.4898,2150.0,0.0,0,0.0
324,0.4898,2600.0,0.0,0,0.0
325,0.75,550.0,0.0,0,0.0
326,0.75,1150.0,0.0,0,0.0
327,0.75,1250.0,2.0,1,4.0
328,0.75,1350.0,0.0,0,0.0
329,0.75,1450.0,0.0,0,0.0
330,0.75,1550.0,0.0,0,0.0
331,0.75,1650.0,0.0,0,0.0
332,0.75,1750.0,0.0,0,0.0
333,0.75,1850.0,5.5,2,42.5
334,0.75,1950.0,0.0,0,0.0
335,0.75,2050.0,0.0,0,0.0
336,0.75,2150.0,2.0,1,4.0
337,0.75,2600.0,0.0,0,0.0
