,voc_bin,rtmean,rtcount,rt_squaredmean
0,0.00020000000000000052,7.670293687575378,1888878,255.79746018535764
1,0.0206,10.837355632287112,327549,399.54535962558344
2,0.041,11.35500031212936,192228,434.83050856274986
3,0.06140000000000001,12.545842968207278,105087,502.09229495560794
4,0.08180000000000001,12.835562239028244,68494,533.7174497036253
5,0.10220000000000001,13.19265295450581,45896,557.8555865434896
6,0.12260000000000001,13.185675015271851,32740,561.3967318265097
7,0.14300000000000002,13.292435924150837,23995,584.965284434255
8,0.1634,13.572525454848932,17973,585.9226061314214
9,0.18380000000000002,14.0186289669391,13581,626.9081069140705
10,0.2042,14.169378350418455,10633,628.9988714379757
11,0.22460000000000002,15.227267394110047,8523,700.1145136688924
12,0.245,14.901662440123959,7098,642.2082276697674
13,0.26539999999999997,15.334883720930199,5805,696.3026701119722
14,0.28580000000000005,15.273244011368256,4926,697.4315874949249
15,0.3062,15.588379504780548,4079,678.5503799950944
16,0.3266,15.244329600918686,3483,707.6422624174556
17,0.347,16.314982578397185,2870,748.867595818814
18,0.36740000000000006,15.132767098793,2237,716.1180151989244
19,0.38780000000000003,15.232646420824276,1844,675.3345986984804
20,0.4082,16.770630279402226,1539,836.4678362573096
21,0.4286,15.572886297376078,1372,742.6720116618069
22,0.44900000000000007,14.803788903924202,1478,641.1028416779427
23,0.46940000000000004,12.787671232876699,1752,478.2294520547937
24,0.4898,10.258989310009728,2058,423.1141885325554
25,0.75,15.808483290488429,5446,722.8503488799125
