,voc_bin,rtmean,rtcount,rt_squaredmean
0,0.00020000000000000052,2.8912202089954313,1846069,29.39367055077564
1,0.0206,3.800711068973698,337520,42.818381132970025
2,0.041,4.0024585125998815,198494,47.17153163319783
3,0.06140000000000001,4.443491837158305,110807,55.69922477821798
4,0.08180000000000001,4.59872291777041,71726,60.802498396676164
5,0.10220000000000001,4.730415273074786,48137,66.5330618858674
6,0.12260000000000001,4.812185856224417,34220,67.2489479836353
7,0.14300000000000002,4.984315318976021,24610,71.58195855343338
8,0.1634,5.100980496642853,18766,73.27128850047946
9,0.18380000000000002,5.156932237028628,14108,75.90374255741425
10,0.2042,5.266317595016679,11077,76.84526496343774
11,0.22460000000000002,5.4889568467550225,8829,84.06841091856363
12,0.245,5.6170563961485485,7270,83.7933975240713
13,0.26539999999999997,5.551010663695693,6283,84.25163138628034
14,0.28580000000000005,5.6822697745510045,5234,86.92988154375226
15,0.3062,5.745093564582375,4382,85.85782747603807
16,0.3266,5.492505353319052,3736,86.64561027837269
17,0.347,5.706738909583479,2953,95.79478496444293
18,0.36740000000000006,5.937551020408156,2450,97.09673469387741
19,0.38780000000000003,5.904032669729456,1959,90.33588565594678
20,0.4082,6.163965087281801,1604,99.78366583541143
21,0.4286,5.777021919879053,1323,93.6500377928948
22,0.44900000000000007,5.294538361508443,1538,71.3998699609881
23,0.46940000000000004,4.991475409836058,1525,69.37180327868842
24,0.4898,4.698891625615744,1624,70.29618226600982
25,0.75,5.963475177304969,5640,93.28120567375872
