,voc_bin,rtmean,rtcount,rt_squaredmean
0,0.00020000000000000052,5.9325743365732135,4961286,99.27346055034904
1,0.0206,7.6728320076792365,1008433,141.1662896791356
2,0.041,8.099001818438992,586767,155.61709673516043
3,0.06140000000000001,8.709299065141762,335238,174.77283004909964
4,0.08180000000000001,8.937480235428477,211869,184.24199387357274
5,0.10220000000000001,9.082275001963142,140079,189.99086229913033
6,0.12260000000000001,9.423143792186526,97780,206.08511965637103
7,0.14300000000000002,9.588596404373606,70697,208.7278809567593
8,0.1634,9.83841653887657,52821,221.8954393139095
9,0.18380000000000002,10.024847019344644,40528,226.80953908408983
10,0.2042,10.306967097199975,31821,239.45740234436371
11,0.22460000000000002,10.291579734677017,25403,234.22804393181846
12,0.245,10.579281083142616,20976,253.2762681159423
13,0.26539999999999997,10.59256779377305,17922,246.17654279656236
14,0.28580000000000005,10.576487720923964,15107,245.35294896405554
15,0.3062,10.585999035524821,12442,249.79995177624036
16,0.3266,10.34758025874464,10435,236.9609008145665
17,0.347,10.721623563218419,8352,254.79561781609178
18,0.36740000000000006,10.762972060178074,6514,256.658888547742
19,0.38780000000000003,10.602568945976559,5294,245.44012089157508
20,0.4082,10.402579769178562,4419,241.3765557818509
21,0.4286,10.624060150376007,3724,266.36734693877537
22,0.44900000000000007,10.109809264305184,3670,242.34523160762967
23,0.46940000000000004,9.213394448688577,3927,196.3450471097529
24,0.4898,8.527668502491467,3813,181.0453710988723
25,0.75,10.181294264685384,14402,235.00451326204575
