,voc_bin,rtmean,rtcount,rt_squaredmean
0,0.00020000000000000052,5.919058491839222,4094537,99.72251368103412
1,0.0206,7.655543950370571,839663,140.82927198173573
2,0.041,8.072125874097427,491793,154.9600034974069
3,0.06140000000000001,8.680735070223157,280463,174.19473869993578
4,0.08180000000000001,8.966702416462752,179022,185.48521969366868
5,0.10220000000000001,9.184532034646617,118684,196.50332816554882
6,0.12260000000000001,9.406179031611691,82343,206.3035959340809
7,0.14300000000000002,9.49435598165903,59975,207.99506461025405
8,0.1634,9.809896768402117,44560,220.506620287253
9,0.18380000000000002,9.889489366674471,34232,225.10782308950687
10,0.2042,10.259446504138138,26703,238.53237463955367
11,0.22460000000000002,10.354023508137415,22120,233.5681283905963
12,0.245,10.625353518549305,18033,251.50274496755998
13,0.26539999999999997,10.74034761841579,15074,256.0217593206848
14,0.28580000000000005,10.776031746031757,12600,261.9807936507932
15,0.3062,10.728978978978992,10656,253.04072822822812
16,0.3266,10.69634447185465,8918,259.36981385960866
17,0.347,10.665213723284602,7112,255.36656355455554
18,0.36740000000000006,10.642097926468024,5739,246.9107858511932
19,0.38780000000000003,10.50370855148345,4584,244.76897905759193
20,0.4082,10.39195461578136,3878,238.37441980402266
21,0.4286,10.19278606965177,3216,227.14863184079613
22,0.44900000000000007,10.317290006131193,3262,256.9371551195578
23,0.46940000000000004,9.478627332932001,3322,220.028898254064
24,0.4898,9.025032092426205,3116,211.30680359435175
25,0.75,10.251484989564931,12458,239.7578262963556
