,voc_bin,rtmean,rtcount,rt_squaredmean
0,0.00020000000000000052,12.133127730660512,3891,2692.2796196350528
1,0.0206,19.423963133640555,651,3056.056835637476
2,0.041,21.43990384615384,416,4359.348557692306
3,0.06140000000000001,16.61637931034483,232,834.2715517241377
4,0.08180000000000001,22.88,125,2423.216
5,0.10220000000000001,20.320987654320994,81,1513.7037037037032
6,0.12260000000000001,18.70769230769231,65,1016.6461538461539
7,0.14300000000000002,17.810810810810814,37,991.9729729729727
8,0.1634,15.34615384615384,52,1131.461538461538
9,0.18380000000000002,31.33333333333332,24,3251.75
10,0.2042,16.782608695652172,23,576.8695652173915
11,0.22460000000000002,27.35294117647058,17,4637.705882352938
12,0.245,21.28571428571429,7,815.8571428571428
13,0.26539999999999997,24.64285714285714,14,1063.2142857142858
14,0.28580000000000005,22.799999999999994,10,1620.9999999999998
15,0.3062,29.666666666666668,6,1992.0000000000002
16,0.3266,41.0,9,10830.333333333334
17,0.347,7.5,6,75.16666666666669
18,0.36740000000000006,27.714285714285715,7,1514.0
19,0.38780000000000003,7.0,2,50.0
20,0.4082,24.0,2,832.0
21,0.4286,10.5,2,220.5
22,0.44900000000000007,0.0,0,0.0
23,0.46940000000000004,27.666666666666664,6,2987.333333333333
24,0.4898,22.142857142857142,7,997.5714285714287
25,0.75,11.75,8,177.25
