,voc_bin,rtmean,rtcount,rt_squaredmean
0,0.00020000000000000052,9.404700868467463,3756157,310.4338607252052
1,0.0206,12.897777554444435,716418,467.65203275182944
2,0.041,13.650919152557472,415981,517.8552842557732
3,0.06140000000000001,14.931435084625408,232495,588.3518527280164
4,0.08180000000000001,15.213521077605547,148997,614.7249877514306
5,0.10220000000000001,15.634483037401617,98953,643.3633846371508
6,0.12260000000000001,15.758493502002745,69406,657.3018759185085
7,0.14300000000000002,16.10350226943884,50453,682.1981249876092
8,0.1634,16.704942400594653,37674,768.6100228274146
9,0.18380000000000002,16.78008981522747,29171,743.5451647183824
10,0.2042,17.414011049723808,22625,770.9193370165755
11,0.22460000000000002,17.638564181737937,18136,790.126102779001
12,0.245,17.807357147608414,15033,792.4361072307529
13,0.26539999999999997,18.356666398778373,12443,846.7268343647024
14,0.28580000000000005,18.443165204678255,10944,887.5392909356736
15,0.3062,17.932387862796762,9096,778.5207783641148
16,0.3266,18.137612220286723,7463,825.7042744204763
17,0.347,17.99340882203815,5917,816.692749704241
18,0.36740000000000006,18.51118475559236,4828,843.4014084507063
19,0.38780000000000003,17.8431174089069,3952,768.710526315789
20,0.4082,19.08537350910232,3186,911.1067168863759
21,0.4286,18.25175561797754,2848,836.1548455056162
22,0.44900000000000007,16.359133126934978,2907,672.3247334021323
23,0.46940000000000004,15.03391883706844,3302,638.5838885523918
24,0.4898,13.185343598517251,3507,550.1343028229272
25,0.75,18.093434569003943,11195,813.8549352389438
