,voc_bin,rtmean,rtcount,rt_squaredmean
0,0.00020000000000000052,2.8647466247126347,1901764,28.74999526755152
1,0.0206,3.768996178505977,345938,41.8196179662252
2,0.041,4.017784820404819,203207,47.04614506390033
3,0.06140000000000001,4.410650254683837,114063,54.576733910207416
4,0.08180000000000001,4.5655355682747345,73380,58.560656854728755
5,0.10220000000000001,4.654736416885463,49510,61.24237527772155
6,0.12260000000000001,4.741946480313615,35202,63.08067723424819
7,0.14300000000000002,4.931943568726355,25376,69.5768836696088
8,0.1634,5.114357788522183,19028,75.3107000210216
9,0.18380000000000002,5.133836650652023,14570,75.96664378860689
10,0.2042,5.359366660736521,11242,79.60309553460237
11,0.22460000000000002,5.47154559172235,9278,83.57329165768448
12,0.245,5.723025879230254,7535,91.60809555408119
13,0.26539999999999997,5.76723602484472,6440,89.19704968944092
14,0.28580000000000005,5.63139097744358,5320,83.57161654135322
15,0.3062,5.805282005371523,4468,88.52551477170985
16,0.3266,5.484913217623489,3745,79.66702269692891
17,0.347,5.768589743589737,3120,93.45000000000003
18,0.36740000000000006,6.247351263243679,2454,108.79584352078219
19,0.38780000000000003,6.0,2038,99.82826300294403
20,0.4082,5.8644578313253115,1660,92.02228915662636
21,0.4286,5.633608815426995,1452,82.69008264462806
22,0.44900000000000007,5.668010752688168,1488,94.88575268817202
23,0.46940000000000004,5.342723004694843,1704,91.77230046948331
24,0.4898,4.622015142690738,1717,64.18404193360497
25,0.75,5.905545617173503,5590,91.43184257602863
