,voc_bin,rtmean,rtcount,rt_squaredmean
0,0.00020000000000000052,8.884388517499003,2543,2540.1356665355884
1,0.0206,9.125925925925918,405,342.2024691358024
2,0.041,11.164444444444449,225,791.4133333333339
3,0.06140000000000001,10.067164179104473,134,615.5895522388064
4,0.08180000000000001,5.9111111111111105,90,135.91111111111113
5,0.10220000000000001,12.655737704918021,61,616.1311475409834
6,0.12260000000000001,8.062499999999996,48,189.81250000000003
7,0.14300000000000002,17.91891891891893,37,3251.216216216217
8,0.1634,2.92,25,14.759999999999998
9,0.18380000000000002,5.157894736842107,19,110.52631578947374
10,0.2042,17.35,20,632.85
11,0.22460000000000002,7.5,12,97.83333333333331
12,0.245,11.571428571428571,7,374.1428571428571
13,0.26539999999999997,4.6,10,48.8
14,0.28580000000000005,3.25,4,21.75
15,0.3062,4.5,2,32.5
16,0.3266,7.75,4,86.25
17,0.347,8.0,6,100.33333333333333
18,0.36740000000000006,4.333333333333333,3,20.333333333333332
19,0.38780000000000003,6.249999999999999,4,63.74999999999999
20,0.4082,0.0,0,0.0
21,0.4286,4.5,4,39.5
22,0.44900000000000007,23.5,6,2783.1666666666665
23,0.46940000000000004,2.6666666666666665,3,10.0
24,0.4898,3.0,3,13.666666666666666
25,0.75,80.42857142857142,7,22008.14285714285
