,voc_bin,rtmean,rtcount,rt_squaredmean
0,0.00020000000000000052,1.5340717774640684,10826908,4.46370228693177
1,0.0206,1.669572529035413,2512966,5.075085377199696
2,0.041,1.7981502594747665,1220928,5.75383806416102
3,0.06140000000000001,1.8921417443884805,633563,6.30174268383729
4,0.08180000000000001,1.9488955638089636,363217,6.697621532031818
5,0.10220000000000001,1.987056190113864,226054,7.006830226406042
6,0.12260000000000001,2.0329670329670266,149331,7.373358512298184
7,0.14300000000000002,2.0680517651201717,102231,7.587942991851805
8,0.1634,2.1033855359982643,74198,7.841869053074195
9,0.18380000000000002,2.1252844911672373,55362,8.02434883132834
10,0.2042,2.153984712375579,43303,8.302750386809228
11,0.22460000000000002,2.1709332795807215,34727,8.398479569211288
12,0.245,2.1854710796235604,28371,8.414507772020718
13,0.26539999999999997,2.1694746451987736,24098,8.411403435969781
14,0.28580000000000005,2.190174409469442,19093,8.555858167914932
15,0.3062,2.1982460632441407,15622,8.672193061067738
16,0.3266,2.2169578114700013,12136,8.704597890573497
17,0.347,2.2557112068965472,9280,9.258943965517195
18,0.36740000000000006,2.2599215002180575,6879,9.300770460822758
19,0.38780000000000003,2.3032848077640966,5358,9.500373273609563
20,0.4082,2.305352511200189,4241,9.82433388351803
21,0.4286,2.297515886770647,3462,9.497400346620484
22,0.44900000000000007,2.2277796552889493,2959,8.844880027036163
23,0.46940000000000004,2.188281529117545,2799,9.146480886030714
24,0.4898,2.1967493584260023,2338,9.451668092386669
25,0.75,2.3066098503617085,10091,9.961549895946892
