,voc_bin,rtmean,rtcount,rt_squaredmean
0,0.00020000000000000052,2.8506681231465936,1530631,28.70342035408925
1,0.0206,3.7866700337307644,277195,42.95060877721463
2,0.041,4.007360659989379,161942,46.912795939286866
3,0.06140000000000001,4.416637327817614,90892,55.561226510583936
4,0.08180000000000001,4.518992970634008,58469,58.266414681284004
5,0.10220000000000001,4.703634575125469,39647,62.86707695412005
6,0.12260000000000001,4.735996277604809,27939,65.80289201474667
7,0.14300000000000002,4.836657077380672,20509,65.06124140621192
8,0.1634,4.949506180914387,15289,70.22218588527733
9,0.18380000000000002,5.243980468092273,11878,80.43273278329681
10,0.2042,5.213410003254868,9217,73.61505912986884
11,0.22460000000000002,5.453782649884982,7389,84.66179455948026
12,0.245,5.475970272502073,6055,80.17060280759706
13,0.26539999999999997,5.589562225195936,5231,81.93290001911677
14,0.28580000000000005,6.025913928736697,4322,101.70569180934747
15,0.3062,5.568389057750763,3619,88.83835313622548
16,0.3266,5.325853350189619,3164,76.37642225031612
17,0.347,5.90344018764659,2558,99.41086786551993
18,0.36740000000000006,5.729888119339367,1877,88.31379861481088
19,0.38780000000000003,5.9280843149411,1613,89.22876627402331
20,0.4082,6.00078125,1280,91.92109374999998
21,0.4286,5.766404199475066,1143,96.71128608923868
22,0.44900000000000007,5.15780445969125,1166,71.51801029159508
23,0.46940000000000004,4.959243085880638,1374,75.41630276564769
24,0.4898,4.58199121522694,1366,75.91288433382137
25,0.75,6.114247008354029,4429,99.36870625423325
