,voc_bin,rtmean,rtcount,rt_squaredmean
0,0.00020000000000000052,1.5455223235351865,10917984,4.5133848886387895
1,0.0206,1.6816873385023068,2539123,5.132129873188479
2,0.041,1.8162386880538237,1231331,5.842390876214436
3,0.06140000000000001,1.9079093906783233,642009,6.390148736232679
4,0.08180000000000001,1.961635320499123,369689,6.760528444178752
5,0.10220000000000001,2.0016390369785935,229403,7.040832072815097
6,0.12260000000000001,2.039803527514086,151268,7.310911759261705
7,0.14300000000000002,2.082993612938334,104743,7.600250136047298
8,0.1634,2.1082453773510075,75606,7.860011110229335
9,0.18380000000000002,2.1323578551203846,56861,8.065950299854052
10,0.2042,2.169058184848966,44393,8.335570923343774
11,0.22460000000000002,2.1804498750347032,36010,8.39850041655099
12,0.245,2.1879552013192236,29108,8.460457606156384
13,0.26539999999999997,2.1829909414429065,24728,8.489930443222296
14,0.28580000000000005,2.2071493578723858,19778,8.662604914551506
15,0.3062,2.2211894743452913,15923,8.691201406770128
16,0.3266,2.261817603055878,12566,9.31036129237624
17,0.347,2.218179933665005,9648,8.59048507462684
18,0.36740000000000006,2.2832960268606635,7148,9.227056519306151
19,0.38780000000000003,2.2974624930542658,5399,9.521022411557697
20,0.4082,2.2615964210030683,4247,9.324464327760758
21,0.4286,2.378598429776091,3439,11.226519337016581
22,0.44900000000000007,2.3754220121539507,2962,10.544902093180292
23,0.46940000000000004,2.2736766294562427,2777,9.685271876125316
24,0.4898,2.176398026315791,2432,8.672286184210515
25,0.75,2.329644953333977,10393,10.029250457038383
