,voc_bin,rtmean,rtcount,rt_squaredmean
0,0.00020000000000000052,1.5342378126673937,10536596,4.429288738032669
1,0.0206,1.6694728185508192,2475751,5.038368963599358
2,0.041,1.8090646270646888,1204418,5.769516895297139
3,0.06140000000000001,1.9019268971630703,627226,6.333886031510173
4,0.08180000000000001,1.959100492306336,362376,6.704536172373442
5,0.10220000000000001,2.001774583329615,224278,7.010781262540254
6,0.12260000000000001,2.048399634974816,147935,7.410213945313821
7,0.14300000000000002,2.081339008984269,101956,7.591519871317035
8,0.1634,2.1174874819483684,74093,7.8391076080061906
9,0.18380000000000002,2.1442942698438627,55269,8.067144330456493
10,0.2042,2.175975711504587,43148,8.345160841753922
11,0.22460000000000002,2.1834113827678228,34807,8.441060706179792
12,0.245,2.1845511628722845,28507,8.308169923176735
13,0.26539999999999997,2.1731485312370746,24170,8.354282167976837
14,0.28580000000000005,2.2108119390523986,19164,8.596848257148839
15,0.3062,2.209930088037279,15448,8.521297255308125
16,0.3266,2.2638301334201163,12292,9.202814838919641
17,0.347,2.277706185567004,9312,9.31980240549832
18,0.36740000000000006,2.308209382151026,6992,9.467820366132738
19,0.38780000000000003,2.2899198807527474,5367,9.359418669647814
20,0.4082,2.3601074218749956,4096,10.097412109374964
21,0.4286,2.314071856287429,3340,9.423053892215558
22,0.44900000000000007,2.2917808219178157,2920,9.565068493150687
23,0.46940000000000004,2.314191660570599,2734,10.160570592538406
24,0.4898,2.206911262798635,2344,9.315273037542667
25,0.75,2.354854511609688,10207,10.177133339864804
