,voc_bin,rtmean,rtcount,rt_squaredmean
0,0.00020000000000000052,3.2885025541892747,8917311,27.831496512794065
1,0.0206,3.86088021491399,2063337,34.923236000711476
2,0.041,4.362102259052977,1055398,42.687530201876605
3,0.06140000000000001,4.753296349480198,580794,49.768840587196145
4,0.08180000000000001,4.966119825812059,356167,54.22035730429836
5,0.10220000000000001,5.110742764985216,234381,57.320247801656365
6,0.12260000000000001,5.263282597099724,161226,61.04289630704725
7,0.14300000000000002,5.4055588450419645,114844,63.9046880986379
8,0.1634,5.491739211831886,85464,65.84451932977618
9,0.18380000000000002,5.567722688312081,66034,67.17247175697358
10,0.2042,5.715493720853724,51679,70.7130362429616
11,0.22460000000000002,5.776850201669633,42644,72.90272957508665
12,0.245,5.820080253193187,35388,73.44967220526743
13,0.26539999999999997,5.730377132196167,30016,73.33138992537326
14,0.28580000000000005,5.879511677282364,24492,75.34366323697496
15,0.3062,5.739321576659852,20017,72.37208372883048
16,0.3266,5.932575852166323,16018,75.92595829691604
17,0.347,5.904602376964177,12537,76.71404642258928
18,0.36740000000000006,6.129438592681084,9209,81.39428819633014
19,0.38780000000000003,5.984450254575495,7267,76.72588413375526
20,0.4082,6.115015974440896,5634,82.08200212992544
21,0.4286,6.251318843637895,4739,82.54167545895744
22,0.44900000000000007,6.165244942724817,4103,85.46478186692644
23,0.46940000000000004,5.904914004913998,4070,81.48574938574926
24,0.4898,5.392564242755604,3658,69.01366867140507
25,0.75,6.280282637954229,14860,91.77503364737588
