,voc_bin,rtmean,rtcount,rt_squaredmean
0,0.00020000000000000052,5.928948709100306,4526378,99.07477744898844
1,0.0206,7.663137080214257,920410,140.8112037026975
2,0.041,8.075170430137629,535410,154.82875366541558
3,0.06140000000000001,8.696201954100152,306842,175.35126221312612
4,0.08180000000000001,8.910865510310575,193539,181.7206661189735
5,0.10220000000000001,9.113868090471808,128482,190.35659469808994
6,0.12260000000000001,9.331141016560473,88947,200.83336143995857
7,0.14300000000000002,9.463251427771143,64261,205.75126437497138
8,0.1634,9.731280470019545,47998,214.97970748781293
9,0.18380000000000002,10.055292388108498,36732,230.9383915931612
10,0.2042,10.322110066371717,28928,235.78111172566366
11,0.22460000000000002,10.43763806287172,23540,242.8010195412075
12,0.245,10.443392829586925,19441,241.62800267475927
13,0.26539999999999997,10.653625000000032,16000,250.11662500000008
14,0.28580000000000005,10.575530131895366,13723,242.38475551992988
15,0.3062,10.714485044039424,11467,261.40673236243214
16,0.3266,10.4243307426597,9264,248.4640544041438
17,0.347,10.68356456776945,7496,249.6432764140864
18,0.36740000000000006,10.872347591781734,5938,265.53317615358765
19,0.38780000000000003,10.739568345323761,4865,253.80719424460406
20,0.4082,10.398900274931268,4001,224.35541114721283
21,0.4286,10.742806811509114,3406,264.56605989430483
22,0.44900000000000007,9.832496307237804,3385,218.19645494830132
23,0.46940000000000004,9.042594654788426,3592,195.7625278396433
24,0.4898,8.22910744741329,3518,179.52472996020458
25,0.75,10.20722230687187,13126,233.83803138808486
