,voc_bin,rtmean,rtcount,rt_squaredmean
0,0.00020000000000000052,5.778381012449947,4260181,96.20684637577595
1,0.0206,7.461147902617821,876259,136.0473581441103
2,0.041,7.938414485191362,511695,151.4250461700815
3,0.06140000000000001,8.547355741419981,293882,171.58807956935058
4,0.08180000000000001,8.784981408632868,185570,180.08848951877943
5,0.10220000000000001,8.983504210323307,124456,187.98559330205057
6,0.12260000000000001,9.193687016673012,87027,196.8585956082595
7,0.14300000000000002,9.480092078107623,62990,209.23329099857142
8,0.1634,9.6356414613424,47080,211.0662276975362
9,0.18380000000000002,9.871575912165902,36068,227.1685704779852
10,0.2042,10.067601543964036,28239,229.1832217854736
11,0.22460000000000002,10.235083114610717,22860,231.69518810148773
12,0.245,10.39504563233373,19175,243.81345501955627
13,0.26539999999999997,10.39233038348083,15933,235.43306345321068
14,0.28580000000000005,10.447676615035869,13235,249.41813373630438
15,0.3062,10.32007988380543,11016,238.70915032679727
16,0.3266,10.234704001763856,9071,238.47172307353065
17,0.347,10.364411366711805,7390,234.59391069012165
18,0.36740000000000006,10.553442181450924,5941,248.73421982831152
19,0.38780000000000003,10.596133190118154,4655,244.77830290010775
20,0.4082,10.549058971141736,3985,244.78845671267229
21,0.4286,10.315419847328227,3275,235.56793893129782
22,0.44900000000000007,10.144574691914594,3327,241.20619176435235
23,0.46940000000000004,9.315651413582042,3431,213.8624307781992
24,0.4898,8.359403530127793,3286,177.10803408399264
25,0.75,10.159403126480342,12666,238.52384336017707
