,voc_bin,rtmean,rtcount,rt_squaredmean
0,0.00020000000000000052,3.2777430804467595,9099323,27.710298557376223
1,0.0206,3.8575455969185586,2095646,34.901212323073594
2,0.041,4.356722164431418,1074758,42.6572902923263
3,0.06140000000000001,4.73151897859546,593379,49.48525647183328
4,0.08180000000000001,4.929670118647587,364525,53.58407790960854
5,0.10220000000000001,5.082619598684408,238067,57.09278480427774
6,0.12260000000000001,5.225542039639033,164333,59.711238765190174
7,0.14300000000000002,5.3530332148506,117598,63.014898212554506
8,0.1634,5.508608395039199,87647,66.55891245564581
9,0.18380000000000002,5.5912777556176065,67689,68.85736234838727
10,0.2042,5.6885947546052575,53037,70.63853536210577
11,0.22460000000000002,5.663738790526571,43490,70.34601057714467
12,0.245,5.780089235917436,35860,72.67925264919117
13,0.26539999999999997,5.793997271487061,30786,74.81290196842725
14,0.28580000000000005,5.856244203395268,24799,75.71527077704737
15,0.3062,5.841666264885955,20741,75.52712019671213
16,0.3266,5.924668107440582,16195,76.81457239888898
17,0.347,5.949762282091912,12620,77.43518225039634
18,0.36740000000000006,6.019036721106822,9613,81.57921564548012
19,0.38780000000000003,5.924878836833615,7428,78.18443726440525
20,0.4082,6.170476026808743,5819,84.39250730366041
21,0.4286,6.1044397463002085,4730,79.47822410147997
22,0.44900000000000007,6.051392891450528,4164,81.5105667627279
23,0.46940000000000004,5.730635551141979,4028,75.4292452830187
24,0.4898,5.566953797963964,3831,74.12816496998175
25,0.75,6.208064303597313,15178,87.29292396890227
