,voc_bin,rtmean,rtcount,rt_squaredmean
0,0.00020000000000000052,11.552126772310244,4796,1591.82110091743
1,0.0206,21.231070496083607,766,8253.202349869463
2,0.041,20.757575757575736,429,5870.529137529139
3,0.06140000000000001,27.98954703832754,287,9111.585365853654
4,0.08180000000000001,22.801136363636367,176,2278.8465909090914
5,0.10220000000000001,18.655172413793096,116,989.3793103448273
6,0.12260000000000001,15.325000000000005,80,808.5999999999999
7,0.14300000000000002,20.015873015873012,63,1028.555555555555
8,0.1634,14.301886792452828,53,761.2830188679244
9,0.18380000000000002,22.181818181818176,22,1037.5454545454545
10,0.2042,19.718750000000004,32,2801.0312499999995
11,0.22460000000000002,9.961538461538462,26,171.19230769230762
12,0.245,11.705882352941174,17,417.11764705882354
13,0.26539999999999997,23.16,25,1190.04
14,0.28580000000000005,12.0,18,300.88888888888897
15,0.3062,47.699999999999996,10,4949.099999999999
16,0.3266,33.75000000000001,8,2403.0
17,0.347,12.25,4,221.75
18,0.36740000000000006,64.57142857142856,7,27163.714285714283
19,0.38780000000000003,14.400000000000002,5,416.8
20,0.4082,28.0,4,1378.0
21,0.4286,12.5,6,353.16666666666663
22,0.44900000000000007,28.333333333333332,3,1145.6666666666667
23,0.46940000000000004,34.833333333333336,6,5793.166666666668
24,0.4898,8.0,3,124.66666666666666
25,0.75,21.76923076923077,13,1220.5384615384614
