,voc_bin,rtmean,rtcount,rt_squaredmean
0,0.00020000000000000052,5.393137480440011,11549723,73.49431046961013
1,0.0206,6.423429068942086,2610697,94.3917095702797
2,0.041,7.10923718457378,1353486,111.76583799167517
3,0.06140000000000001,7.654123566109902,745350,127.10024686388927
4,0.08180000000000001,7.943509154181009,453454,135.08055502873478
5,0.10220000000000001,8.129966495994411,296084,141.8871705326874
6,0.12260000000000001,8.34406044012758,203441,149.77124571743178
7,0.14300000000000002,8.502341871839501,144756,155.32973417336711
8,0.1634,8.71014883972037,107431,161.54353957423808
9,0.18380000000000002,8.890823460510727,81959,169.1368977171511
10,0.2042,8.997381156579259,65296,170.32904006371015
11,0.22460000000000002,9.096680686597665,52782,175.64834602705477
12,0.245,9.157941579187591,43820,177.32407576449162
13,0.26539999999999997,9.035883748517234,37092,175.348835328373
14,0.28580000000000005,9.123742620625992,30321,174.54862966260993
15,0.3062,9.200537979765516,24908,183.87863337080398
16,0.3266,9.31813323833278,19649,189.09196396763204
17,0.347,9.375642109369908,15379,186.31757591520906
18,0.36740000000000006,9.699181265956543,11359,203.22713267012946
19,0.38780000000000003,9.490189557698713,9021,191.63341093005172
20,0.4082,9.504930684579092,6997,184.513934543376
21,0.4286,9.777701778385772,5848,210.91279069767438
22,0.44900000000000007,9.23155893536118,5260,183.53346007604523
23,0.46940000000000004,8.800414624952872,5306,172.51960045231772
24,0.4898,8.272031443938742,4834,165.80575093090638
25,0.75,9.597921368957008,19051,202.343604010288
