,voc_bin,rtmean,rtcount,rt_squaredmean
0,0.00020000000000000052,19.633970538092044,231689,1392.6190237775681
1,0.0206,24.87250626333859,53885,1840.2598311218267
2,0.041,27.432684195725432,28448,2260.8519052305896
3,0.06140000000000001,28.679055138327257,15579,2272.135888054434
4,0.08180000000000001,29.932132067328475,9268,2416.3343763487273
5,0.10220000000000001,30.666390865464173,6043,2418.4340559324755
6,0.12260000000000001,32.568576182552846,4207,3383.6348942239188
7,0.14300000000000002,31.83564814814809,3024,2604.7470238095184
8,0.1634,33.23759332454989,2277,3170.7061923583606
9,0.18380000000000002,34.40141259564443,1699,3094.738081224251
10,0.2042,33.53006681514481,1347,2907.2821083890135
11,0.22460000000000002,33.8066604995375,1081,2772.4912118408884
12,0.245,35.9859154929578,852,3265.8568075117373
13,0.26539999999999997,37.47468354430379,790,3815.117721518986
14,0.28580000000000005,32.40443686006826,586,2639.697952218429
15,0.3062,31.059880239520982,501,2830.52095808383
16,0.3266,34.04799999999999,375,3066.5386666666686
17,0.347,34.95121951219516,328,2898.359756097563
18,0.36740000000000006,34.936974789915986,238,4138.45798319328
19,0.38780000000000003,35.580459770114935,174,3885.3965517241368
20,0.4082,44.53333333333335,150,4747.960000000001
21,0.4286,27.96969696969698,132,1972.9242424242425
22,0.44900000000000007,36.75862068965518,87,3538.4367816091954
23,0.46940000000000004,31.95283018867925,106,2902.0283018867935
24,0.4898,34.32608695652173,92,3416.3260869565206
25,0.75,34.74257425742572,404,2784.3663366336655
