,voc_bin,rtmean,rtcount,rt_squaredmean
0,0.00020000000000000052,12.538371899450642,6007,3019.6397536207733
1,0.0206,18.09432048681542,986,3841.0638945233286
2,0.041,20.2953795379538,606,2846.160066006598
3,0.06140000000000001,17.81818181818182,330,1141.0181818181823
4,0.08180000000000001,16.278026905829602,223,1051.9372197309422
5,0.10220000000000001,18.018072289156635,166,890.4036144578313
6,0.12260000000000001,18.382608695652184,115,2424.3652173913056
7,0.14300000000000002,21.36144578313253,83,2756.68674698795
8,0.1634,11.271186440677964,59,396.4915254237288
9,0.18380000000000002,22.11764705882353,51,1781.7254901960787
10,0.2042,24.300000000000004,40,1550.8500000000001
11,0.22460000000000002,19.055555555555554,36,831.1666666666667
12,0.245,16.75,20,669.3499999999999
13,0.26539999999999997,11.199999999999998,20,248.09999999999997
14,0.28580000000000005,22.714285714285715,14,1914.7142857142858
15,0.3062,24.636363636363633,22,1773.4545454545457
16,0.3266,23.214285714285715,14,2101.5000000000005
17,0.347,7.555555555555555,9,90.66666666666666
18,0.36740000000000006,8.625000000000002,8,126.125
19,0.38780000000000003,18.57142857142857,7,795.4285714285716
20,0.4082,31.5,2,1372.5
21,0.4286,7.111111111111111,9,79.99999999999997
22,0.44900000000000007,20.57142857142857,7,2386.8571428571427
23,0.46940000000000004,24.75,4,2077.75
24,0.4898,11.428571428571429,7,382.2857142857143
25,0.75,53.94117647058824,17,11692.647058823528
