,voc_bin,rtmean,rtcount,rt_squaredmean
0,0.00020000000000000052,8.837055178524245,13985133,221.59946079883466
1,0.0206,10.799577194881604,3156537,291.6138873075133
2,0.041,11.966510102148805,1645541,344.89769322064984
3,0.06140000000000001,12.865573317666039,912304,390.302620617689
4,0.08180000000000001,13.381638656215792,557530,418.13807508116184
5,0.10220000000000001,13.678865522784692,365772,437.79445665605954
6,0.12260000000000001,14.078569133299743,252071,462.3286335992624
7,0.14300000000000002,14.347488818746568,179318,477.946837461939
8,0.1634,14.542760912452918,133311,497.00201783798906
9,0.18380000000000002,14.886302508680162,102245,514.020382414791
10,0.2042,15.034257020643453,80655,521.4014010290745
11,0.22460000000000002,15.300916009661327,65829,538.1639095231556
12,0.245,15.224270552124548,54082,528.7139713767988
13,0.26539999999999997,15.10128185858755,46573,525.3629356064673
14,0.28580000000000005,15.231019178950724,37854,529.4842024620914
15,0.3062,15.446607555898243,31128,559.0358519660754
16,0.3266,15.870736449809641,24686,590.0564287450377
17,0.347,15.731517308982081,19383,583.1395552804009
18,0.36740000000000006,15.819099590723088,14660,584.5965893588005
19,0.38780000000000003,16.029982668977556,11540,621.4220103986131
20,0.4082,15.952274754683359,8968,601.5820695807312
21,0.4286,16.28015512169026,7478,622.1477667825616
22,0.44900000000000007,16.043048798466778,6783,615.0844758956208
23,0.46940000000000004,14.885243376463377,6492,550.5867221195324
24,0.4898,14.185167387473943,6243,566.3174755726409
25,0.75,15.901380020597323,24275,595.8548300720912
