,voc_bin,rtmean,rtcount,rt_squaredmean
0,0.00020000000000000052,7.499439324183322,1384044,244.56847036654938
1,0.0206,10.677928471050016,240518,397.32325231375745
2,0.041,11.255633064203918,142063,426.7045958483206
3,0.06140000000000001,12.45402519588263,78108,479.34689148358615
4,0.08180000000000001,12.579270096019215,50719,490.82927502513905
5,0.10220000000000001,12.89696934408574,34349,519.3761681562761
6,0.12260000000000001,13.254531446413326,24661,563.5398402335666
7,0.14300000000000002,13.248147316415885,17812,552.1824612620686
8,0.1634,13.431537135576717,13343,540.6744360338763
9,0.18380000000000002,13.855464958260523,10302,575.3908949718513
10,0.2042,15.06010651787979,7886,685.1016992137962
11,0.22460000000000002,14.785261856944206,6473,664.920284257686
12,0.245,14.829337899543374,5256,629.2848173515976
13,0.26539999999999997,14.904613327390273,4487,619.8290617338964
14,0.28580000000000005,15.742969776609723,3805,694.3674113009196
15,0.3062,15.414704010184565,3142,692.5394653087184
16,0.3266,14.938910505836562,2570,636.6182879377438
17,0.347,15.207073057235934,2149,646.3369008841336
18,0.36740000000000006,15.862678062678052,1755,710.1213675213686
19,0.38780000000000003,16.513254786450645,1358,779.0331369661251
20,0.4082,16.045957446808536,1175,722.8425531914901
21,0.4286,15.248821866163983,1061,645.1074458058422
22,0.44900000000000007,13.46309963099631,1084,510.4704797047966
23,0.46940000000000004,12.779527559055127,1397,566.6564065855406
24,0.4898,10.750848608282404,1473,395.35777325186604
25,0.75,16.017447657028903,4012,769.3659022931201
