,voc_bin,rtmean,rtcount,rt_squaredmean
0,0.00020000000000000052,15.267956369623377,9718,2222.9979419633614
1,0.0206,21.974850299401197,1670,2439.1616766467096
2,0.041,24.078740157480322,1016,3075.250000000003
3,0.06140000000000001,28.80633802816903,568,5153.933098591554
4,0.08180000000000001,35.443213296398916,361,15473.714681440428
5,0.10220000000000001,27.39112903225807,248,2423.487903225807
6,0.12260000000000001,26.323353293413177,167,2315.1017964071875
7,0.14300000000000002,20.73885350318471,157,1310.2929936305738
8,0.1634,29.80373831775701,107,2989.859813084113
9,0.18380000000000002,45.29999999999999,80,25241.675000000003
10,0.2042,20.181818181818176,66,1843.818181818182
11,0.22460000000000002,54.885714285714286,35,44375.57142857143
12,0.245,20.19565217391304,46,899.021739130435
13,0.26539999999999997,27.46153846153846,26,1870.3846153846152
14,0.28580000000000005,29.769230769230763,26,1696.6153846153843
15,0.3062,24.666666666666668,15,1203.7333333333336
16,0.3266,16.71428571428571,28,4360.571428571429
17,0.347,29.83333333333334,18,1823.4999999999998
18,0.36740000000000006,19.076923076923077,13,630.0
19,0.38780000000000003,13.200000000000001,5,247.60000000000002
20,0.4082,45.42857142857143,7,6651.428571428571
21,0.4286,32.875,8,1899.875
22,0.44900000000000007,23.75,8,1696.7500000000002
23,0.46940000000000004,10.90909090909091,11,201.27272727272725
24,0.4898,9.333333333333334,18,190.22222222222223
25,0.75,39.57692307692307,26,7399.192307692307
