,voc_bin,rtmean,rtcount,rt_squaredmean
0,0.00020000000000000052,9.0878066934985,17201946,226.4264937234425
1,0.0206,11.105461851727007,3851734,299.32332217126094
2,0.041,12.20735809171406,2016637,349.45780921405327
3,0.06140000000000001,13.09525183436691,1109102,392.0851734105608
4,0.08180000000000001,13.609943453188194,678376,423.9366914513483
5,0.10220000000000001,13.876586193608592,443751,438.5683119587333
6,0.12260000000000001,14.246618157276567,305233,460.6353244898162
7,0.14300000000000002,14.526932732777084,216688,480.51692756405555
8,0.1634,14.818139583862425,161437,499.4062575493846
9,0.18380000000000002,15.024647029196235,123098,518.2774212416122
10,0.2042,15.206042519152085,97509,517.5386477145687
11,0.22460000000000002,15.313319329857753,79028,527.4591410639263
12,0.245,15.55238882004683,65367,545.4107577217865
13,0.26539999999999997,15.276530757209843,56312,527.1033882653792
14,0.28580000000000005,15.772569138629562,45416,560.7515192883557
15,0.3062,15.707638326585728,37050,554.5453171390031
16,0.3266,16.018883689839562,29920,577.6132018716578
17,0.347,16.02656868287171,22997,574.2935600295691
18,0.36740000000000006,16.156165951359075,17475,583.6280972818295
19,0.38780000000000003,16.33028941748291,13579,603.8286324471611
20,0.4082,16.421251149954013,10870,621.395308187672
21,0.4286,16.039557308788133,9126,585.9262546570236
22,0.44900000000000007,15.792020687107476,8121,586.2779214382457
23,0.46940000000000004,14.835959796500786,8059,529.5819580593115
24,0.4898,13.97539267015706,7640,507.05863874345545
25,0.75,16.005016320219873,29105,594.7030407146533
