,voc_bin,rtmean,rtcount,rt_squaredmean
0,0.00020000000000000052,21.281757000360557,16642,2863.5120177863196
1,0.0206,29.939306358381522,3114,5553.4351316634675
2,0.041,33.23462414578594,1756,5244.429384965828
3,0.06140000000000001,34.64843749999999,1024,5007.533203124996
4,0.08180000000000001,38.78260869565215,690,6219.939130434775
5,0.10220000000000001,33.78111587982835,466,3261.6566523605193
6,0.12260000000000001,40.93175074183976,337,5250.160237388721
7,0.14300000000000002,40.445783132530146,249,4771.706827309234
8,0.1634,40.28729281767955,181,9453.149171270717
9,0.18380000000000002,41.09219858156029,141,4148.354609929079
10,0.2042,45.567796610169474,118,12813.26271186441
11,0.22460000000000002,36.281250000000014,96,8722.177083333336
12,0.245,40.975609756097555,82,4795.243902439026
13,0.26539999999999997,30.688524590163922,61,2136.131147540984
14,0.28580000000000005,42.127272727272725,55,4661.254545454546
15,0.3062,42.47222222222223,36,5633.02777777778
16,0.3266,47.51612903225807,31,4251.0
17,0.347,26.63157894736842,19,1615.263157894737
18,0.36740000000000006,43.714285714285715,21,10902.761904761901
19,0.38780000000000003,32.04999999999999,20,1671.7499999999993
20,0.4082,66.85714285714285,14,10171.42857142857
21,0.4286,25.727272727272723,11,1687.7272727272727
22,0.44900000000000007,31.4,10,1638.1999999999998
23,0.46940000000000004,24.06250000000001,16,2533.1875
24,0.4898,39.27777777777778,18,6346.833333333334
25,0.75,41.658536585365866,41,4486.585365853659
