,voc_bin,rtmean,rtcount,rt_squaredmean
0,0.00020000000000000052,3.2973601232187284,9888757,28.04340616318109
1,0.0206,3.871384773329772,2275376,35.058201369795704
2,0.041,4.365805126247186,1162917,42.89423836782844
3,0.06140000000000001,4.7333124696825015,639070,49.41433645766517
4,0.08180000000000001,4.951986644919505,391162,54.03485768044952
5,0.10220000000000001,5.087834370139979,257200,56.531061430792974
6,0.12260000000000001,5.251592249178556,177736,60.896019939685665
7,0.14300000000000002,5.395509199356185,126748,64.08855366554117
8,0.1634,5.505844190374919,94025,67.19413985642122
9,0.18380000000000002,5.580157423674435,72289,67.95473723526426
10,0.2042,5.659987696634172,56895,69.96686879339151
11,0.22460000000000002,5.741550524524476,46423,71.9072442539257
12,0.245,5.787472499029376,38635,73.80936974246154
13,0.26539999999999997,5.717427834123542,33326,71.75691652163485
14,0.28580000000000005,5.8194526191877625,27184,73.71534726309602
15,0.3062,5.786707742490814,22073,71.27603859919383
16,0.3266,5.917303800314819,17788,76.71076006296374
17,0.347,6.01698638160785,13658,79.52833504173365
18,0.36740000000000006,6.013871374527114,10309,78.93850033950935
19,0.38780000000000003,6.24999999999999,7800,87.86000000000034
20,0.4082,6.213422391857482,6288,86.74363867684478
21,0.4286,6.068140703517589,4975,83.20221105527621
22,0.44900000000000007,6.103118040089053,4490,80.90267260579085
23,0.46940000000000004,5.725129757785461,4624,75.9245242214533
24,0.4898,5.456595538312317,4124,74.50121241513082
25,0.75,6.2745159081003505,16061,89.24892596974006
