,voc_bin,rtmean,rtcount,rt_squaredmean
0,0.00020000000000000052,5.926032838695439,4419664,99.76552832975555
1,0.0206,7.663142440191227,903839,141.27255296573844
2,0.041,8.091998421539907,527096,156.48960720627747
3,0.06140000000000001,8.734480365757753,301183,178.09661567884066
4,0.08180000000000001,8.95469367099173,191673,185.7279898577262
5,0.10220000000000001,9.109321358388073,126709,192.55349659455848
6,0.12260000000000001,9.379438574214307,88204,202.6183846537566
7,0.14300000000000002,9.50410426718463,63836,207.84748417820646
8,0.1634,9.779159501740576,47686,216.26483663968395
9,0.18380000000000002,10.042331828690944,36332,232.3634812286685
10,0.2042,10.17746637165031,28473,233.37249323920875
11,0.22460000000000002,10.543008230628182,23449,253.4431745490209
12,0.245,10.514488621637016,19291,247.52480431289146
13,0.26539999999999997,10.556306306306272,15984,244.0934684684689
14,0.28580000000000005,10.652695056581319,13432,252.10698332340758
15,0.3062,10.999021526418794,11242,275.1198185376261
16,0.3266,10.51898871527778,9216,249.1917317708335
17,0.347,10.631910896403667,7452,250.77952227589887
18,0.36740000000000006,10.85026107461682,5937,262.70776486440917
19,0.38780000000000003,10.773889912011455,4887,266.01186822181324
20,0.4082,10.474424552429644,3910,237.0248081841436
21,0.4286,10.63633633633633,3330,266.1540540540539
22,0.44900000000000007,10.133952652082701,3337,238.1962840875039
23,0.46940000000000004,9.499577821559239,3553,205.757388122713
24,0.4898,8.48898809523808,3360,186.78244047619057
25,0.75,10.30600382409176,13075,234.03403441682525
