,voc_bin,rtmean,rtcount,rt_squaredmean
0,0.00020000000000000052,4.385830266733027,612785,134.7911339213591
1,0.0206,6.209736273790146,93999,209.67390078617888
2,0.041,6.478518280031492,55908,211.738946125778
3,0.06140000000000001,7.345815885220022,29134,269.2134619345096
4,0.08180000000000001,7.224348834756922,18966,237.48534219128956
5,0.10220000000000001,7.4256169754747425,13007,255.28092565541763
6,0.12260000000000001,7.396595474730422,9458,272.1787904419537
7,0.14300000000000002,7.446297922153935,6834,240.32133450395105
8,0.1634,7.49182509505704,5260,267.0846007604567
9,0.18380000000000002,7.5417480468750115,4096,247.7722167968754
10,0.2042,7.980718085106383,3008,249.58843085106386
11,0.22460000000000002,8.276639344262309,2440,268.151229508196
12,0.245,8.554893194237469,2013,295.2215598609043
13,0.26539999999999997,8.913652275379192,1714,395.3453908984826
14,0.28580000000000005,8.63198867657467,1413,283.8733191790509
15,0.3062,9.973905723905718,1188,619.5311447811446
16,0.3266,7.57737556561086,1105,207.97375565610858
17,0.347,9.444587628865976,776,330.7512886597944
18,0.36740000000000006,8.70986745213549,679,268.70986745213565
19,0.38780000000000003,9.582375478927213,522,340.49808429118775
20,0.4082,9.699999999999982,440,377.5363636363639
21,0.4286,8.660220994475141,362,271.04696132596706
22,0.44900000000000007,7.74565217391304,460,194.78478260869565
23,0.46940000000000004,7.259510869565215,736,252.0448369565216
24,0.4898,6.211608222490925,827,191.05078597339795
25,0.75,10.29565217391301,1610,385.0583850931674
