,voc_bin,rtmean,rtcount,rt_squaredmean
0,0.00020000000000000052,3.3161075281733092,9673781,28.207869084487218
1,0.0206,3.8912990519816626,2237193,35.27044246964834
2,0.041,4.379148358720827,1145905,42.864357865617066
3,0.06140000000000001,4.753508809418656,631767,49.617583697787275
4,0.08180000000000001,4.958016184600596,386911,53.487853795834205
5,0.10220000000000001,5.12189612699612,254118,57.291368576802874
6,0.12260000000000001,5.279074926199995,175813,60.82618463936118
7,0.14300000000000002,5.451567722425606,125660,64.98416361610704
8,0.1634,5.504838293480139,93008,66.44456390848109
9,0.18380000000000002,5.640153060506739,71083,68.58397929181382
10,0.2042,5.726905939725647,57006,72.04378486475119
11,0.22460000000000002,5.745683539606672,45813,71.60083382446041
12,0.245,5.822614896573423,38143,74.484912041528
13,0.26539999999999997,5.772105068442472,32436,73.0371192502158
14,0.28580000000000005,5.8287472162458025,26493,74.52349677273244
15,0.3062,5.848263841108203,21801,74.67473969083989
16,0.3266,6.01316839584996,17542,80.45747349219013
17,0.347,5.917979439390572,13521,76.21100510317288
18,0.36740000000000006,5.948560688495406,10109,75.82886536749442
19,0.38780000000000003,6.150572831423894,7943,81.2025682991312
20,0.4082,6.129321591650358,6132,81.68248532289633
21,0.4286,6.090019960079845,5010,81.29081836327353
22,0.44900000000000007,5.959101123595514,4450,77.74426966292143
23,0.46940000000000004,5.941463414634151,4305,80.60534262485479
24,0.4898,5.395173453996992,3978,72.50175967823014
25,0.75,6.172239626622329,15641,85.58225177418316
