,voc_bin,rtmean,rtcount,rt_squaredmean
0,0.00020000000000000052,3.836893950173521,1293128,60.150971133561214
1,0.0206,5.180882016560684,218590,91.23147902465828
2,0.041,5.428361321650343,128506,102.83035033383662
3,0.06140000000000001,6.0096263972048884,68977,115.91808863824218
4,0.08180000000000001,6.200053561863954,44808,127.2852169255486
5,0.10220000000000001,6.234508299715609,30242,128.83036836188043
6,0.12260000000000001,6.410863443272393,20951,136.3051882965009
7,0.14300000000000002,6.471691880821837,15137,132.7445332628657
8,0.1634,6.6299885472645625,11351,146.77288344639297
9,0.18380000000000002,7.083362359224401,8613,163.43515615929357
10,0.2042,7.07094746295465,6681,152.59856308935738
11,0.22460000000000002,7.329934450109248,5492,161.46285506190816
12,0.245,7.806606869393999,4571,200.1881426383721
13,0.26539999999999997,7.338814016172489,3710,171.82776280323446
14,0.28580000000000005,7.562836340614124,3159,183.7502374169041
15,0.3062,7.2669104204753285,2735,165.77952468007322
16,0.3266,7.707467962881111,2263,197.04197967300024
17,0.347,8.093816631130093,1876,219.42004264392344
18,0.36740000000000006,7.704499664204159,1489,181.86702484889204
19,0.38780000000000003,7.129675810473826,1203,155.0864505403159
20,0.4082,7.579918032786888,976,176.33196721311484
21,0.4286,7.363333333333345,900,167.46333333333337
22,0.44900000000000007,8.01125895598773,977,209.80450358239528
23,0.46940000000000004,6.643801652892563,1210,145.56776859504126
24,0.4898,5.780320366132712,1311,113.42944317315023
25,0.75,7.9277869302580894,3642,190.87342119714478
