,voc_bin,rtmean,rtcount,rt_squaredmean
0,0.00020000000000000052,20.676338841329862,20092,2321.507515429031
1,0.0206,30.36555075593953,3704,3553.6182505399593
2,0.041,33.52110173256333,2251,5302.825410928489
3,0.06140000000000001,35.20438527799533,1277,5108.3931088488625
4,0.08180000000000001,35.48010269576382,779,5088.748395378692
5,0.10220000000000001,35.270871985157754,539,3742.6957328385874
6,0.12260000000000001,41.804400977995165,409,9935.740831295843
7,0.14300000000000002,34.63139931740612,293,3788.1535836177472
8,0.1634,41.55555555555557,216,8131.89814814815
9,0.18380000000000002,37.10322580645163,155,3794.212903225807
10,0.2042,39.35433070866143,127,4681.999999999997
11,0.22460000000000002,31.589473684210525,95,2417.3789473684224
12,0.245,43.29347826086958,92,5077.315217391305
13,0.26539999999999997,41.48648648648651,74,4667.89189189189
14,0.28580000000000005,36.09523809523809,63,3853.904761904761
15,0.3062,29.589743589743595,39,1936.974358974359
16,0.3266,43.400000000000006,30,5245.533333333334
17,0.347,46.97368421052632,38,6570.973684210527
18,0.36740000000000006,33.28571428571429,28,2691.357142857142
19,0.38780000000000003,26.999999999999996,19,1802.7894736842104
20,0.4082,48.55,20,4795.649999999998
21,0.4286,23.588235294117645,17,1510.5294117647063
22,0.44900000000000007,42.08333333333333,12,4230.083333333332
23,0.46940000000000004,38.090909090909086,22,5222.81818181818
24,0.4898,17.71428571428571,14,1206.4285714285716
25,0.75,44.41379310344827,58,5106.793103448275
