,voc_bin,rtmean,rtcount,rt_squaredmean
0,0.00020000000000000052,8.757975797579771,1818,2366.5830583058273
1,0.0206,17.52920962199314,291,12425.446735395175
2,0.041,12.183908045977011,174,720.8735632183913
3,0.06140000000000001,24.219298245614052,114,17880.833333333318
4,0.08180000000000001,15.816901408450706,71,947.5352112676055
5,0.10220000000000001,12.976744186046512,43,499.95348837209286
6,0.12260000000000001,5.9333333333333345,30,82.86666666666666
7,0.14300000000000002,16.076923076923077,26,766.4615384615385
8,0.1634,6.499999999999999,16,88.99999999999999
9,0.18380000000000002,5.874999999999999,8,96.375
10,0.2042,10.7,10,221.7
11,0.22460000000000002,6.692307692307691,13,74.07692307692307
12,0.245,6.4,5,72.0
13,0.26539999999999997,9.5,8,171.75
14,0.28580000000000005,7.875000000000002,8,157.125
15,0.3062,9.999999999999998,3,262.0
16,0.3266,2.0,1,4.0
17,0.347,3.0,1,9.0
18,0.36740000000000006,3.0,2,10.0
19,0.38780000000000003,3.5,2,12.5
20,0.4082,41.0,2,2522.0
21,0.4286,4.0,2,20.0
22,0.44900000000000007,15.5,2,260.5
23,0.46940000000000004,4.0,3,20.666666666666664
24,0.4898,0.0,0,0.0
25,0.75,4.333333333333334,6,36.333333333333336
