,voc_bin,rtmean,rtcount,rt_squaredmean
0,0.00020000000000000052,8.028560548362531,2626,1472.556359482101
1,0.0206,13.218823529411763,425,3716.52235294118
2,0.041,17.747863247863254,234,8652.611111111111
3,0.06140000000000001,11.618644067796609,118,921.6864406779661
4,0.08180000000000001,24.134328358208947,67,6703.447761194029
5,0.10220000000000001,14.511111111111111,45,838.7333333333338
6,0.12260000000000001,9.73684210526316,38,263.1052631578946
7,0.14300000000000002,14.806451612903226,31,585.8387096774194
8,0.1634,64.55555555555554,18,48696.444444444445
9,0.18380000000000002,10.357142857142858,14,327.0714285714286
10,0.2042,9.250000000000002,16,229.87499999999997
11,0.22460000000000002,9.333333333333332,9,137.77777777777777
12,0.245,6.6,5,75.4
13,0.26539999999999997,33.57142857142858,7,5301.857142857143
14,0.28580000000000005,7.6,5,92.4
15,0.3062,2.6666666666666665,3,8.666666666666666
16,0.3266,10.999999999999998,3,224.99999999999997
17,0.347,5.333333333333333,3,46.0
18,0.36740000000000006,3.333333333333333,3,22.0
19,0.38780000000000003,4.333333333333333,3,32.33333333333333
20,0.4082,2.5,2,6.5
21,0.4286,10.600000000000001,5,181.8
22,0.44900000000000007,0.0,0,0.0
23,0.46940000000000004,2.0,4,6.5
24,0.4898,4.0,1,16.0
25,0.75,5.7142857142857135,7,102.85714285714286
