,voc_bin,rtmean,rtcount,rt_squaredmean
0,0.00020000000000000052,7.670656792669952,1799609,257.6725016378537
1,0.0206,10.899172176911037,310936,402.4531446985869
2,0.041,11.333273510409212,183876,429.0097511366368
3,0.06140000000000001,12.605746589701099,100651,493.2055816633726
4,0.08180000000000001,13.031744572627979,65271,531.9938257419061
5,0.10220000000000001,13.155737518996524,44087,550.0564565518156
6,0.12260000000000001,13.086485269522669,31092,552.2516724559389
7,0.14300000000000002,13.408104069614117,22754,554.6100026369011
8,0.1634,13.784487338409823,16941,609.4790744348039
9,0.18380000000000002,13.58408916218293,13010,562.1631821675644
10,0.2042,14.619344619344622,10101,662.201366201363
11,0.22460000000000002,15.082620022329749,8061,681.609849894555
12,0.245,15.325546570829596,6678,685.1311769991012
13,0.26539999999999997,15.719039145907498,5620,732.3649466192157
14,0.28580000000000005,15.250528988573834,4726,670.1362674566219
15,0.3062,15.621535442727478,4077,723.1324503311242
16,0.3266,15.16647298082508,3442,659.4668797210908
17,0.347,15.840698106201273,2693,747.2161158559244
18,0.36740000000000006,15.221230624706406,2129,671.5716298731793
19,0.38780000000000003,14.947677522690864,1873,666.9786438868117
20,0.4082,15.637022397891956,1518,727.4117259552047
21,0.4286,16.252088078967365,1317,765.6127562642362
22,0.44900000000000007,15.03473613894456,1497,710.3012692050744
23,0.46940000000000004,12.683470105509969,1706,531.9730363423212
24,0.4898,10.396907216494846,1940,365.631958762886
25,0.75,16.283394548617785,5173,719.6419872414449
