,voc_bin,rtmean,rtcount,rt_squaredmean
0,0.00020000000000000052,14.68121417404898,7676,1848.8331162063578
1,0.0206,25.709578544061323,1305,8206.406896551729
2,0.041,23.368563685636886,738,4796.924119241198
3,0.06140000000000001,28.62745098039215,459,6566.339869281052
4,0.08180000000000001,32.198653198653204,297,7407.3097643097635
5,0.10220000000000001,27.646511627906975,215,2492.837209302324
6,0.12260000000000001,28.716417910447763,134,3850.9701492537324
7,0.14300000000000002,23.490740740740748,108,1451.805555555555
8,0.1634,32.02380952380952,84,6850.571428571428
9,0.18380000000000002,42.00000000000001,47,5295.021276595742
10,0.2042,32.16666666666666,60,4126.03333333333
11,0.22460000000000002,22.250000000000004,44,1323.2954545454547
12,0.245,26.181818181818187,33,1876.1818181818176
13,0.26539999999999997,25.818181818181827,33,1320.1212121212122
14,0.28580000000000005,20.192307692307686,26,1313.115384615385
15,0.3062,54.00000000000001,17,9443.058823529413
16,0.3266,45.666666666666664,15,4139.933333333334
17,0.347,18.0,7,569.7142857142857
18,0.36740000000000006,57.63636363636363,11,19037.454545454544
19,0.38780000000000003,24.375,8,991.6249999999999
20,0.4082,53.666666666666664,6,7002.0
21,0.4286,28.444444444444443,9,1997.7777777777776
22,0.44900000000000007,24.0,4,889.5
23,0.46940000000000004,34.66666666666667,9,4325.333333333333
24,0.4898,27.142857142857146,7,1506.2857142857147
25,0.75,28.266666666666673,15,2292.5333333333338
