,voc_bin,rtmean,rtcount,rt_squaredmean
0,0.00020000000000000052,3.8590728495281525,1147969,62.269885336624895
1,0.0206,5.2297904076910235,195761,97.7408727989745
2,0.041,5.440095915046666,116770,102.08404555964748
3,0.06140000000000001,5.944912591637805,62065,113.9089825183273
4,0.08180000000000001,6.138411484204249,40264,124.48268925094402
5,0.10220000000000001,6.3776091783863675,27020,142.0032938564022
6,0.12260000000000001,6.4009325230511305,19088,139.83722757753563
7,0.14300000000000002,6.3558662438743205,13876,136.97261458633594
8,0.1634,6.772276264591424,10280,151.4390077821012
9,0.18380000000000002,6.7418094758064395,7936,154.24659778225836
10,0.2042,7.105855110817064,6046,165.79986768111158
11,0.22460000000000002,7.412421351735336,4927,156.21169068398603
12,0.245,7.790142276422772,3936,198.3241869918701
13,0.26539999999999997,7.666969696969697,3300,190.8415151515148
14,0.28580000000000005,7.750530785562638,2826,185.76751592356678
15,0.3062,7.663299663299664,2376,172.42003367003343
16,0.3266,7.605970149253733,2010,174.92437810945276
17,0.347,7.433292533659717,1634,162.84088127294947
18,0.36740000000000006,7.777372262773714,1370,171.05620437956225
19,0.38780000000000003,7.337444933920711,1135,149.74273127753335
20,0.4082,7.567653276955598,946,171.4450317124736
21,0.4286,7.590062111801242,805,170.6633540372669
22,0.44900000000000007,8.081318681318695,910,249.05494505494454
23,0.46940000000000004,7.104166666666654,1104,182.1567028985507
24,0.4898,5.974975938402311,1039,121.70163618864294
25,0.75,7.896572459410695,3326,190.6500300661457
