,voc_bin,rtmean,rtcount,rt_squaredmean
0,0.00020000000000000052,18.668685269793343,250173,1324.7989151507134
1,0.0206,23.445940934528974,59324,1766.9230159800422
2,0.041,26.281763997003612,30703,2052.73448848646
3,0.06140000000000001,28.362180253406613,16732,2379.910351422419
4,0.08180000000000001,28.86189864664624,10123,2406.7822779808307
5,0.10220000000000001,30.0513622152746,6717,2537.8301324996282
6,0.12260000000000001,30.397368421052562,4560,2616.1653508771806
7,0.14300000000000002,30.828258941767622,3383,2654.4723618090525
8,0.1634,34.06976744186047,2537,4298.755616870321
9,0.18380000000000002,35.089552238806014,1809,3680.847429519069
10,0.2042,34.12873258128738,1507,3134.8759124087646
11,0.22460000000000002,33.37370517928291,1255,3084.761752988048
12,0.245,32.868787276341955,1006,2934.6898608349884
13,0.26539999999999997,31.42134831460679,890,2789.295505617974
14,0.28580000000000005,31.602678571428598,672,2796.572916666663
15,0.3062,35.403908794788315,614,3892.3322475570035
16,0.3266,32.71460176991152,452,2688.280973451329
17,0.347,32.6156156156156,333,2837.468468468469
18,0.36740000000000006,40.43205574912895,287,8639.003484320552
19,0.38780000000000003,36.27272727272727,187,3505.6524064171126
20,0.4082,39.25925925925928,135,3310.962962962964
21,0.4286,34.213114754098335,122,3023.7868852459037
22,0.44900000000000007,39.58088235294118,136,3699.742647058824
23,0.46940000000000004,33.77450980392158,102,3370.715686274509
24,0.4898,28.712962962962965,108,1921.2870370370372
25,0.75,33.32712765957447,376,3226.6835106382982
