,voc_bin,rtmean,rtcount,rt_squaredmean
0,0.00020000000000000052,9.041715475639403,16608968,227.2647708755893
1,0.0206,11.019803359433512,3711340,298.4873482354075
2,0.041,12.11381055817391,1944143,348.4895113168124
3,0.06140000000000001,13.015257028870751,1069802,392.1829833931886
4,0.08180000000000001,13.521671059035297,653406,421.10185244702285
5,0.10220000000000001,13.843854201790899,427056,439.46997817616517
6,0.12260000000000001,14.133358944197731,294146,452.94047513819606
7,0.14300000000000002,14.503594815041748,208912,483.3666280539171
8,0.1634,14.723422433784958,155667,490.87659555332885
9,0.18380000000000002,15.031893334234098,118426,514.3257477243172
10,0.2042,15.093901986755018,94375,513.4692344370873
11,0.22460000000000002,15.459213468367707,76030,546.6080494541624
12,0.245,15.38731125532156,62717,533.6447534161373
13,0.26539999999999997,15.306294732978548,54490,538.9140392732612
14,0.28580000000000005,15.461148112908283,44142,537.8585474151629
15,0.3062,15.73163472504239,35951,558.9380545742779
16,0.3266,16.150027559597643,29028,603.0599765743448
17,0.347,15.87094339622638,22525,577.3413096559375
18,0.36740000000000006,16.177429876060007,16863,587.1517523572314
19,0.38780000000000003,16.060166288737665,13230,568.6547241118672
20,0.4082,16.40308665644167,10432,613.8745207055231
21,0.4286,15.643892819858507,8621,567.1850133395172
22,0.44900000000000007,16.13419354838705,7750,591.0459354838696
23,0.46940000000000004,14.94829329962071,7910,555.7078381795209
24,0.4898,13.464631522323815,7436,475.6615115653568
25,0.75,15.993849594632346,28616,593.3119932904643
