,voc_bin,rtmean,rtcount,rt_squaredmean
0,0.00020000000000000052,4.387768899691937,496979,135.7698916855641
1,0.0206,6.288555061806075,76287,230.7509929607928
2,0.041,6.398358960821845,45459,217.17646670626326
3,0.06140000000000001,7.256769765203207,23893,243.0303436152849
4,0.08180000000000001,7.239535336491669,15409,248.9059640469854
5,0.10220000000000001,7.501690140845063,10650,251.86169014084496
6,0.12260000000000001,7.5834960301965095,7683,254.52375374202825
7,0.14300000000000002,7.544478253087517,5587,247.25022373366724
8,0.1634,7.799809795530202,4206,282.3152639087026
9,0.18380000000000002,7.344535175879403,3184,194.7572236180902
10,0.2042,8.590614886731403,2472,300.12216828478876
11,0.22460000000000002,8.595309381237538,2004,285.2879241516964
12,0.245,8.12320574162679,1672,232.056220095694
13,0.26539999999999997,9.041399000713797,1401,303.0299785867232
14,0.28580000000000005,9.007867132867142,1144,352.1092657342658
15,0.3062,8.326722338204592,958,246.29123173277685
16,0.3266,8.228205128205119,780,230.97179487179508
17,0.347,8.045801526717574,655,263.79541984732833
18,0.36740000000000006,9.388591800356492,561,289.3351158645272
19,0.38780000000000003,10.235849056603776,424,385.63207547169776
20,0.4082,8.691489361702132,376,256.191489361702
21,0.4286,8.67987804878049,328,245.99085365853682
22,0.44900000000000007,7.303977272727275,352,165.41761363636377
23,0.46940000000000004,6.37813620071685,558,184.99820788530462
24,0.4898,6.077294685990336,621,135.24959742351083
25,0.75,9.119402985074606,1273,299.20895522388105
