,voc_bin,rtmean,rtcount,rt_squaredmean
0,0.00020000000000000052,4.626551691728003,712851,154.70028098438564
1,0.0206,6.4946770110846295,109431,240.69705110983276
2,0.041,6.785271449010042,65003,264.6371244404105
3,0.06140000000000001,7.4702180464456545,33846,279.18268037581976
4,0.08180000000000001,7.763893933890296,22024,297.1800762804205
5,0.10220000000000001,7.792536115569829,14952,310.48261102193703
6,0.12260000000000001,7.7717803907045395,10801,258.5389315804073
7,0.14300000000000002,7.852343849789251,7829,325.5858985821946
8,0.1634,7.712603062426381,5943,253.07958943294545
9,0.18380000000000002,8.040522287257952,4442,310.2561909049965
10,0.2042,8.147093023255774,3440,325.4104651162785
11,0.22460000000000002,8.910727681920495,2666,392.6204051012735
12,0.245,9.36646816307832,2183,513.6523133302775
13,0.26539999999999997,9.220403709765407,1833,384.58210583742397
14,0.28580000000000005,9.342604298356502,1582,395.4336283185833
15,0.3062,8.487858719646795,1359,243.01177336276686
16,0.3266,9.554395126196685,1149,498.7867711053092
17,0.347,9.519668737060044,966,335.20496894409916
18,0.36740000000000006,9.47500000000002,800,350.1850000000002
19,0.38780000000000003,10.457191780821908,584,360.9537671232872
20,0.4082,9.457031249999995,512,307.1484375000001
21,0.4286,9.317286652078767,457,293.0765864332602
22,0.44900000000000007,8.436507936507935,504,244.6031746031746
23,0.46940000000000004,7.619412515964242,783,278.9450830140484
24,0.4898,5.932659932659927,891,140.8439955106621
25,0.75,10.058451816745624,1899,362.25118483412297
