,voc_bin,rtmean,rtcount,rt_squaredmean
0,0.00020000000000000052,7.707111548199375,2164831,244.34707466772204
1,0.0206,10.881171463745972,376896,384.49313869077974
2,0.041,11.398163060002803,221673,416.2146630397022
3,0.06140000000000001,12.580080374528714,120685,472.2913783817372
4,0.08180000000000001,12.938751791732846,77439,521.7266493627235
5,0.10220000000000001,13.07247674950449,52472,520.1074287238896
6,0.12260000000000001,13.37391163705961,37097,541.6549047092747
7,0.14300000000000002,13.43586720218134,27139,556.4157117063975
8,0.1634,13.554632714974895,20107,553.8889441488042
9,0.18380000000000002,14.23239616613418,15650,671.6096485623009
10,0.2042,14.517186585263866,11957,620.3136238186821
11,0.22460000000000002,14.739043404972605,9492,634.6760429835662
12,0.245,14.933988764044935,7832,619.8341419816145
13,0.26539999999999997,15.551537884471113,6665,656.9093773443366
14,0.28580000000000005,15.456875220926143,5658,696.2670554966426
15,0.3062,15.35159047819674,4747,683.4050979566024
16,0.3266,15.495728643216069,3980,671.2741206030147
17,0.347,15.469835466179145,3282,649.2358318098721
18,0.36740000000000006,16.168846153846207,2600,737.4473076923092
19,0.38780000000000003,16.48267564966317,2078,789.7300288739148
20,0.4082,15.496338028169019,1775,669.5447887323951
21,0.4286,15.44084600132188,1513,673.319233311301
22,0.44900000000000007,14.495238095238077,1680,634.7630952380943
23,0.46940000000000004,12.681381957773505,2084,505.16602687140085
24,0.4898,10.657779720279738,2288,390.19798951048875
25,0.75,16.198009950248778,6030,739.6361525704816
