,voc_bin,rtmean,rtcount,rt_squaredmean
0,0.00020000000000000052,2.912992491673448,2128437,29.630435385214433
1,0.0206,3.8145088205307855,388412,42.62879880127275
2,0.041,4.0361799160227045,226728,47.35928072403931
3,0.06140000000000001,4.431069723395011,126715,55.85691512449192
4,0.08180000000000001,4.6138811279186,81247,60.19560106834702
5,0.10220000000000001,4.690699324877631,54953,61.89780357760274
6,0.12260000000000001,4.778878057563186,38879,64.74271457599232
7,0.14300000000000002,4.938444081980017,28202,69.28253315367695
8,0.1634,5.134801677189256,20749,76.85931852137438
9,0.18380000000000002,5.1940335305720025,16224,76.40322978303779
10,0.2042,5.336046604421042,12531,79.99441385364284
11,0.22460000000000002,5.572280324503947,10231,86.92034014270352
12,0.245,5.630184194890058,8415,88.8092691622103
13,0.26539999999999997,5.602730087250197,7106,85.30917534477922
14,0.28580000000000005,5.604891033105968,6011,82.72616869073377
15,0.3062,5.501207243460751,4970,78.73702213279653
16,0.3266,5.750840941854882,4162,89.9661220567029
17,0.347,5.8689248895434565,3395,92.28365243004384
18,0.36740000000000006,6.041260315078768,2666,104.54088522130507
19,0.38780000000000003,6.208044382801656,2163,103.35644937586683
20,0.4082,6.093242535358818,1909,99.6972236773178
21,0.4286,5.946236559139791,1581,101.8842504743833
22,0.44900000000000007,5.606649937264741,1594,83.65432873274773
23,0.46940000000000004,5.069021739130424,1840,76.10163043478252
24,0.4898,4.502679528402995,1866,68.03322615219727
25,0.75,5.97049560749212,6033,94.15713575335658
