,voc_bin,rtmean,rtcount,rt_squaredmean
0,0.00020000000000000052,8.936293169501072,14703494,225.07068666808033
1,0.0206,10.925203385104082,3299160,295.9763576183016
2,0.041,12.049137529191643,1724812,347.2272009935003
3,0.06140000000000001,12.95847296488115,951910,390.1604038196889
4,0.08180000000000001,13.449355647359777,583609,420.94492545522667
5,0.10220000000000001,13.824019972935854,381316,443.07309423155687
6,0.12260000000000001,14.064738475599325,262595,458.13949237418916
7,0.14300000000000002,14.397566388204307,187458,476.56957291766827
8,0.1634,14.690119127023413,139431,497.16284040134576
9,0.18380000000000002,14.803425522953857,106845,497.38089756188936
10,0.2042,15.082781535540516,84270,521.3770974249426
11,0.22460000000000002,15.34628220140517,68320,533.7891393442629
12,0.245,15.293489273208813,56261,535.5778425552351
13,0.26539999999999997,15.27110446170558,48793,543.5919291701673
14,0.28580000000000005,15.547863097186916,39707,556.1005616138231
15,0.3062,15.476237715844656,32257,547.4397185107099
16,0.3266,15.661796370347576,26008,557.9234081820994
17,0.347,15.618779064015008,20214,550.2492332047101
18,0.36740000000000006,16.079954880233526,15071,595.2823966558262
19,0.38780000000000003,15.79339185160649,12076,562.705448824115
20,0.4082,16.2457744233018,9407,609.4497714467959
21,0.4286,16.339011058853444,7867,606.4953603660865
22,0.44900000000000007,16.072899041173137,7092,607.387901861252
23,0.46940000000000004,15.009637514384348,6952,566.1828250863085
24,0.4898,13.640024592683691,6506,478.5330464186908
25,0.75,16.100059916117377,25035,599.7463151587784
