,voc_bin,rtmean,rtcount,rt_squaredmean
0,0.00020000000000000052,3.8825220020916467,1393163,61.30094899161135
1,0.0206,5.289158973490279,236140,96.4625222325735
2,0.041,5.444329295938853,138951,101.78896877316494
3,0.06140000000000001,5.997742542327333,74420,115.20757860790091
4,0.08180000000000001,6.133704092339982,47650,119.46805876180444
5,0.10220000000000001,6.3105660959432335,32415,127.49643683479873
6,0.12260000000000001,6.470499445061074,22525,144.5037957824639
7,0.14300000000000002,6.679371921182262,16240,143.56496305418716
8,0.1634,6.679494543365866,12187,145.87158447526045
9,0.18380000000000002,6.894133725820013,9512,151.78185449957934
10,0.2042,7.141292134831476,7120,169.7733146067416
11,0.22460000000000002,7.238540044974904,5781,162.67220204116964
12,0.245,7.614618644067791,4720,198.25021186440702
13,0.26539999999999997,7.601912430800196,3974,175.05586311021605
14,0.28580000000000005,7.654861944777908,3332,177.96158463385345
15,0.3062,7.8098115890508275,2813,186.00248844649815
16,0.3266,7.308276689324258,2501,155.16833266693283
17,0.347,7.426398429833158,2038,160.67173699705629
18,0.36740000000000006,7.9048543689320345,1545,177.33527508090572
19,0.38780000000000003,7.700317965023846,1258,201.67488076311597
20,0.4082,7.742465753424655,1095,180.99360730593602
21,0.4286,8.306855277475524,919,251.0250272034816
22,0.44900000000000007,7.025896414342634,1004,152.9800796812751
23,0.46940000000000004,6.181458003169566,1262,117.77099841521391
24,0.4898,6.106428571428578,1400,118.55214285714287
25,0.75,7.908952187182083,3932,181.70193285859602
