,voc_bin,rtmean,rtcount,rt_squaredmean
0,0.00020000000000000052,5.857593073105214,3265417,97.55298327901174
1,0.0206,7.586148630936264,667573,138.2579732853192
2,0.041,8.015918042070599,390249,152.51165281653508
3,0.06140000000000001,8.656660137772958,225153,173.80165043326073
4,0.08180000000000001,8.925570219681708,142752,186.02299792647383
5,0.10220000000000001,9.113205175213452,95455,193.40012571368703
6,0.12260000000000001,9.266556910873273,66815,196.11989822644594
7,0.14300000000000002,9.447048520611357,47959,205.59667632769694
8,0.1634,9.755637748764821,36229,216.59231554831837
9,0.18380000000000002,9.988876408565527,27599,227.91713467879237
10,0.2042,10.064591977869988,21690,226.80050714615052
11,0.22460000000000002,10.347487051055861,17569,242.36638397176824
12,0.245,10.513660450072283,14531,248.05354070607703
13,0.26539999999999997,10.612049781587382,12133,247.27965053985008
14,0.28580000000000005,10.663962136578743,10353,248.97942625326056
15,0.3062,10.750115901715377,8628,264.11590171534505
16,0.3266,10.69820971867008,7038,256.15885194657545
17,0.347,10.228885135135135,5920,232.58766891891923
18,0.36740000000000006,10.82241341275092,4533,264.665343039929
19,0.38780000000000003,10.677681321758639,3571,259.36936432371937
20,0.4082,10.568357406785347,2977,246.47094390325856
21,0.4286,10.379229871645272,2571,244.87553481135768
22,0.44900000000000007,9.859510982179852,2413,239.3489432242019
23,0.46940000000000004,8.964932126696842,2652,191.12556561085987
24,0.4898,8.235907335907351,2590,174.3818532818536
25,0.75,10.063987040599358,9877,232.94117647058835
