,voc_bin,rtmean,rtcount,rt_squaredmean
0,0.00020000000000000052,3.8738437723709525,1239051,62.31089922852241
1,0.0206,5.236671013588876,211644,94.0149779818939
2,0.041,5.4436053456472475,124737,102.836006958641
3,0.06140000000000001,6.062379709063756,67025,121.51506154419971
4,0.08180000000000001,6.2258264890606565,43467,127.56385303793714
5,0.10220000000000001,6.285866574965603,29080,132.78036451169174
6,0.12260000000000001,6.3485784919653865,20225,130.64355995055638
7,0.14300000000000002,6.5300660644465305,14834,143.29520021572074
8,0.1634,6.503861350574737,11136,128.92250359195418
9,0.18380000000000002,6.899600751526554,8516,158.6368013151715
10,0.2042,7.093866749688668,6424,151.30121419676257
11,0.22460000000000002,7.350135187331016,5178,176.59347238315985
12,0.245,7.591613056945422,4197,171.64879675958954
13,0.26539999999999997,7.550830751900876,3551,168.80005632216285
14,0.28580000000000005,7.385175380542684,3022,162.4910655195235
15,0.3062,7.764705882352952,2448,201.6233660130716
16,0.3266,7.428174235403171,2158,158.4754402224283
17,0.347,7.647895335608634,1758,167.97212741751983
18,0.36740000000000006,8.137377963737784,1434,215.60878661087878
19,0.38780000000000003,8.247899159663856,1190,205.46974789915964
20,0.4082,7.377378435517973,946,140.1976744186046
21,0.4286,8.32986111111111,864,237.7858796296294
22,0.44900000000000007,7.641550053821316,929,182.795479009688
23,0.46940000000000004,6.727188081936681,1074,136.51303538175057
24,0.4898,5.729950900163669,1222,103.99181669394451
25,0.75,8.18235294117643,3400,187.410588235294
