,voc_bin,rtmean,rtcount,rt_squaredmean
0,0.00020000000000000052,4.5794649962251865,637117,149.5446911634756
1,0.0206,6.457801381870672,96970,231.72837991131263
2,0.041,6.6356312776387405,58342,242.99454938123534
3,0.06140000000000001,7.512441423008399,30302,284.23853211009197
4,0.08180000000000001,7.746443685310782,19613,278.5487686738394
5,0.10220000000000001,7.576971962616849,13375,297.2747663551405
6,0.12260000000000001,7.719908609409053,9629,292.1897393291091
7,0.14300000000000002,7.699844258813545,7063,241.83208268441203
8,0.1634,7.738216922203301,5283,278.066818095779
9,0.18380000000000002,7.5208126858275515,4036,251.3478691774029
10,0.2042,8.605669291338561,3175,342.1716535433071
11,0.22460000000000002,8.902817476521044,2449,301.4589628419758
12,0.245,8.935675408213749,2021,341.6491835724898
13,0.26539999999999997,10.215466351829985,1694,519.3972845336476
14,0.28580000000000005,9.18272662384012,1401,345.58672376873614
15,0.3062,9.728132387706859,1269,454.8991331757287
16,0.3266,8.73630454967503,1077,295.3546889507889
17,0.347,9.051032806804372,823,274.94167679222295
18,0.36740000000000006,9.207462686567164,670,306.5835820895521
19,0.38780000000000003,8.240773286467494,569,214.163444639719
20,0.4082,10.335416666666672,480,324.4895833333336
21,0.4286,9.450127877237852,391,461.78260869565105
22,0.44900000000000007,9.978640776699033,515,539.252427184466
23,0.46940000000000004,7.201267828843103,631,265.1156893819335
24,0.4898,6.6149144254278776,818,229.81540342298274
25,0.75,10.379884689301722,1561,378.8219090326706
