,voc_bin,rtmean,rtcount,rt_squaredmean
0,0.00020000000000000052,7.717726305698777,1869363,256.2475110505541
1,0.0206,10.908910180899634,323439,400.6090205571978
2,0.041,11.368530031584534,190283,433.3738799577456
3,0.06140000000000001,12.687753462577119,103319,501.9551099023444
4,0.08180000000000001,12.902806939170521,67155,522.6757799121422
5,0.10220000000000001,13.18792479477444,45316,537.7322358548842
6,0.12260000000000001,13.213845720896753,31981,535.4866326881581
7,0.14300000000000002,13.36202074099572,23239,553.9157450836952
8,0.1634,13.973074514715037,17567,677.6269710252175
9,0.18380000000000002,14.022826006921438,13581,612.3481334216881
10,0.2042,14.792736261646725,10518,645.8220193953208
11,0.22460000000000002,14.893611853291256,8234,657.7962108331301
12,0.245,14.908130787037022,6912,648.397714120371
13,0.26539999999999997,15.494398008180656,5623,724.0197403521261
14,0.28580000000000005,15.509145728643249,4975,731.7543718592983
15,0.3062,15.073135755258123,4184,634.4383365200772
16,0.3266,15.572362809212393,3517,702.4344611885123
17,0.347,15.142652842331058,2797,680.4404719342148
18,0.36740000000000006,15.509451360073768,2169,709.3840479483634
19,0.38780000000000003,15.268266085059986,1834,619.5517993456897
20,0.4082,16.00651465798041,1535,722.5081433224746
21,0.4286,15.473645680819912,1366,686.61420204978
22,0.44900000000000007,14.195724782899122,1497,550.5524382097509
23,0.46940000000000004,12.885805763073654,1874,537.8249733191036
24,0.4898,10.735279805352793,2055,424.5902676399017
25,0.75,16.308518518518575,5400,747.1988888888876
