,voc_bin,rtmean,rtcount,rt_squaredmean
0,0.00020000000000000052,0.0,0,0.0
1,0.0206,0.0,0,0.0
2,0.041,0.0,0,0.0
3,0.06140000000000001,0.0,0,0.0
4,0.08180000000000001,0.0,0,0.0
5,0.10220000000000001,0.0,0,0.0
6,0.12260000000000001,0.0,0,0.0
7,0.14300000000000002,0.0,0,0.0
8,0.1634,0.0,0,0.0
9,0.18380000000000002,0.0,0,0.0
10,0.2042,0.0,0,0.0
11,0.22460000000000002,0.0,0,0.0
12,0.245,0.0,0,0.0
13,0.26539999999999997,0.0,0,0.0
14,0.28580000000000005,0.0,0,0.0
15,0.3062,0.0,0,0.0
16,0.3266,0.0,0,0.0
17,0.347,0.0,0,0.0
18,0.36740000000000006,0.0,0,0.0
19,0.38780000000000003,0.0,0,0.0
20,0.4082,0.0,0,0.0
21,0.4286,0.0,0,0.0
22,0.44900000000000007,0.0,0,0.0
23,0.46940000000000004,0.0,0,0.0
24,0.4898,0.0,0,0.0
25,0.75,0.0,0,0.0
