,voc_bin,rtmean,rtcount,rt_squaredmean
0,0.00020000000000000052,5.401245679550044,12662165,73.69129513001963
1,0.0206,6.44174401840979,2858479,94.89766760574405
2,0.041,7.132172716046877,1481970,112.3990269708561
3,0.06140000000000001,7.6635191000345335,813009,126.87600014267947
4,0.08180000000000001,7.947190036569875,496857,135.97373288491488
5,0.10220000000000001,8.122720975682185,323384,141.80009524280732
6,0.12260000000000001,8.409004845656893,222880,152.80935480976197
7,0.14300000000000002,8.5515562423134,158555,156.25200088297422
8,0.1634,8.727512781142934,118534,163.52775574940475
9,0.18380000000000002,8.876459933101433,89987,167.49201551335165
10,0.2042,9.003559720287592,71073,173.68246732233
11,0.22460000000000002,8.988142292490124,57431,170.4888648987473
12,0.245,9.149876994890619,47559,180.13585230976187
13,0.26539999999999997,8.99566086490176,41022,173.0858563697525
14,0.28580000000000005,9.159169239068556,33367,177.36506128809856
15,0.3062,9.228642194373629,27051,182.2887139107613
16,0.3266,9.300437284234782,21725,184.71014959723857
17,0.347,9.398382622041197,16941,189.5729886075206
18,0.36740000000000006,9.59097756283202,12613,196.89328470625577
19,0.38780000000000003,9.658836689038022,9834,196.52379499694908
20,0.4082,9.533929712460035,7825,194.50236421725302
21,0.4286,9.667985392574558,6572,207.56329884357913
22,0.44900000000000007,9.514066049274872,5723,203.58570679713455
23,0.46940000000000004,8.902277864719155,5751,175.7720396452792
24,0.4898,8.499904306220062,5225,168.85971291866002
25,0.75,9.45653616456534,21098,199.69295667835885
