,voc_bin,rtmean,rtcount,rt_squaredmean
0,0.00020000000000000052,6.963802559414993,2735,1208.9813528336388
1,0.0206,9.276849642004791,419,456.9045346062053
2,0.041,14.979166666666671,240,3690.1458333333308
3,0.06140000000000001,13.157024793388434,121,1272.9917355371904
4,0.08180000000000001,22.197674418604645,86,10793.104651162786
5,0.10220000000000001,7.811320754716981,53,155.13207547169813
6,0.12260000000000001,7.486486486486485,37,116.8918918918919
7,0.14300000000000002,12.574999999999998,40,914.8249999999996
8,0.1634,21.64516129032258,31,2514.41935483871
9,0.18380000000000002,87.94444444444443,18,101026.16666666666
10,0.2042,9.0,14,143.28571428571428
11,0.22460000000000002,17.000000000000004,9,1237.6666666666665
12,0.245,5.916666666666667,12,66.74999999999999
13,0.26539999999999997,5.0,5,48.199999999999996
14,0.28580000000000005,6.666666666666666,6,76.0
15,0.3062,11.666666666666666,3,216.33333333333334
16,0.3266,9.555555555555555,9,218.44444444444449
17,0.347,11.333333333333332,6,377.66666666666663
18,0.36740000000000006,8.0,2,113.0
19,0.38780000000000003,10.0,2,200.0
20,0.4082,2.0,2,5.0
21,0.4286,0.0,0,0.0
22,0.44900000000000007,1.5,2,4.5
23,0.46940000000000004,3.7499999999999996,4,27.249999999999993
24,0.4898,4.444444444444445,9,33.33333333333333
25,0.75,71.57142857142856,7,22119.85714285714
