,voc_bin,rtmean,rtcount,rt_squaredmean
0,0.00020000000000000052,3.8811291785614723,1273315,61.0290493711296
1,0.0206,5.251312817748358,215186,94.208540518435
2,0.041,5.437474850285239,126741,101.39849772370457
3,0.06140000000000001,6.093845073718704,68368,122.52808331383065
4,0.08180000000000001,6.128250119636302,43883,120.1834423353006
5,0.10220000000000001,6.129756770743508,28985,120.82570294980214
6,0.12260000000000001,6.42728467792979,20539,135.1602317542234
7,0.14300000000000002,6.401509535682998,14839,137.87640676595444
8,0.1634,6.540703517587915,10945,132.23590680676173
9,0.18380000000000002,6.970999053030284,8448,164.48425662878765
10,0.2042,7.099640793378084,6403,150.00359206621908
11,0.22460000000000002,7.511592836946289,5305,174.8982092365693
12,0.245,7.246192893401018,4334,157.4810798338714
13,0.26539999999999997,7.441227064220177,3488,168.49569954128438
14,0.28580000000000005,7.42917893359502,3057,145.19692508995763
15,0.3062,7.652073732718876,2604,193.69201228878617
16,0.3266,7.6672932330827,2128,193.4116541353386
17,0.347,7.986167146974062,1735,205.16080691642637
18,0.36740000000000006,8.309322033898333,1416,236.09039548022582
19,0.38780000000000003,7.853574504737285,1161,178.02756244616702
20,0.4082,7.964394710071206,983,175.9298067141405
21,0.4286,7.590333716915997,869,191.7376294591483
22,0.44900000000000007,7.092118730808594,977,149.45240532241547
23,0.46940000000000004,6.640893470790381,1164,154.41065292096243
24,0.4898,5.7908597986057275,1291,124.73896204492617
25,0.75,8.162230316615283,3569,193.89212664611898
