,voc_bin,rtmean,rtcount,rt_squaredmean
0,0.00020000000000000052,11.67004996876953,6404,1706.2668644597138
1,0.0206,16.879923150816527,1041,1406.1556195965434
2,0.041,19.677830940988848,627,2400.7846889952143
3,0.06140000000000001,23.38181818181817,330,6003.163636363637
4,0.08180000000000001,36.76255707762558,219,23265.657534246555
5,0.10220000000000001,18.84666666666666,150,1176.6333333333332
6,0.12260000000000001,20.4757281553398,103,1513.0970873786416
7,0.14300000000000002,14.454545454545443,99,768.7575757575758
8,0.1634,23.94666666666667,75,2516.1866666666656
9,0.18380000000000002,54.08510638297873,47,41070.00000000001
10,0.2042,13.324999999999998,40,393.125
11,0.22460000000000002,71.95238095238093,21,71716.14285714286
12,0.245,9.952380952380949,21,318.8095238095238
13,0.26539999999999997,16.866666666666667,15,709.5333333333333
14,0.28580000000000005,13.166666666666666,12,290.3333333333333
15,0.3062,22.33333333333333,12,1079.1666666666665
16,0.3266,10.722222222222221,18,203.50000000000003
17,0.347,26.923076923076923,13,1930.3076923076924
18,0.36740000000000006,18.75,8,717.9999999999999
19,0.38780000000000003,10.0,2,200.0
20,0.4082,5.333333333333333,3,51.33333333333333
21,0.4286,24.5,4,924.5
22,0.44900000000000007,18.666666666666668,6,1347.0000000000002
23,0.46940000000000004,9.777777777777777,9,183.55555555555551
24,0.4898,7.0625,16,76.68750000000001
25,0.75,52.05882352941176,17,10986.058823529413
