,voc_bin,rtmean,rtcount,rt_squaredmean
0,0.00020000000000000052,1.533993564551662,11766080,4.46380672237482
1,0.0206,1.6674766046706129,2733131,5.077062167894617
2,0.041,1.7999292932268764,1323777,5.767803036312002
3,0.06140000000000001,1.8916978527050092,688075,6.297665225447801
4,0.08180000000000001,1.9419568362032604,396119,6.666678447638202
5,0.10220000000000001,1.9873351437582965,246351,7.024952202345435
6,0.12260000000000001,2.0191502057739745,162557,7.1892751465639675
7,0.14300000000000002,2.065703517587939,111440,7.575735821966984
8,0.1634,2.104247580297148,81105,7.896590839035808
9,0.18380000000000002,2.1169205097583745,61127,7.892829682464376
10,0.2042,2.1600519948843746,47697,8.281611002788438
11,0.22460000000000002,2.1773534143961184,37913,8.374014190383258
12,0.245,2.177428718874986,31004,8.376177267449371
13,0.26539999999999997,2.17330639319889,26231,8.616903663604125
14,0.28580000000000005,2.192653138811011,21043,8.613790809295244
15,0.3062,2.185156847742921,16991,8.49649814607733
16,0.3266,2.206771463119709,13232,8.53295042321643
17,0.347,2.2212728344136736,10182,8.643783146729538
18,0.36740000000000006,2.254678706975522,7641,8.908781573092536
19,0.38780000000000003,2.226769540422677,5962,9.006373700100625
20,0.4082,2.3310626702997284,4404,9.729791099000906
21,0.4286,2.308406113537121,3664,9.611899563318767
22,0.44900000000000007,2.2702086049543695,3068,9.577900912646653
23,0.46940000000000004,2.2706270627062706,3030,9.643564356435638
24,0.4898,2.193744922826974,2462,9.905361494719736
25,0.75,2.346265938069218,10980,10.902185792349714
