,voc_bin,rtmean,rtcount,rt_squaredmean
0,0.00020000000000000052,2.9229079121655697,1873798,29.770589465887024
1,0.0206,3.8508379773627452,341119,44.06833392452495
2,0.041,4.053090601185428,200770,48.04839866513919
3,0.06140000000000001,4.46058323986541,112338,56.53870462354691
4,0.08180000000000001,4.649825591052548,72244,61.571839875975854
5,0.10220000000000001,4.716006637848015,48811,63.93020015980033
6,0.12260000000000001,4.820070199666262,34758,67.00949421715829
7,0.14300000000000002,4.987559194156831,24918,71.43245846376101
8,0.1634,5.059319304273141,18628,72.49296757569219
9,0.18380000000000002,5.1473596903511165,14468,74.35581974011606
10,0.2042,5.368222621184927,11140,80.1570915619387
11,0.22460000000000002,5.542204242291714,9146,86.85818937240315
12,0.245,5.66824582181863,7599,84.89472298986692
13,0.26539999999999997,5.779809220985682,6290,95.64912559618432
14,0.28580000000000005,5.61826923076924,5200,86.23173076923077
15,0.3062,5.598648648648637,4440,80.78558558558561
16,0.3266,5.597663678348268,3681,82.19532735669642
17,0.347,5.902121834360031,2922,93.99657768651596
18,0.36740000000000006,5.822337214316513,2319,87.99223803363498
19,0.38780000000000003,5.52298263534218,1958,72.44228804902956
20,0.4082,5.698817672682017,1607,81.35283136278768
21,0.4286,5.969821673525385,1458,90.90397805212625
22,0.44900000000000007,5.9827467218771515,1449,98.1842650103519
23,0.46940000000000004,5.512759643916909,1685,81.31810089020782
24,0.4898,4.424000000000002,1625,59.22523076923067
25,0.75,6.115146147032777,5645,103.74313551815763
