,voc_bin,rtmean,rtcount,rt_squaredmean
0,0.00020000000000000052,7.64383561643835,2409,1622.2880863428823
1,0.0206,12.760204081632637,392,5156.346938775509
2,0.041,7.536480686695277,233,182.24034334763957
3,0.06140000000000001,20.666666666666664,129,12996.062015503885
4,0.08180000000000001,11.287671232876713,73,612.4657534246578
5,0.10220000000000001,10.877192982456139,57,550.8771929824559
6,0.12260000000000001,15.53333333333334,45,1271.5333333333322
7,0.14300000000000002,12.15384615384615,26,401.6923076923077
8,0.1634,71.95652173913044,23,87361.69565217392
9,0.18380000000000002,8.294117647058822,17,152.99999999999997
10,0.2042,8.285714285714285,14,165.85714285714283
11,0.22460000000000002,11.857142857142858,14,378.2857142857144
12,0.245,8.25,12,194.41666666666666
13,0.26539999999999997,12.249999999999998,12,464.9166666666668
14,0.28580000000000005,29.0,1,841.0
15,0.3062,5.166666666666667,6,105.83333333333336
16,0.3266,17.0,4,516.5
17,0.347,1.75,4,3.25
18,0.36740000000000006,1.25,4,2.25
19,0.38780000000000003,6.0,1,36.0
20,0.4082,34.0,3,1553.9999999999998
21,0.4286,0.0,0,0.0
22,0.44900000000000007,7.0,1,49.0
23,0.46940000000000004,1.3333333333333333,3,1.9999999999999998
24,0.4898,29.5,2,1682.5
25,0.75,5.333333333333334,6,44.66666666666667
