,voc_bin,rtmean,rtcount,rt_squaredmean
0,0.00020000000000000052,9.363997468287655,3791900,310.76851235528505
1,0.0206,12.810362011938215,724396,466.76278858524967
2,0.041,13.598489574157055,420014,519.3534644083305
3,0.06140000000000001,14.817603442933958,235613,589.2754389613472
4,0.08180000000000001,15.240179499228882,151087,627.5313627247888
5,0.10220000000000001,15.568586439333842,100880,648.1168814432973
6,0.12260000000000001,15.8296521064145,70855,683.4883353327214
7,0.14300000000000002,16.072374773104674,51786,699.720812574829
8,0.1634,16.37593926314965,38461,715.0561607862504
9,0.18380000000000002,16.918521287078228,29431,778.1122286024937
10,0.2042,17.122024576780966,23274,770.1842399243833
11,0.22460000000000002,17.807079167792494,18505,803.6977033234253
12,0.245,17.949451110543748,15668,808.6821547102377
13,0.26539999999999997,18.18209467363332,12823,832.5080714341389
14,0.28580000000000005,17.967687866654174,10739,833.0189961821385
15,0.3062,18.14978219591195,8953,814.5007260136276
16,0.3266,17.908815390697026,7589,821.2049018315967
17,0.347,18.086478503446106,6094,783.8889071217598
18,0.36740000000000006,17.930486798679855,4848,826.9593646864681
19,0.38780000000000003,18.248547613033544,3959,830.8380904268722
20,0.4082,18.912291169451045,3352,887.5996420047708
21,0.4286,17.75594405594408,2860,807.1713286713259
22,0.44900000000000007,16.698263888888928,2880,716.061458333333
23,0.46940000000000004,15.409860859044144,3306,627.70568663037
24,0.4898,13.031170303202055,3529,537.7849249079048
25,0.75,17.452902764111208,11179,775.679398872889
