,voc_bin,rtmean,rtcount,rt_squaredmean
0,0.00020000000000000052,7.570725913981466,1701703,252.44931048485006
1,0.0206,10.69588917107967,296096,394.08258807954047
2,0.041,11.222866440553695,174544,421.56153176276433
3,0.06140000000000001,12.53387536696582,96058,504.2166295363225
4,0.08180000000000001,12.87187177502576,62016,529.6748581011316
5,0.10220000000000001,13.09124467581637,42260,555.3907240889749
6,0.12260000000000001,13.308907415533133,29627,582.6980457015562
7,0.14300000000000002,13.402960450941732,21821,569.8143073186365
8,0.1634,13.792710428475646,16407,619.2158834643741
9,0.18380000000000002,13.92611969877128,12615,599.3108204518443
10,0.2042,14.654609342703617,9676,635.805911533692
11,0.22460000000000002,15.170768840395818,7882,702.069018015733
12,0.245,15.073436779843286,6509,657.7945921032399
13,0.26539999999999997,14.981970260223047,5380,658.2771375464691
14,0.28580000000000005,15.367978770455544,4522,700.4082264484731
15,0.3062,15.915532734274702,3895,833.0713735558389
16,0.3266,15.451471509079523,3194,855.887914840325
17,0.347,15.84399848542217,2641,793.8697463082146
18,0.36740000000000006,15.511488970588232,2176,713.0436580882343
19,0.38780000000000003,16.315608919382512,1749,923.1698113207531
20,0.4082,14.871077762619377,1466,653.0225102319245
21,0.4286,16.182405165456,1239,737.1509281678767
22,0.44900000000000007,15.305575158786148,1417,686.6182074805924
23,0.46940000000000004,11.913095956547961,1657,434.8376584188294
24,0.4898,11.477248104008678,1846,584.3624052004327
25,0.75,15.769833092932194,4853,699.2522151246649
