,voc_bin,rtmean,rtcount,rt_squaredmean
0,0.00020000000000000052,21.317957598656577,19056,3383.5865344248546
1,0.0206,30.37493261455527,3710,4146.64123989218
2,0.041,31.684433962264134,2120,3740.5863207547136
3,0.06140000000000001,37.79536370903278,1251,8446.508393285376
4,0.08180000000000001,36.20782396088022,818,6161.946210268944
5,0.10220000000000001,32.02718446601943,515,2672.143689320389
6,0.12260000000000001,35.979220779220775,385,4503.683116883118
7,0.14300000000000002,34.887323943662,284,3574.2746478873237
8,0.1634,38.790393013100456,229,4933.078602620084
9,0.18380000000000002,42.30952380952379,168,8349.428571428569
10,0.2042,41.89781021897811,137,13771.91240875912
11,0.22460000000000002,38.77999999999998,100,3599.8000000000015
12,0.245,38.13333333333332,90,3774.5111111111114
13,0.26539999999999997,30.597402597402596,77,2009.6883116883123
14,0.28580000000000005,50.050847457627114,59,7307.508474576272
15,0.3062,33.65957446808508,47,2646.382978723404
16,0.3266,43.04545454545453,44,5973.454545454546
17,0.347,30.23529411764706,34,2860.352941176471
18,0.36740000000000006,58.46875,32,8699.65625
19,0.38780000000000003,53.74074074074074,27,7208.999999999996
20,0.4082,22.29411764705882,17,894.1764705882354
21,0.4286,42.6,20,7389.4
22,0.44900000000000007,38.18518518518518,27,4864.185185185184
23,0.46940000000000004,35.399999999999984,15,2618.2
24,0.4898,24.470588235294116,17,1971.0588235294122
25,0.75,53.717391304347835,46,9460.239130434782
