,voc_bin,rtmean,rtcount,rt_squaredmean
0,0.00020000000000000052,19.94462249776698,19033,2576.390794935113
1,0.0206,29.774803607797526,3437,4168.107652022118
2,0.041,32.75612193903051,2001,4328.539230384804
3,0.06140000000000001,34.54905335628231,1162,4598.084337349395
4,0.08180000000000001,34.68859060402686,745,3976.857718120807
5,0.10220000000000001,37.93668528864059,537,6325.74301675978
6,0.12260000000000001,33.58176943699732,373,5001.571045576408
7,0.14300000000000002,37.901694915254275,295,4258.688135593221
8,0.1634,33.61340206185569,194,2789.417525773196
9,0.18380000000000002,27.986754966887414,151,1917.8807947019866
10,0.2042,31.007352941176503,136,2561.1544117647063
11,0.22460000000000002,47.83516483516484,91,12605.32967032968
12,0.245,38.22784810126582,79,5215.139240506329
13,0.26539999999999997,31.410958904109574,73,2178.561643835616
14,0.28580000000000005,47.36065573770491,61,5577.360655737701
15,0.3062,69.20833333333331,48,16998.29166666667
16,0.3266,40.06249999999999,48,4471.520833333335
17,0.347,59.133333333333304,30,12202.400000000001
18,0.36740000000000006,51.55555555555556,18,6924.333333333333
19,0.38780000000000003,30.08333333333333,24,1700.75
20,0.4082,45.03999999999999,25,6077.600000000001
21,0.4286,65.56521739130436,23,10112.782608695652
22,0.44900000000000007,35.53333333333333,15,3197.7999999999997
23,0.46940000000000004,22.299999999999997,10,1741.1
24,0.4898,17.884615384615387,26,745.0384615384615
25,0.75,36.93478260869564,46,4114.978260869565
