,voc_bin,rtmean,rtcount,rt_squaredmean
0,0.00020000000000000052,3.270354953976547,8734569,27.729157901208364
1,0.0206,3.8472020220002157,2016617,34.81374946258999
2,0.041,4.354588099601552,1033478,42.868768372427844
3,0.06140000000000001,4.733670908293118,569750,49.280131636682746
4,0.08180000000000001,4.943328172536014,350721,53.878618617077315
5,0.10220000000000001,5.115546884844166,230149,58.48750157506677
6,0.12260000000000001,5.268578763890796,158918,61.20343825117354
7,0.14300000000000002,5.383012989756056,113628,63.43572886964489
8,0.1634,5.521739130434792,84847,66.43748158449915
9,0.18380000000000002,5.584596565659706,64583,68.16180728674746
10,0.2042,5.675092719109875,51230,70.100936951005
11,0.22460000000000002,5.75102237190283,41570,71.97421217223956
12,0.245,5.785181344165,34713,72.17621640307688
13,0.26539999999999997,5.7166956343932105,29343,72.0872098967383
14,0.28580000000000005,5.8547849283094475,23992,74.85970323441171
15,0.3062,5.849533752280544,19732,73.78496857895792
16,0.3266,5.861989254029722,16006,77.30819692615263
17,0.347,5.882448449423589,12318,77.94869296963788
18,0.36740000000000006,6.210018234473892,9323,85.04301190603879
19,0.38780000000000003,6.06386227960571,7203,78.83770651117592
20,0.4082,6.383878546900397,5533,88.73811675402115
21,0.4286,6.287212675742006,4481,85.546752956929
22,0.44900000000000007,6.113580246913595,4050,81.44493827160471
23,0.46940000000000004,5.7700976709241045,3993,74.00901577761063
24,0.4898,5.462506994963616,3574,71.38192501398983
25,0.75,6.196617766911149,14724,85.12557728878019
