,voc_bin,rtmean,rtcount,rt_squaredmean
0,0.00020000000000000052,9.42407599732752,4330047,303.31298851952323
1,0.0206,12.914384270604158,830852,458.19765253017323
2,0.041,13.65374828489461,481020,504.94208556816756
3,0.06140000000000001,14.888811576515087,268751,574.332519692951
4,0.08180000000000001,15.248891895674925,171464,607.3886763402243
5,0.10220000000000001,15.500397807251444,114377,624.1168504157306
6,0.12260000000000001,15.86043923059606,79958,647.5999024487865
7,0.14300000000000002,16.174795490479138,58188,678.8724651130823
8,0.1634,16.484617875647743,43232,709.3295938193953
9,0.18380000000000002,16.91232107103369,33463,761.129516182053
10,0.2042,17.416519060454355,25970,766.1596842510596
11,0.22460000000000002,17.529618232522346,20798,773.6051062602178
12,0.245,18.06675143038785,17303,817.8677108015947
13,0.26539999999999997,18.19624690679133,14548,798.2160434423963
14,0.28580000000000005,18.150513112884855,12278,816.1215181625676
15,0.3062,18.141927968158406,10301,824.7009028249679
16,0.3266,18.00673758865249,8460,798.171513002366
17,0.347,18.20869191049917,6972,804.6561962134246
18,0.36740000000000006,18.55168719871452,5601,856.9473308337796
19,0.38780000000000003,18.38682766190998,4555,829.5964873765092
20,0.4082,18.2832140015911,3771,841.1249005568832
21,0.4286,18.01434491552439,3137,812.1214536181046
22,0.44900000000000007,16.790424570912343,3321,754.5657934357132
23,0.46940000000000004,14.991143317230287,3726,618.9159957058507
24,0.4898,13.494890137966289,3914,567.1264690853351
25,0.75,17.969856880147123,12507,801.0796354041722
