,voc_bin,rtmean,rtcount,rt_squaredmean
0,0.00020000000000000052,15.573737157534241,9344,3131.6144049657505
1,0.0206,21.862401931200964,1657,3304.0410380205185
2,0.041,23.40923399790134,953,2734.6453305351497
3,0.06140000000000001,30.363157894736887,570,9555.717543859664
4,0.08180000000000001,25.956632653061224,392,5877.798469387755
5,0.10220000000000001,20.036885245901665,244,988.5368852459014
6,0.12260000000000001,23.36312849162012,179,2352.6703910614497
7,0.14300000000000002,28.781021897810234,137,3167.4963503649656
8,0.1634,28.770642201834864,109,4403.357798165137
9,0.18380000000000002,29.16455696202531,79,4593.468354430379
10,0.2042,44.84482758620691,58,26427.706896551714
11,0.22460000000000002,28.99999999999999,55,2403.909090909091
12,0.245,28.52777777777777,36,2628.083333333332
13,0.26539999999999997,21.378378378378375,37,1162.1891891891892
14,0.28580000000000005,26.999999999999996,23,2012.8260869565213
15,0.3062,27.699999999999992,30,1883.366666666666
16,0.3266,25.047619047619044,21,1883.9047619047617
17,0.347,12.230769230769235,13,393.923076923077
18,0.36740000000000006,21.615384615384613,13,1181.0
19,0.38780000000000003,17.444444444444443,9,663.6666666666667
20,0.4082,17.000000000000004,6,550.0000000000001
21,0.4286,7.111111111111111,9,79.99999999999997
22,0.44900000000000007,19.0,13,1450.2307692307693
23,0.46940000000000004,23.0,8,1337.75
24,0.4898,15.399999999999999,10,718.9999999999998
25,0.75,61.58333333333334,24,14851.249999999996
