,voc_bin,rtmean,rtcount,rt_squaredmean
0,0.00020000000000000052,7.741361101733954,2029165,259.95951487434616
1,0.0206,10.91446887956195,351907,409.19511120835784
2,0.041,11.415787712585676,206211,439.22423634044696
3,0.06140000000000001,12.564634017160376,113284,490.1000847427698
4,0.08180000000000001,12.935294439729514,73054,529.9580447340319
5,0.10220000000000001,13.289269019575826,48989,550.2447896466557
6,0.12260000000000001,13.012281462216473,34605,507.3539083947415
7,0.14300000000000002,13.49244472721487,25148,582.7669794814719
8,0.1634,13.64503159103962,19151,577.840217221037
9,0.18380000000000002,14.35753682887656,14323,639.6635481393544
10,0.2042,14.489324001063174,11287,618.8157171967766
11,0.22460000000000002,15.031746031746044,8883,728.0890464933022
12,0.245,15.461219022103183,7465,730.4776959142654
13,0.26539999999999997,15.598394863563346,6230,682.1948635634018
14,0.28580000000000005,15.587786259542,5371,695.0776391733374
15,0.3062,15.259860265945445,4437,644.2046427766477
16,0.3266,16.249667641584683,3761,787.2568465833556
17,0.347,15.66666666666667,3000,712.1220000000009
18,0.36740000000000006,15.97225525168454,2523,741.2017439556096
19,0.38780000000000003,16.42843089030985,2033,736.9321200196758
20,0.4082,16.426479203280646,1707,724.5084944346802
21,0.4286,15.412371134020608,1455,664.3374570446732
22,0.44900000000000007,15.275798525798498,1628,689.1603194103186
23,0.46940000000000004,12.791014639071191,1981,539.6612821807175
24,0.4898,10.434216643421665,2151,371.2133891213373
25,0.75,16.006213266162856,5955,704.4528967254422
