,voc_bin,rtmean,rtcount,rt_squaredmean
0,0.00020000000000000052,8.966115082651571,15344172,225.14569935738447
1,0.0206,10.95833335758746,3435842,297.1646798659542
2,0.041,12.083961921396227,1800066,349.3495955148295
3,0.06140000000000001,12.970905796113259,989991,392.7140448751554
4,0.08180000000000001,13.490646412944749,605650,422.8098736894238
5,0.10220000000000001,13.737846096393532,396313,437.91724974956605
6,0.12260000000000001,14.138464917900757,273145,464.1266396968645
7,0.14300000000000002,14.404993371630612,194618,480.72442939501934
8,0.1634,14.654310744190227,144627,493.2331376575598
9,0.18380000000000002,14.941663886609716,110909,519.5138446834801
10,0.2042,15.08396859581355,87759,518.7300903611003
11,0.22460000000000002,15.284831981134715,71242,531.3522360405384
12,0.245,15.407005401755567,59240,539.9744935854154
13,0.26539999999999997,15.181382166993686,50457,533.0797114374636
14,0.28580000000000005,15.351963635474956,40919,539.3216109875606
15,0.3062,15.517642125441832,33386,537.8901335889284
16,0.3266,15.8671352326543,26606,580.4174622265679
17,0.347,15.699894464165801,20846,543.5592439796598
18,0.36740000000000006,15.97419928825622,15736,577.0752414844966
19,0.38780000000000003,15.93458475540387,12306,575.9765155208822
20,0.4082,16.21347503095327,9692,598.6179323153123
21,0.4286,15.840019569471602,8176,574.0812133072407
22,0.44900000000000007,15.7233566433567,7150,565.5518881118866
23,0.46940000000000004,14.978744095582064,7198,534.4422061683792
24,0.4898,13.382015953589528,6895,481.0545322697611
25,0.75,15.902085880195628,26176,596.6782930929098
