,voc_bin,rtmean,rtcount,rt_squaredmean
0,0.00020000000000000052,8.801724388479514,11251177,220.24290871968265
1,0.0206,10.79586177331519,2537947,293.12128858482896
2,0.041,11.932924254898229,1326396,342.83070892855557
3,0.06140000000000001,12.880188052434647,734476,387.7729088493027
4,0.08180000000000001,13.322873883990574,449705,412.85674608910153
5,0.10220000000000001,13.696862348178158,294424,438.4665414504261
6,0.12260000000000001,14.045819301264201,203997,461.8780815404128
7,0.14300000000000002,14.374701621248722,144950,477.10985167298946
8,0.1634,14.625976371575124,107413,491.96242540474526
9,0.18380000000000002,14.821573733784412,82174,504.488232287585
10,0.2042,15.140604387175937,65190,524.7788924681711
11,0.22460000000000002,15.116738808627042,53367,524.7473719714445
12,0.245,15.239602026213602,44023,535.2877586716041
13,0.26539999999999997,14.986514164117569,37595,524.1979518552996
14,0.28580000000000005,15.525312337324316,30736,550.9253643935456
15,0.3062,15.596405750798741,25040,573.2701277955263
16,0.3266,15.710037916583541,20044,555.8665934943102
17,0.347,15.51671595731,15554,555.7323518066083
18,0.36740000000000006,15.985137645667937,11842,572.0633338963017
19,0.38780000000000003,16.091864370057507,9231,587.590726898494
20,0.4082,16.08551912568305,7320,595.07213114754
21,0.4286,15.707209416380536,6117,549.6859571685471
22,0.44900000000000007,15.275180188504871,5411,528.5008316392532
23,0.46940000000000004,14.871463368933883,5337,542.3839235525571
24,0.4898,13.961194029850764,5025,495.8577114427849
25,0.75,15.966954389907517,19579,615.1604780632308
