,voc_bin,rtmean,rtcount,rt_squaredmean
0,0.00020000000000000052,19.07928996397021,204553,1368.3852595659837
1,0.0206,23.70039071382796,48373,1881.4003886465543
2,0.041,26.21380525304294,24976,2152.161434977576
3,0.06140000000000001,28.914263221928014,13973,2466.8746153295724
4,0.08180000000000001,30.093249495788296,8429,2599.1367896547654
5,0.10220000000000001,29.67762557077624,5475,2540.765479452052
6,0.12260000000000001,31.916886543535608,3790,2867.754353562001
7,0.14300000000000002,32.47521431233687,2683,2935.118524040253
8,0.1634,34.42261904761905,2016,3692.3938492063435
9,0.18380000000000002,31.50420711974117,1545,2403.2582524271916
10,0.2042,34.26847290640391,1218,3639.8103448275856
11,0.22460000000000002,30.774952919020723,1062,2769.296610169489
12,0.245,35.9962546816479,801,3772.765293383263
13,0.26539999999999997,31.622252747252762,728,2786.98489010989
14,0.28580000000000005,36.47504621072089,541,3106.81146025878
15,0.3062,31.415053763440874,465,2401.8881720430095
16,0.3266,35.08808290155438,386,3278.823834196889
17,0.347,38.12367491166078,283,4702.180212014138
18,0.36740000000000006,32.26315789473684,209,3631.5167464114797
19,0.38780000000000003,36.91463414634146,164,3126.121951219513
20,0.4082,32.47972972972971,148,3180.6554054054054
21,0.4286,31.27027027027028,111,2469.9549549549533
22,0.44900000000000007,43.27499999999999,80,5042.025000000001
23,0.46940000000000004,27.461538461538453,104,1790.5192307692305
24,0.4898,32.084745762711854,59,3187.474576271186
25,0.75,31.14626865671644,335,2460.411940298509
