,voc_bin,rtmean,rtcount,rt_squaredmean
0,0.00020000000000000052,20.900075301204875,13280,2755.8161897590417
1,0.0206,32.145217057241595,2603,4832.7714175950705
2,0.041,31.365605958023007,1477,3648.77386594449
3,0.06140000000000001,33.97660818713456,855,3347.854970760238
4,0.08180000000000001,38.13609467455625,507,5104.396449704143
5,0.10220000000000001,33.733333333333306,345,3040.7652173913066
6,0.12260000000000001,30.192452830188696,265,2495.550943396227
7,0.14300000000000002,42.86956521739134,161,6679.813664596277
8,0.1634,36.84276729559752,159,4322.654088050315
9,0.18380000000000002,45.402298850574724,87,5364.850574712645
10,0.2042,34.460674157303366,89,3711.49438202247
11,0.22460000000000002,35.29032258064516,62,3996.7741935483873
12,0.245,53.063829787234056,47,7450.255319148933
13,0.26539999999999997,44.1639344262295,61,5803.344262295081
14,0.28580000000000005,40.00000000000001,46,3896.347826086957
15,0.3062,38.31034482758619,29,3296.8620689655163
16,0.3266,47.64864864864866,37,7861.1621621621625
17,0.347,22.321428571428566,28,1145.0357142857144
18,0.36740000000000006,50.21052631578947,19,4874.526315789472
19,0.38780000000000003,34.99999999999999,15,1602.4666666666667
20,0.4082,20.27272727272727,11,543.0
21,0.4286,25.75,12,1280.583333333333
22,0.44900000000000007,65.07142857142856,14,15898.357142857143
23,0.46940000000000004,72.5,10,20728.700000000004
24,0.4898,30.23529411764707,17,3664.1176470588252
25,0.75,37.30555555555556,36,4104.972222222222
