,voc_bin,rtmean,rtcount,rt_squaredmean
0,0.00020000000000000052,14.992315632526653,8719,2209.4845739190255
1,0.0206,21.679340937896082,1578,3860.4778200253522
2,0.041,22.053905390539054,909,2475.039603960398
3,0.06140000000000001,27.265593561368203,497,5674.384305835013
4,0.08180000000000001,25.54952076677318,313,3083.8626198083043
5,0.10220000000000001,22.284444444444425,225,1461.4666666666672
6,0.12260000000000001,24.02702702702702,148,2267.8783783783774
7,0.14300000000000002,20.25781249999999,128,1241.2421874999998
8,0.1634,47.34831460674158,89,31169.910112359546
9,0.18380000000000002,24.577464788732396,71,2255.0281690140832
10,0.2042,15.354838709677415,62,665.451612903226
11,0.22460000000000002,23.28,50,1160.3599999999997
12,0.245,13.294117647058826,34,437.764705882353
13,0.26539999999999997,32.657894736842096,38,5128.447368421053
14,0.28580000000000005,58.0,25,11440.719999999996
15,0.3062,20.09523809523809,21,1440.6666666666667
16,0.3266,17.35294117647058,17,625.7058823529413
17,0.347,30.352941176470587,17,3523.1764705882356
18,0.36740000000000006,83.35294117647061,17,90829.70588235294
19,0.38780000000000003,53.99999999999999,4,4557.5
20,0.4082,31.6,5,1249.6000000000001
21,0.4286,17.333333333333332,3,456.66666666666663
22,0.44900000000000007,86.00000000000001,7,9887.999999999998
23,0.46940000000000004,7.4,5,163.0
24,0.4898,18.9,10,1229.2999999999997
25,0.75,17.950000000000003,20,738.5500000000002
