,voc_bin,rtmean,rtcount,rt_squaredmean
0,0.00020000000000000052,5.906637169396709,4583023,99.1966128033833
1,0.0206,7.630610613913494,933454,139.67740884928375
2,0.041,8.068611195870751,544022,154.91480491597733
3,0.06140000000000001,8.676356888820147,310416,172.18035797123866
4,0.08180000000000001,8.885059277318481,197293,182.71562599788192
5,0.10220000000000001,9.099522913895116,130794,192.80713947122933
6,0.12260000000000001,9.350518996716891,90463,202.01092159225294
7,0.14300000000000002,9.538107572756362,65630,207.24214536035325
8,0.1634,9.75060572126641,49115,222.48378295836304
9,0.18380000000000002,10.061995617551196,37422,234.39377906044572
10,0.2042,10.106482739874965,29432,222.82576787170348
11,0.22460000000000002,10.28511827777546,23969,235.52663857482645
12,0.245,10.563844255276317,19853,252.33758122198077
13,0.26539999999999997,10.481209843617394,16498,243.84076857800912
14,0.28580000000000005,10.747162171932617,13831,267.07931458318194
15,0.3062,10.539986151981982,11554,245.70096936126046
16,0.3266,10.577167901492192,9583,249.6860064697899
17,0.347,10.518595309057924,7717,248.04483607619596
18,0.36740000000000006,10.619918058619588,6346,248.05042546485865
19,0.38780000000000003,10.475225677031071,4985,239.91033099297763
20,0.4082,10.744872436218104,3998,261.9224612306156
21,0.4286,10.396948682385581,3605,242.70263522884824
22,0.44900000000000007,10.289970501474906,3390,244.55132743362788
23,0.46940000000000004,9.21530837004402,3632,205.5066079295152
24,0.4898,8.479702687249887,3498,184.34248141795328
25,0.75,10.106429991898072,13577,238.06975031302952
