,voc_bin,rtmean,rtcount,rt_squaredmean
0,0.00020000000000000052,5.262155065215894,10908765,71.28126171936046
1,0.0206,6.278624433837355,2492879,91.51005604363507
2,0.041,7.007313050463921,1290843,109.73968716567396
3,0.06140000000000001,7.54337873218801,711178,124.69884754590294
4,0.08180000000000001,7.85377438858727,434322,134.7612577764882
5,0.10220000000000001,8.036964463168484,285788,140.34720842022728
6,0.12260000000000001,8.259708651354158,196397,147.89254418346547
7,0.14300000000000002,8.496362085403174,139503,156.7486577349586
8,0.1634,8.603057152132006,104738,158.64880941014684
9,0.18380000000000002,8.762042256173316,79657,167.01065819701935
10,0.2042,8.875791151853306,62725,168.79180550019944
11,0.22460000000000002,8.9724928590993,51114,171.488633251164
12,0.245,9.021708319554023,42334,175.80415269050917
13,0.26539999999999997,8.938585333480768,36164,170.22832098219254
14,0.28580000000000005,9.121233786130155,29373,180.82218363803574
15,0.3062,9.136523486561137,23886,178.74767646320007
16,0.3266,9.158908843394943,19099,184.89994240536123
17,0.347,9.138986652500147,15059,176.32366026960568
18,0.36740000000000006,9.478825076720742,11405,191.01306444541885
19,0.38780000000000003,9.571082390953146,8666,194.0158089083774
20,0.4082,9.697409621406207,7026,201.4941645317392
21,0.4286,9.407634389774092,5711,188.3458238487127
22,0.44900000000000007,9.587538226299701,5232,206.10474006116203
23,0.46940000000000004,8.947057665813809,5081,185.91930722298792
24,0.4898,8.277217092548872,4657,162.78999355808446
25,0.75,9.521445183622692,18489,203.9714424793116
