,voc_bin,rtmean,rtcount,rt_squaredmean
0,0.00020000000000000052,2.9173478972097286,1837606,29.51924514830718
1,0.0206,3.8010480702599674,336237,41.975026543777126
2,0.041,4.038768090256308,197482,48.63081192209911
3,0.06140000000000001,4.4111645638558725,110170,54.70229645093962
4,0.08180000000000001,4.513841561294305,71018,57.66549325523084
5,0.10220000000000001,4.651339956587051,47912,61.255155284688534
6,0.12260000000000001,4.85046506790288,33651,70.06053311937224
7,0.14300000000000002,4.926443051371798,24566,70.89477326386057
8,0.1634,5.026763857912197,18383,70.19664907795277
9,0.18380000000000002,5.230730186353426,13791,76.68602711913566
10,0.2042,5.3091832025841885,10835,77.80922934933085
11,0.22460000000000002,5.436997934358491,8714,81.00642644021084
12,0.245,5.526113776559282,7295,85.98971898560657
13,0.26539999999999997,5.469592373438526,6084,82.5366535174224
14,0.28580000000000005,5.600503485670036,5164,82.44209914794733
15,0.3062,5.862485481997667,4305,94.72845528455267
16,0.3266,5.724993111049861,3629,92.48883990079872
17,0.347,5.801179736294233,2882,91.99757113115903
18,0.36740000000000006,5.6781559672555,2321,89.48858250753986
19,0.38780000000000003,5.711252653927806,1884,85.28662420382138
20,0.4082,5.935135135135129,1665,94.30630630630618
21,0.4286,5.673062730627296,1355,89.37490774907744
22,0.44900000000000007,5.633027522935772,1417,88.21030345800979
23,0.46940000000000004,5.0252152521525035,1626,73.30196801968016
24,0.4898,4.552162849872771,1572,59.258269720101666
25,0.75,6.011636636636623,5328,93.39339339339331
