,voc_bin,rtmean,rtcount,rt_squaredmean
0,0.00020000000000000052,15.433063048154905,6043,2803.3787853715035
1,0.0206,25.73229070837168,1087,5093.69733210672
2,0.041,23.58345642540623,677,3487.146233382569
3,0.06140000000000001,27.45595854922279,386,3030.8808290155425
4,0.08180000000000001,26.423645320197043,203,2518.7881773399017
5,0.10220000000000001,26.706666666666674,150,2129.6400000000003
6,0.12260000000000001,20.95762711864407,118,1035.0932203389832
7,0.14300000000000002,25.174603174603178,63,1705.3968253968246
8,0.1634,22.25,80,1967.3750000000002
9,0.18380000000000002,39.85365853658537,41,4589.512195121949
10,0.2042,16.605263157894736,38,544.8684210526317
11,0.22460000000000002,24.53125,32,2850.9687500000005
12,0.245,52.9375,16,8547.0625
13,0.26539999999999997,23.63999999999999,25,964.1199999999997
14,0.28580000000000005,25.944444444444446,18,1710.277777777778
15,0.3062,44.81818181818182,11,5715.181818181818
16,0.3266,29.235294117647058,17,5983.352941176472
17,0.347,17.18181818181818,11,568.4545454545455
18,0.36740000000000006,31.375,8,1730.875
19,0.38780000000000003,24.25,4,977.25
20,0.4082,26.6,5,877.0000000000001
21,0.4286,10.666666666666666,3,187.33333333333331
22,0.44900000000000007,23.0,3,547.0
23,0.46940000000000004,25.428571428571427,7,2581.1428571428573
24,0.4898,19.92857142857143,14,734.0714285714287
25,0.75,30.352941176470594,17,3228.705882352942
