,voc_bin,rtmean,rtcount,rt_squaredmean
0,0.00020000000000000052,9.207872223829032,3416036,301.8024397283874
1,0.0206,12.695909229363428,656600,457.7168961315867
2,0.041,13.475434931336277,381497,506.7195443214498
3,0.06140000000000001,14.82094412546221,215268,590.484712079828
4,0.08180000000000001,15.06504141566266,138112,604.775131777108
5,0.10220000000000001,15.461368250319588,93097,637.4284993071759
6,0.12260000000000001,15.898116517403734,64986,686.0074015941897
7,0.14300000000000002,16.164572303374328,47031,711.1352512172833
8,0.1634,16.38425991152194,35489,724.9850094395465
9,0.18380000000000002,16.58284968078928,27568,712.3700667440529
10,0.2042,17.25639328763885,21155,780.4847553769785
11,0.22460000000000002,17.074841413024497,17183,750.5345399522797
12,0.245,17.66817187610243,14173,792.9343822761556
13,0.26539999999999997,18.194718368711317,11966,849.9610563262554
14,0.28580000000000005,18.186361836896314,10104,836.538103721299
15,0.3062,17.663683637682876,8269,796.4308864433424
16,0.3266,17.417984189723317,7084,748.0393845285155
17,0.347,18.427823890292363,5542,834.2419704077939
18,0.36740000000000006,18.081664098613224,4543,865.5392912172568
19,0.38780000000000003,18.614678899082577,3597,843.9263274951322
20,0.4082,18.49267461669512,2935,938.2678023850083
21,0.4286,18.558548009367662,2562,854.4547228727537
22,0.44900000000000007,16.71722560975611,2624,752.3254573170711
23,0.46940000000000004,14.913962033067936,3266,641.5140845070423
24,0.4898,13.497690175546657,3247,594.7597782568522
25,0.75,17.719148518736564,10194,803.2608397096319
