,voc_bin,rtmean,rtcount,rt_squaredmean
0,0.00020000000000000052,5.30098969681082,8404291,71.9091240415163
1,0.0206,6.330121039281632,1915246,92.43885067505683
2,0.041,7.049105625799773,991699,110.27909174053852
3,0.06140000000000001,7.599062009562386,547980,125.96488557976542
4,0.08180000000000001,7.902199437144858,334722,136.32366560907218
5,0.10220000000000001,8.10196110527586,219927,143.33139632696313
6,0.12260000000000001,8.286342214672391,151291,147.47971128487518
7,0.14300000000000002,8.468264585655895,107640,155.03193979933104
8,0.1634,8.709336655247604,80275,163.20480847088209
9,0.18380000000000002,8.868989013138604,61346,169.66001043262867
10,0.2042,8.878147713468021,48567,168.3028599666444
11,0.22460000000000002,9.039543436905518,39425,175.93420418516152
12,0.245,9.089688853395593,32557,177.64717265104264
13,0.26539999999999997,9.0688620615758,27998,177.2655903993142
14,0.28580000000000005,9.16159074858756,22656,180.92959922316345
15,0.3062,9.28289156626506,18675,189.5995716198123
16,0.3266,9.329876077586183,14848,187.40813577586246
17,0.347,9.146750524109018,11925,179.58767295597482
18,0.36740000000000006,9.655546577398127,8663,198.86921389818733
19,0.38780000000000003,9.608851139919517,6711,200.80897034719098
20,0.4082,9.586296778998326,5371,194.80394712344074
21,0.4286,9.574107546317205,4426,198.57546317216494
22,0.44900000000000007,9.381617066104846,3797,207.9662891756655
23,0.46940000000000004,8.846015885216474,3903,175.8447348193694
24,0.4898,8.075850529838254,3586,154.2716118237587
25,0.75,9.55774960160741,14433,203.89849650107388
