,voc_bin,rtmean,rtcount,rt_squaredmean
0,0.00020000000000000052,4.595325891967325,762584,135.41704258153877
1,0.0206,6.453062412270194,116836,201.00806258345054
2,0.041,6.664760944700455,69440,213.42417914746568
3,0.06140000000000001,7.4942419499105615,35776,243.63852862254
4,0.08180000000000001,7.708151941954767,23430,267.15313700384127
5,0.10220000000000001,7.698544051767032,16072,261.5205948232947
6,0.12260000000000001,7.699574172242985,11507,242.86303988876384
7,0.14300000000000002,7.520240056483883,8498,238.88361967521737
8,0.1634,7.966017147310992,6415,269.72252533125476
9,0.18380000000000002,8.175534058847257,4962,358.2110036275697
10,0.2042,8.106341733591803,3611,258.1805594018277
11,0.22460000000000002,8.693932282936656,2983,304.2896413007033
12,0.245,8.95418575593503,2401,292.5668471470226
13,0.26539999999999997,9.384155455904345,2007,337.0443447932238
14,0.28580000000000005,8.83923389437028,1723,279.5147997678464
15,0.3062,9.087257617728532,1444,381.408587257618
16,0.3266,8.656886715566433,1227,258.19722901385495
17,0.347,8.604309500489746,1021,256.41821743388834
18,0.36740000000000006,8.324873096446694,788,236.81725888324834
19,0.38780000000000003,8.859016393442607,610,303.4590163934426
20,0.4082,9.214414414414403,555,352.6666666666663
21,0.4286,8.677894736842102,475,322.51368421052626
22,0.44900000000000007,7.7866894197952226,586,205.81740614334458
23,0.46940000000000004,7.653246753246756,770,302.7181818181817
24,0.4898,6.5147540983606484,915,186.8032786885248
25,0.75,10.265996827075615,1891,379.2369116869379
