,voc_bin,rtmean,rtcount,rt_squaredmean
0,0.00020000000000000052,3.9167034584253138,1467720,60.22992260104105
1,0.0206,5.282865495212754,251084,92.82958292842227
2,0.041,5.489644285986438,146972,100.88229050431387
3,0.06140000000000001,6.066032364588729,79037,114.39752267925157
4,0.08180000000000001,6.195315136476424,50375,119.27732009925569
5,0.10220000000000001,6.279140836462072,34359,127.35746092726788
6,0.12260000000000001,6.591527545909857,23960,151.97040901502498
7,0.14300000000000002,6.566774478094686,17005,138.96642164069382
8,0.1634,6.641667312311146,12907,136.81893546137744
9,0.18380000000000002,7.069700401523726,9713,164.84381756408942
10,0.2042,7.292766631467782,7576,173.15865892291407
11,0.22460000000000002,7.000166030217503,6023,149.78582101942587
12,0.245,7.488248518291437,4893,163.68281218066653
13,0.26539999999999997,7.676262503049522,4099,171.78799707245653
14,0.28580000000000005,7.7591220068415145,3508,188.7574116305591
15,0.3062,7.759851801953525,2969,174.62815762883127
16,0.3266,7.417630634224167,2507,158.51216593538112
17,0.347,8.07482656095144,2018,200.14420218037625
18,0.36740000000000006,8.184578020643595,1647,198.93017607771722
19,0.38780000000000003,8.159942363112382,1388,191.08789625360228
20,0.4082,8.043875685557584,1094,207.70932358318103
21,0.4286,8.236363636363638,935,179.86203208556157
22,0.44900000000000007,7.669565217391297,1035,168.80966183574876
23,0.46940000000000004,6.527886881382567,1273,123.4532600157111
24,0.4898,5.8416356877323325,1345,130.05278810408907
25,0.75,8.259782070331838,4038,212.23501733531464
