,voc_bin,rtmean,rtcount,rt_squaredmean
0,0.00020000000000000052,7.488511717721843,1717228,243.89727747276453
1,0.0206,10.66920110156008,299212,385.71760825100563
2,0.041,11.102657814862388,175934,405.5641035842989
3,0.06140000000000001,12.477757546916058,96662,497.29779023815064
4,0.08180000000000001,12.651750879819083,62797,508.81882892494804
5,0.10220000000000001,12.880802480736714,42568,521.2364687088864
6,0.12260000000000001,13.172466513776719,30087,553.1969289061735
7,0.14300000000000002,13.605534105534069,21756,626.2010479867619
8,0.1634,13.558212183107049,16646,597.7677520124937
9,0.18380000000000002,13.726609208789501,12879,572.3328674586546
10,0.2042,14.551560239718945,9678,651.4724116553004
11,0.22460000000000002,14.437072077679584,8033,626.2373957425632
12,0.245,14.799014323117191,6493,638.3141845063903
13,0.26539999999999997,15.336554238833132,5485,713.8171376481306
14,0.28580000000000005,14.91145038167938,4585,651.5326063249729
15,0.3062,15.062269129287596,3790,665.0274406332472
16,0.3266,14.285024154589395,3312,591.3635265700491
17,0.347,15.51429675425036,2588,667.4486089644498
18,0.36740000000000006,15.36173120728929,2195,678.563553530751
19,0.38780000000000003,15.808510638297863,1739,716.8102357676821
20,0.4082,16.288135593220318,1416,838.5579096045203
21,0.4286,15.49398625429553,1164,699.7328178694136
22,0.44900000000000007,13.783434650455925,1316,610.3731003039527
23,0.46940000000000004,12.74740861974902,1833,554.8608837970522
24,0.4898,11.104751619870411,1852,492.6047516198702
25,0.75,16.4485621709194,4938,801.1857027136492
