,voc_bin,rtmean,rtcount,rt_squaredmean
0,0.00020000000000000052,5.353774955352173,11427208,73.12153432404516
1,0.0206,6.38903401407783,2592015,94.07819167713153
2,0.041,7.094906764601004,1343213,112.1591772861046
3,0.06140000000000001,7.643196372049381,737386,127.78179135486712
4,0.08180000000000001,7.939448513226879,449766,136.69692684640353
5,0.10220000000000001,8.101291875762929,294920,142.25558456530572
6,0.12260000000000001,8.364431804130119,202175,150.86981575367824
7,0.14300000000000002,8.488668889815214,143940,154.84428928720303
8,0.1634,8.679914872962827,107134,161.3898482274538
9,0.18380000000000002,8.846008046272189,81777,168.92346258728008
10,0.2042,8.913056296939935,64444,168.62133014710454
11,0.22460000000000002,9.158590558329557,52872,181.46313738840874
12,0.245,9.10142674227178,43736,176.7486281324314
13,0.26539999999999997,8.977814275329148,37141,172.76349586710103
14,0.28580000000000005,9.202586925359192,29997,181.8000466713343
15,0.3062,9.398328690807805,24771,193.1447256872959
16,0.3266,9.273305296885994,19974,185.4210974266542
17,0.347,9.332748309932375,15384,186.83053822152857
18,0.36740000000000006,9.548107733610456,11547,196.8253225946135
19,0.38780000000000003,9.610931759991137,8983,202.54825782032717
20,0.4082,9.512670007158224,6985,192.01116678597
21,0.4286,9.583391003460223,5780,205.7155709342559
22,0.44900000000000007,9.581915503727737,5231,201.54941693748754
23,0.46940000000000004,9.15806955842123,5118,184.47577178585377
24,0.4898,8.34850095683606,4703,167.3908143738033
25,0.75,9.590803993694207,19030,199.31555438780887
