,voc_bin,rtmean,rtcount,rt_squaredmean
0,0.00020000000000000052,5.965854027642683,5180611,99.06386312348097
1,0.0206,7.691525823701252,1059395,140.39983953105295
2,0.041,8.125475328441981,615101,155.3803976907857
3,0.06140000000000001,8.746286595201074,350285,174.03631614256983
4,0.08180000000000001,8.977866051058212,221786,183.32739217083096
5,0.10220000000000001,9.188044899369284,147619,193.09789390254642
6,0.12260000000000001,9.450810715888458,102502,208.18794755224297
7,0.14300000000000002,9.704423765991372,73399,215.85982097848733
8,0.1634,9.814751037720459,55169,216.36690895249163
9,0.18380000000000002,10.054117535410091,42149,230.096585921374
10,0.2042,10.118483268671206,32992,229.45595902036862
11,0.22460000000000002,10.361482200164188,26798,239.0190685872076
12,0.245,10.470521593329403,22067,239.07848824035864
13,0.26539999999999997,10.706228728863923,18511,252.46637134676686
14,0.28580000000000005,10.775490449148167,15496,263.516068662881
15,0.3062,10.798564447159434,13096,255.65042761148484
16,0.3266,10.676662320730117,10738,249.26410877258334
17,0.347,10.847911377798297,8666,271.4668820678515
18,0.36740000000000006,10.728975972540045,6992,250.9483695652176
19,0.38780000000000003,10.751397624039152,5724,256.47711390635897
20,0.4082,10.842904290429017,4545,261.3903190319027
21,0.4286,10.666923472008213,3894,241.54622496147894
22,0.44900000000000007,10.208891269416181,3734,232.46009641135518
23,0.46940000000000004,9.35879396984922,3980,205.0035175879392
24,0.4898,8.390212981744437,3944,181.84761663286
25,0.75,10.229665071770325,15048,237.1240031897926
