,voc_bin,rtmean,rtcount,rt_squaredmean
0,0.00020000000000000052,2.880086151309883,1955629,29.06589542290491
1,0.0206,3.780078167743596,356413,42.273747029429195
2,0.041,4.0030153155090415,209265,46.731412324086754
3,0.06140000000000001,4.415500170706717,117160,55.372499146466374
4,0.08180000000000001,4.519429453600223,75787,58.15833850132606
5,0.10220000000000001,4.645555884383942,50685,61.623281049620125
6,0.12260000000000001,4.764032486071459,36077,64.47149153200137
7,0.14300000000000002,4.8981699094586855,25955,69.24122519745728
8,0.1634,4.959903480850208,19478,67.31784577472037
9,0.18380000000000002,5.10228177235342,15076,75.22287078800733
10,0.2042,5.4020565989632106,11767,80.84014617149653
11,0.22460000000000002,5.451937172774872,9550,84.3654450261783
12,0.245,5.518950064020472,7810,85.7870678617156
13,0.26539999999999997,5.773101555352239,6558,91.88228118328728
14,0.28580000000000005,5.702653247941452,5465,90.80384263494943
15,0.3062,5.694882729211087,4690,86.3422174840085
16,0.3266,5.706282722513074,3820,85.7015706806279
17,0.347,5.659921671018267,3064,87.92950391644908
18,0.36740000000000006,5.673542245140821,2521,94.86275287584306
19,0.38780000000000003,5.722222222222213,1980,94.16161616161614
20,0.4082,5.469610091743116,1744,79.1026376146787
21,0.4286,5.7487649964714045,1417,88.57868736767814
22,0.44900000000000007,5.5684647302904615,1446,83.99446749654211
23,0.46940000000000004,4.971076923076911,1625,72.43692307692311
24,0.4898,4.637749120750306,1706,66.52754982414993
25,0.75,5.961931129953279,5779,95.92974563073167
