,voc_bin,rtmean,rtcount,rt_squaredmean
0,0.00020000000000000052,1.5307953250534454,8278854,4.407631418551408
1,0.0206,1.6669185436891205,1949364,5.00821755198103
2,0.041,1.8030124690591764,948989,5.735298301666297
3,0.06140000000000001,1.8998332103470268,494635,6.317207637955263
4,0.08180000000000001,1.950923421519736,283944,6.638657622629798
5,0.10220000000000001,1.9889029857058285,177345,6.907677126504816
6,0.12260000000000001,2.030046771724906,116951,7.208677138288672
7,0.14300000000000002,2.072920811778747,80416,7.550064663748517
8,0.1634,2.107114006290714,58181,7.799144050463208
9,0.18380000000000002,2.125943892728021,43702,7.907372660290146
10,0.2042,2.149620054153197,34347,8.185605729758041
11,0.22460000000000002,2.176845342706513,27312,8.370093731693041
12,0.245,2.1925275894162986,22563,8.53379426494706
13,0.26539999999999997,2.157216494845364,19012,8.203397853986969
14,0.28580000000000005,2.189273402280563,15084,8.432577565632469
15,0.3062,2.206682082768522,12541,8.557052866597568
16,0.3266,2.266222961730447,9616,9.200707154742053
17,0.347,2.2375958047599807,7437,8.704181793734048
18,0.36740000000000006,2.249133053476906,5479,9.201496623471424
19,0.38780000000000003,2.305659494855011,4276,9.50210477081385
20,0.4082,2.2887650882079824,3231,8.986381925100623
21,0.4286,2.364520958083836,2672,9.833832335329348
22,0.44900000000000007,2.2850111856823245,2235,9.237136465324395
23,0.46940000000000004,2.1899365367180383,2206,8.909791477787829
24,0.4898,2.2658772874058166,1858,9.967707212055954
25,0.75,2.2984325251040927,8166,9.844109723242717
