,voc_bin,rtmean,rtcount,rt_squaredmean
0,0.00020000000000000052,3.727629670446431,1214097,58.053578915029064
1,0.0206,5.061405701648952,208010,90.22314792558056
2,0.041,5.247782168801139,121966,94.26749257989958
3,0.06140000000000001,5.8395085980234995,66178,112.29017196047018
4,0.08180000000000001,5.978940169327653,42403,117.20342900266525
5,0.10220000000000001,6.017904669731441,28931,118.15886073761703
6,0.12260000000000001,6.249320752852856,20243,134.51034925653357
7,0.14300000000000002,6.3228207904710265,14776,131.78519220357333
8,0.1634,6.3957738944365135,11216,126.08764265335239
9,0.18380000000000002,6.713233547160825,8418,155.7830838679015
10,0.2042,6.981369352584998,6441,151.40304300574437
11,0.22460000000000002,6.9934878375790035,5221,143.79601608887205
12,0.245,7.491705069124412,4340,179.0631336405528
13,0.26539999999999997,7.565544113554128,3593,165.65126635123835
14,0.28580000000000005,7.478190630048476,3095,166.06042003231013
15,0.3062,7.170011806375439,2541,164.39315230224298
16,0.3266,7.081876724930997,2174,147.51701931922705
17,0.347,7.481268011527375,1735,168.87262247838618
18,0.36740000000000006,7.470013947001404,1434,157.592747559275
19,0.38780000000000003,8.188581314878888,1156,193.5207612456747
20,0.4082,7.6619433198380476,988,151.87651821862363
21,0.4286,7.5829145728643175,796,163.42964824120614
22,0.44900000000000007,7.322546972860134,958,170.95302713987476
23,0.46940000000000004,6.348304307974347,1091,130.41796516956956
24,0.4898,5.639028475711895,1194,117.86180904522621
25,0.75,8.080858571008516,3401,199.59629520729175
