,voc_bin,rtmean,rtcount,rt_squaredmean
0,0.00020000000000000052,10.337510879025244,5745,1555.129503916453
1,0.0206,17.189349112426033,845,2537.721893491123
2,0.041,21.404296874999996,512,5963.580078125001
3,0.06140000000000001,17.2249134948097,289,1006.4359861591697
4,0.08180000000000001,19.715025906735754,193,1569.5803108808282
5,0.10220000000000001,30.276119402985078,134,9791.171641791048
6,0.12260000000000001,10.815533980582522,103,413.84466019417493
7,0.14300000000000002,19.648648648648646,74,1671.6486486486485
8,0.1634,18.277777777777782,54,1901.4259259259254
9,0.18380000000000002,15.520000000000001,50,574.8799999999997
10,0.2042,23.586956521739143,46,2108.891304347826
11,0.22460000000000002,46.55555555555555,27,24507.148148148146
12,0.245,12.695652173913038,23,496.9565217391304
13,0.26539999999999997,17.360000000000003,25,960.96
14,0.28580000000000005,24.210526315789473,19,1785.8947368421054
15,0.3062,10.25,12,216.91666666666669
16,0.3266,26.818181818181817,11,1722.272727272727
17,0.347,34.07692307692307,13,4653.0
18,0.36740000000000006,9.666666666666668,6,194.33333333333337
19,0.38780000000000003,10.0,4,109.5
20,0.4082,44.142857142857146,7,9478.714285714284
21,0.4286,42.25,4,6332.75
22,0.44900000000000007,18.6,5,524.6
23,0.46940000000000004,3.5,4,17.5
24,0.4898,10.285714285714285,7,155.7142857142857
25,0.75,19.25,12,825.4166666666666
