,voc_bin,rtmean,rtcount,rt_squaredmean
0,0.00020000000000000052,5.435521026026112,13103760,74.18531314676089
1,0.0206,6.471073643915713,2963422,95.2579254658972
2,0.041,7.164494291659558,1536874,112.80876701668457
3,0.06140000000000001,7.721464452392355,841871,127.86041923287515
4,0.08180000000000001,8.016082684283994,514342,137.1777572121272
5,0.10220000000000001,8.211852678969167,336734,144.60412669941275
6,0.12260000000000001,8.434306190278377,231072,154.36963370724246
7,0.14300000000000002,8.613944551194079,163935,159.58873333943328
8,0.1634,8.762961994492429,122377,163.006586204924
9,0.18380000000000002,8.892047720145275,92791,169.55847011024795
10,0.2042,8.991799063523446,73894,171.59160418978516
11,0.22460000000000002,9.118060200668914,59800,176.36260869565243
12,0.245,9.118433254041841,49606,174.7873039551667
13,0.26539999999999997,9.10380359941118,42118,177.96500308656684
14,0.28580000000000005,9.31830285296268,34175,188.19186539868306
15,0.3062,9.315664612987753,28242,186.6601869555981
16,0.3266,9.44627481989104,22764,189.379766297663
17,0.347,9.499999999999984,17608,199.72796456156294
18,0.36740000000000006,9.61235404896421,13275,193.55585687382276
19,0.38780000000000003,9.713919969656745,10546,201.6941968518871
20,0.4082,9.698916789758725,8124,200.92072870507135
21,0.4286,9.733303912915549,6798,195.75389820535455
22,0.44900000000000007,9.558390410958902,5840,195.51113013698634
23,0.46940000000000004,9.025294821398047,5851,182.93505383695103
24,0.4898,8.384768812330005,5515,168.2698096101539
25,0.75,9.60670745733084,21737,203.6847311036482
