,voc_bin,rtmean,rtcount,rt_squaredmean
0,0.00020000000000000052,9.372871692553332,3602628,312.64664572639725
1,0.0206,12.917959975718148,686933,472.88255040884667
2,0.041,13.622364912771234,400556,515.6768391935199
3,0.06140000000000001,14.887813290309355,224991,583.7272779800073
4,0.08180000000000001,15.369196360774833,144866,629.267171040826
5,0.10220000000000001,15.643180731905,96242,651.8126078011676
6,0.12260000000000001,15.735827782146185,67403,659.6206400308596
7,0.14300000000000002,16.204072085265633,49164,694.217740623221
8,0.1634,16.468840778295476,36490,723.0466977254041
9,0.18380000000000002,16.638636606475053,28077,719.9196139188658
10,0.2042,17.440539305301648,21880,792.7072669104223
11,0.22460000000000002,17.778190830235314,17754,802.3940520446099
12,0.245,17.938895012400092,14516,807.6191099476451
13,0.26539999999999997,18.474783167362634,12452,869.1254416961143
14,0.28580000000000005,18.266144440198723,10468,844.7711119602629
15,0.3062,18.303644182888107,8836,845.3292213671358
16,0.3266,17.54909737417947,7312,783.0378829321664
17,0.347,17.933932895191965,5782,808.5984088550649
18,0.36740000000000006,18.773956305429387,4623,901.7940731126988
19,0.38780000000000003,17.787464534433784,3877,794.6051070415252
20,0.4082,18.20657276995298,3195,830.6635367762124
21,0.4286,18.2643720248993,2731,842.4181618454772
22,0.44900000000000007,17.39019407558737,2937,793.3227783452497
23,0.46940000000000004,15.325414191934975,3199,692.700218818382
24,0.4898,13.156780923994061,3355,521.8095380029797
25,0.75,17.923294383716584,10612,792.5064078401817
