,voc_bin,rtmean,rtcount,rt_squaredmean
0,0.00020000000000000052,9.206459877828037,2760207,302.42719296052843
1,0.0206,12.700718821495181,529756,464.6471318871319
2,0.041,13.48122027652159,308258,510.1114196549639
3,0.06140000000000001,14.7595607508123,175117,575.0309792881337
4,0.08180000000000001,15.075964285714303,112000,605.1993928571418
5,0.10220000000000001,15.42431186549067,75058,636.4747262117287
6,0.12260000000000001,15.779954501870714,53189,671.0652954558263
7,0.14300000000000002,15.965568164153545,38598,670.4867350639927
8,0.1634,16.224586205689917,28577,687.8828428456457
9,0.18380000000000002,16.676529772249143,21866,727.5488429525294
10,0.2042,17.6656905236031,17074,804.5561672718752
11,0.22460000000000002,17.490137647225726,14094,772.3012629487729
12,0.245,17.759016250977687,11507,802.4841400886411
13,0.26539999999999997,18.03056994818645,9650,802.0237305699479
14,0.28580000000000005,18.30336124256771,8241,832.6880232981433
15,0.3062,18.452719542589076,6821,888.2149244978734
16,0.3266,17.98040263673623,5613,795.5913058970244
17,0.347,17.88636854612224,4629,797.4521494923324
18,0.36740000000000006,18.344100373732022,3746,825.6297383876106
19,0.38780000000000003,18.45790554414789,2922,827.5817932922652
20,0.4082,18.03085150143974,2431,808.8362813656938
21,0.4286,17.795368620037816,2116,765.2358223062377
22,0.44900000000000007,16.15139078887367,2193,638.4642042863653
23,0.46940000000000004,15.535786494136696,2473,679.831783259199
24,0.4898,13.382178217821798,2525,539.7021782178206
25,0.75,18.194809897404923,8285,844.9219070609531
