,voc_bin,rtmean,rtcount,rt_squaredmean
0,0.00020000000000000052,5.364441700865433,11749454,73.24092753586682
1,0.0206,6.394232411443097,2658234,93.75943276626516
2,0.041,7.0962335844760265,1379030,111.69973169546705
3,0.06140000000000001,7.6322403794073885,756970,125.3712419250434
4,0.08180000000000001,7.912530648837231,462905,135.26880029379666
5,0.10220000000000001,8.112162825239384,301624,142.68935164310554
6,0.12260000000000001,8.327174537848812,207021,149.92668376638161
7,0.14300000000000002,8.49079538686447,147752,154.02797931669312
8,0.1634,8.670165519128192,109655,163.46474852947918
9,0.18380000000000002,8.844366348705428,83658,169.73544669965787
10,0.2042,8.899764257865622,66174,165.87359083628064
11,0.22460000000000002,8.957588411849164,53641,170.70561697209254
12,0.245,9.154729409641556,44329,180.63854361704554
13,0.26539999999999997,8.978284245587334,38129,174.05777754465086
14,0.28580000000000005,9.213484966303824,30864,185.80699196474924
15,0.3062,9.174208144796381,25194,179.84865444153337
16,0.3266,9.39008345606285,20370,189.1464899361821
17,0.347,9.289867897098791,15821,185.2371531508751
18,0.36740000000000006,9.527846636919485,12102,193.42340109072882
19,0.38780000000000003,9.51928687196108,9255,189.74057266342513
20,0.4082,9.72462749508012,7114,207.33188079842571
21,0.4286,9.648381877022645,6180,200.0700647249187
22,0.44900000000000007,9.589848852397811,5359,203.99477514461594
23,0.46940000000000004,8.89554762352055,5323,179.88483937629144
24,0.4898,8.4221396117307,4842,168.19702602230467
25,0.75,9.474644621433619,19838,202.14033672749252
