,voc_bin,rtmean,rtcount,rt_squaredmean
0,0.00020000000000000052,19.530583057838996,235637,1384.81083191519
1,0.0206,24.521094120652535,54802,1890.045418050436
2,0.041,27.46763981709464,28430,2177.2568061906495
3,0.06140000000000001,29.19383483445389,15766,2552.4546492452146
4,0.08180000000000001,30.867288378766155,9758,3018.078602172566
5,0.10220000000000001,31.435188063413182,6434,2631.5212931302513
6,0.12260000000000001,31.412636861313796,4384,2657.3186587591154
7,0.14300000000000002,32.91323138297875,3008,2845.1359707446786
8,0.1634,32.388913330400435,2273,2584.561372635288
9,0.18380000000000002,34.221088435374185,1764,3903.1757369614584
10,0.2042,33.09923664122138,1441,2900.988202637058
11,0.22460000000000002,34.41710758377424,1134,4178.228395061732
12,0.245,32.937697993664266,947,3082.2449841605053
13,0.26539999999999997,33.48053527980536,822,2995.81386861313
14,0.28580000000000005,35.60451127819548,665,3438.6090225563917
15,0.3062,34.46603773584899,530,3010.7150943396236
16,0.3266,34.05122494432075,449,3276.3095768374146
17,0.347,34.88081395348841,344,4005.863372093023
18,0.36740000000000006,31.292682926829276,246,2928.4715447154476
19,0.38780000000000003,36.483146067415746,178,3424.2584269662934
20,0.4082,30.123188405797087,138,2505.45652173913
21,0.4286,35.259842519685066,127,3535.858267716536
22,0.44900000000000007,34.67567567567567,111,3572.837837837839
23,0.46940000000000004,30.476744186046506,86,2504.7093023255807
24,0.4898,31.30833333333333,120,3704.3250000000003
25,0.75,33.517426273458504,373,2770.959785522787
