,voc_bin,rtmean,rtcount,rt_squaredmean
0,0.00020000000000000052,1.5347137228367524,10700120,4.4256160678571845
1,0.0206,1.671506257467132,2512678,5.038437475872341
2,0.041,1.8040684766705648,1215246,5.725157704695168
3,0.06140000000000001,1.9033808134546102,635143,6.347844501159586
4,0.08180000000000001,1.9662558301730493,367056,6.774998910248017
5,0.10220000000000001,2.0022723876333,227514,7.046770748173745
6,0.12260000000000001,2.043900608967693,149269,7.339615057379611
7,0.14300000000000002,2.0745270584586812,103184,7.593328423011325
8,0.1634,2.109524127344315,74915,7.859934592538215
9,0.18380000000000002,2.153147376295828,56142,8.079013928965852
10,0.2042,2.1631169903023864,43619,8.254820147183533
11,0.22460000000000002,2.183096582805638,35058,8.395544526213694
12,0.245,2.201181570299936,28606,8.420436272110724
13,0.26539999999999997,2.1729544341009337,24492,8.391393107953604
14,0.28580000000000005,2.2149956228436083,19419,8.75024460579843
15,0.3062,2.201453525436696,15686,8.664414127247227
16,0.3266,2.2450102669404473,12175,9.125995893223827
17,0.347,2.2454947997116754,9711,9.095870662135717
18,0.36740000000000006,2.3033895940856466,7169,9.255265727437589
19,0.38780000000000003,2.2782886094952155,5329,9.176393319572153
20,0.4082,2.307635467980295,4060,9.106157635467964
21,0.4286,2.3513434579439227,3424,9.844334112149541
22,0.44900000000000007,2.3067357512953346,2895,9.538514680483557
23,0.46940000000000004,2.2712418300653594,2754,9.483297022512726
24,0.4898,2.1750566893424024,2205,9.18820861678003
25,0.75,2.3272549975621657,10255,10.091077523159381
