,voc_bin,rtmean,rtcount,rt_squaredmean
0,0.00020000000000000052,18.808392821790857,171742,1325.944888262625
1,0.0206,23.852887642660402,40656,1789.7252312081853
2,0.041,26.50497784975948,20993,2171.213213928447
3,0.06140000000000001,27.611163347294596,11699,2229.917001453108
4,0.08180000000000001,29.39308176100625,6996,2321.540308747851
5,0.10220000000000001,30.082406801831237,4587,2440.315674732937
6,0.12260000000000001,31.22022684310013,3174,2661.532136105862
7,0.14300000000000002,32.352343059239615,2262,2951.8359858532244
8,0.1634,31.184883720930266,1720,2539.7383720930275
9,0.18380000000000002,30.964816262705213,1279,2383.7638780297034
10,0.2042,31.860465116279045,1032,2500.0639534883735
11,0.22460000000000002,32.080047789725235,837,2813.7885304659508
12,0.245,36.10479041916173,668,3462.125748502995
13,0.26539999999999997,29.851199999999995,625,2462.3376000000003
14,0.28580000000000005,35.191056910569166,492,3031.4430894308944
15,0.3062,32.24675324675328,385,2515.618181818184
16,0.3266,33.17419354838711,310,2862.8838709677434
17,0.347,31.556910569105717,246,2469.6382113821137
18,0.36740000000000006,35.8697916666667,192,3111.6822916666683
19,0.38780000000000003,33.00000000000003,150,2554.280000000003
20,0.4082,29.459183673469386,98,1990.8061224489807
21,0.4286,32.01904761904762,105,2336.0571428571448
22,0.44900000000000007,38.93333333333332,90,4490.422222222221
23,0.46940000000000004,36.89473684210524,76,4598.368421052629
24,0.4898,35.50746268656715,67,3194.4029850746256
25,0.75,34.017064846416396,293,3121.334470989758
