,voc_bin,rtmean,rtcount,rt_squaredmean
0,0.00020000000000000052,8.919044845661041,1717,3508.380896913214
1,0.0206,13.620253164556965,237,2706.691983122364
2,0.041,12.608974358974363,156,3193.391025641026
3,0.06140000000000001,12.294117647058828,85,570.529411764706
4,0.08180000000000001,10.121951219512194,41,359.0975609756098
5,0.10220000000000001,14.333333333333334,33,1248.939393939394
6,0.12260000000000001,15.608695652173914,23,823.2608695652175
7,0.14300000000000002,16.5,16,996.0000000000001
8,0.1634,8.375,24,190.9583333333333
9,0.18380000000000002,9.11111111111111,9,298.4444444444444
10,0.2042,10.555555555555555,9,253.8888888888889
11,0.22460000000000002,1.3333333333333333,3,1.9999999999999998
12,0.245,2.0,2,5.0
13,0.26539999999999997,31.25,4,1989.7499999999995
14,0.28580000000000005,0.0,1,0.0
15,0.3062,17.0,3,363.66666666666663
16,0.3266,58.66666666666667,6,16227.333333333334
17,0.347,5.333333333333333,3,29.333333333333332
18,0.36740000000000006,7.25,4,97.25
19,0.38780000000000003,0.0,0,0.0
20,0.4082,0.0,0,0.0
21,0.4286,0.0,1,0.0
22,0.44900000000000007,0.0,0,0.0
23,0.46940000000000004,37.75,4,4449.75
24,0.4898,0.0,0,0.0
25,0.75,23.0,1,529.0
