,voc_bin,rtmean,rtcount,rt_squaredmean
0,0.00020000000000000052,14.808968514788502,9433,1629.4053853493062
1,0.0206,22.18419415059117,1607,2641.3976353453636
2,0.041,24.52432432432429,925,5063.972972972976
3,0.06140000000000001,22.611111111111114,522,1676.461685823755
4,0.08180000000000001,25.7239263803681,326,3161.981595092024
5,0.10220000000000001,30.170731707317067,246,4125.504065040649
6,0.12260000000000001,39.65608465608466,189,16343.58201058202
7,0.14300000000000002,25.356060606060602,132,1671.0227272727273
8,0.1634,37.10576923076922,104,11033.413461538466
9,0.18380000000000002,23.38709677419353,62,1668.9677419354832
10,0.2042,33.25757575757575,66,5029.893939393937
11,0.22460000000000002,19.974358974358978,39,1312.435897435897
12,0.245,26.837209302325576,43,2921.3953488372076
13,0.26539999999999997,31.999999999999993,34,4559.647058823529
14,0.28580000000000005,22.275862068965512,29,1176.620689655172
15,0.3062,21.941176470588236,17,1286.9999999999995
16,0.3266,45.266666666666666,15,7874.466666666669
17,0.347,36.24999999999999,16,6369.250000000002
18,0.36740000000000006,18.44444444444444,9,767.7777777777778
19,0.38780000000000003,19.181818181818183,11,1698.9999999999998
20,0.4082,10.25,4,205.75
21,0.4286,28.55555555555555,9,2266.111111111111
22,0.44900000000000007,60.0,6,7554.000000000002
23,0.46940000000000004,18.5,10,1362.9
24,0.4898,8.25,8,117.75
25,0.75,27.039999999999996,25,1834.72
