,voc_bin,rtmean,rtcount,rt_squaredmean
0,0.00020000000000000052,2.9475673879700364,2070696,29.90871475098229
1,0.0206,3.8241682021860193,382064,42.0248466225554
2,0.041,4.060942448718119,223227,47.84256384756329
3,0.06140000000000001,4.452037996958332,125589,55.36078000461823
4,0.08180000000000001,4.570287539936106,80754,57.26419743913617
5,0.10220000000000001,4.716512215669751,54602,62.05122522984507
6,0.12260000000000001,4.7753695355907375,38156,64.61528986266899
7,0.14300000000000002,5.025404241340293,27397,71.40668686352515
8,0.1634,5.09877562919055,20582,73.3229520940626
9,0.18380000000000002,5.163412778904662,15776,72.07606490872216
10,0.2042,5.435842122083739,12516,84.34651645893257
11,0.22460000000000002,5.428357762488781,10029,81.93269518396646
12,0.245,5.528186274509811,8160,86.2906862745099
13,0.26539999999999997,5.711007162695508,6841,87.85075281391602
14,0.28580000000000005,5.7680430256766,5764,91.89850798056904
15,0.3062,5.610420841683367,4990,83.60400801603204
16,0.3266,5.90373669883692,4041,98.03984162336067
17,0.347,5.805363061162997,3319,90.7695088882193
18,0.36740000000000006,5.724544072948322,2632,88.68503039513675
19,0.38780000000000003,5.784322609877659,2207,82.94608065246939
20,0.4082,5.860845070422532,1775,91.7245070422536
21,0.4286,5.721616420782556,1559,83.14560615779338
22,0.44900000000000007,5.377848101265825,1580,74.70569620253178
23,0.46940000000000004,5.28215527230591,1726,79.28910776361528
24,0.4898,4.503264417845485,1838,64.15723612622419
25,0.75,5.9864682002706315,5912,95.82442489851144
