,voc_bin,rtmean,rtcount,rt_squaredmean
0,0.00020000000000000052,9.041714536241638,15072204,227.20219829827076
1,0.0206,11.042280771064895,3374087,299.06602349020557
2,0.041,12.174845692218662,1764493,352.1195799586616
3,0.06140000000000001,13.072857562045407,971265,394.398151894694
4,0.08180000000000001,13.531702933674094,593147,421.5501165815553
5,0.10220000000000001,13.896968761257813,388620,444.73706448458677
6,0.12260000000000001,14.170901107449984,267371,460.2229785578837
7,0.14300000000000002,14.492388329650954,189643,480.2388909688197
8,0.1634,14.804514465364385,141545,511.92374863117664
9,0.18380000000000002,14.954197978150694,107921,510.22403424727446
10,0.2042,15.232346348944146,84770,523.4376548307225
11,0.22460000000000002,15.303904555314533,69150,527.7042227042676
12,0.245,15.431008451486367,57623,534.3005570692268
13,0.26539999999999997,15.234631168459954,48979,536.3410645378633
14,0.28580000000000005,15.671812180473562,40294,567.4991810195042
15,0.3062,15.603307560137413,32592,547.812990918016
16,0.3266,16.031679754836233,26105,585.869488603715
17,0.347,15.905254777070043,20096,577.7393511146468
18,0.36740000000000006,16.056818918043458,15435,574.6524781341103
19,0.38780000000000003,16.030119983450536,12085,569.1730244104248
20,0.4082,16.559551760939133,9370,631.8901814300989
21,0.4286,16.12487549800793,8032,587.6109312749022
22,0.44900000000000007,15.592937853107342,7080,557.3104519773988
23,0.46940000000000004,14.773478322270812,7081,537.883773478321
24,0.4898,13.570944951427764,6794,486.19826317338925
25,0.75,16.197004067584377,25568,614.861506570714
