,voc_bin,rtmean,rtcount,rt_squaredmean
0,0.00020000000000000052,11.353471886579666,6207,1129.8419526341222
1,0.0206,17.2165991902834,988,2352.2226720647773
2,0.041,21.111492281303597,583,6469.9108061749575
3,0.06140000000000001,18.348909657320874,321,1315.682242990654
4,0.08180000000000001,22.41025641025639,195,3221.476923076925
5,0.10220000000000001,25.321678321678327,143,4014.1748251748268
6,0.12260000000000001,17.98999999999999,100,785.1900000000004
7,0.14300000000000002,20.037500000000012,80,1032.5124999999998
8,0.1634,36.295081967213115,61,16100.03278688524
9,0.18380000000000002,16.299999999999997,40,916.6499999999997
10,0.2042,21.550000000000004,40,3904.549999999998
11,0.22460000000000002,12.428571428571423,21,305.095238095238
12,0.245,15.750000000000005,24,984.0000000000002
13,0.26539999999999997,39.37500000000001,24,5790.041666666667
14,0.28580000000000005,18.55555555555556,18,751.333333333333
15,0.3062,15.1,10,788.7
16,0.3266,10.333333333333332,9,163.44444444444443
17,0.347,38.63636363636363,11,8415.0
18,0.36740000000000006,9.0,7,151.57142857142858
19,0.38780000000000003,7.9,10,126.5
20,0.4082,2.5,2,6.5
21,0.4286,18.285714285714285,7,780.2857142857142
22,0.44900000000000007,58.66666666666666,3,6696.666666666666
23,0.46940000000000004,2.1428571428571423,7,6.7142857142857135
24,0.4898,6.000000000000001,6,82.00000000000001
25,0.75,20.642857142857146,14,1445.642857142857
