,voc_bin,rtmean,rtcount,rt_squaredmean
0,0.00020000000000000052,4.575825958129336,669586,149.06185165161756
1,0.0206,6.4428086181074065,102157,240.1329717983101
2,0.041,6.640036942969266,60634,248.9857505689888
3,0.06140000000000001,7.289820473644022,31416,267.3790106951873
4,0.08180000000000001,7.640434591102622,20433,302.59927568149527
5,0.10220000000000001,7.688726705874036,14113,305.6564160702894
6,0.12260000000000001,7.517284909691191,10298,286.4440668090883
7,0.14300000000000002,7.7886481456865795,7523,306.2302273029378
8,0.1634,7.716726618705038,5560,253.7422661870508
9,0.18380000000000002,8.33489023820645,4282,300.8888369920604
10,0.2042,8.119439366240115,3282,334.1998781230953
11,0.22460000000000002,8.823126664130845,2629,357.70026626093534
12,0.245,8.297404311482582,2273,243.69203695556558
13,0.26539999999999997,9.077566964285705,1792,361.5530133928566
14,0.28580000000000005,8.388461538461545,1560,263.92307692307776
15,0.3062,9.131211180124208,1288,300.9045031055899
16,0.3266,9.397085610200381,1098,300.0837887067398
17,0.347,10.265033407572394,898,403.38084632516745
18,0.36740000000000006,9.592162554426718,689,445.3338171262704
19,0.38780000000000003,8.727902946273847,577,252.85961871750408
20,0.4082,10.380129589632826,463,427.857451403888
21,0.4286,8.506912442396317,434,276.99539170506927
22,0.44900000000000007,8.133874239350911,493,204.65720081135908
23,0.46940000000000004,7.231726283048209,643,236.52566096423058
24,0.4898,5.207017543859656,855,119.17660818713455
25,0.75,9.599418604651161,1720,318.9180232558131
