,voc_bin,rtmean,rtcount,rt_squaredmean
0,0.00020000000000000052,5.325527652808602,10677523,72.51991777493704
1,0.0206,6.351834279497208,2430164,93.21036975282314
2,0.041,7.058726780185744,1260992,110.8027727376539
3,0.06140000000000001,7.600302055099797,693251,125.64548338192095
4,0.08180000000000001,7.925104574885996,424098,136.14635060764263
5,0.10220000000000001,8.116382141697041,277070,143.34044104377918
6,0.12260000000000001,8.344567636806497,190488,151.8696190836166
7,0.14300000000000002,8.473772247736747,136306,154.85331533461502
8,0.1634,8.654954077372631,100604,161.2090672339068
9,0.18380000000000002,8.747374297324324,77027,165.07705090422914
10,0.2042,8.931291910283107,60546,171.46493575132996
11,0.22460000000000002,8.968374852195549,49897,168.90620678597838
12,0.245,9.13419392838739,40747,179.08928264657604
13,0.26539999999999997,9.015921389917434,35110,176.7852178866422
14,0.28580000000000005,9.189322280086389,28227,183.79455840152974
15,0.3062,9.116658869561528,23513,178.19146854931327
16,0.3266,9.369070512820489,18720,191.24022435897487
17,0.347,9.323006740655012,14687,187.66671205828263
18,0.36740000000000006,9.491366642174855,10888,189.25293901542983
19,0.38780000000000003,9.35054970224464,8732,187.93346312414084
20,0.4082,9.52351916376305,6888,193.61556329848972
21,0.4286,9.335379061371826,5540,182.5787003610108
22,0.44900000000000007,9.664516129032258,5115,213.72590420332384
23,0.46940000000000004,9.106023102310223,4848,192.4434818481847
24,0.4898,8.810742857142833,4375,188.57668571428587
25,0.75,9.550373544276018,18204,203.21572181938112
