,voc_bin,rtmean,rtcount,rt_squaredmean
0,0.00020000000000000052,20.43873660346251,19408,2659.8085840890385
1,0.0206,29.251007793603844,3721,4445.154259607629
2,0.041,29.948525970987372,2137,3520.0879737950404
3,0.06140000000000001,37.434637801831784,1201,6491.796003330553
4,0.08180000000000001,34.54216867469884,747,3871.9692101740284
5,0.10220000000000001,33.14232209737827,534,3609.9138576778987
6,0.12260000000000001,36.84972677595632,366,5176.1721311475385
7,0.14300000000000002,37.00338983050844,295,4195.95254237288
8,0.1634,46.25446428571428,224,16611.42410714286
9,0.18380000000000002,43.584905660377395,159,8992.830188679243
10,0.2042,35.09302325581397,129,4392.58139534884
11,0.22460000000000002,31.47368421052632,95,2610.2947368421046
12,0.245,33.26190476190476,84,4411.000000000002
13,0.26539999999999997,43.48809523809526,84,8178.011904761907
14,0.28580000000000005,49.36842105263157,57,7466.526315789473
15,0.3062,34.52631578947369,57,8642.421052631571
16,0.3266,38.63888888888891,36,3645.1944444444434
17,0.347,29.15625,32,2465.03125
18,0.36740000000000006,62.483870967741936,31,51723.1290322581
19,0.38780000000000003,64.93333333333334,15,8303.066666666666
20,0.4082,33.61538461538462,13,1427.923076923077
21,0.4286,57.55555555555555,9,15167.333333333336
22,0.44900000000000007,59.23809523809523,21,6349.142857142857
23,0.46940000000000004,17.181818181818176,11,562.6363636363636
24,0.4898,33.68181818181817,22,2536.3181818181815
25,0.75,22.94999999999999,40,1598.4
