,voc_bin,rtmean,rtcount,rt_squaredmean
0,0.00020000000000000052,9.4462121807552,4084131,313.9099568549603
1,0.0206,12.92396139956127,778644,471.72651044636416
2,0.041,13.665114810841404,453006,519.3799132903333
3,0.06140000000000001,14.857944006036433,254456,584.4584014525095
4,0.08180000000000001,15.305019709933925,162101,619.3625517424325
5,0.10220000000000001,15.571646016056446,107745,637.6518724766803
6,0.12260000000000001,15.851402707767026,75782,646.5224591591684
7,0.14300000000000002,16.192753170946624,54479,698.431927898824
8,0.1634,16.38670242323221,41391,705.8718562006244
9,0.18380000000000002,17.15667267808836,31052,765.0679183305404
10,0.2042,17.24076417520494,24497,751.1472833408154
11,0.22460000000000002,17.842923162866324,19691,823.3779391600187
12,0.245,18.047610282839408,16299,817.0579790171175
13,0.26539999999999997,18.367184099811357,13786,846.2155810242275
14,0.28580000000000005,18.028122344944727,11770,797.5992353440948
15,0.3062,18.219635836954225,9666,831.6518725429343
16,0.3266,18.70046534410973,8166,893.1898114131736
17,0.347,18.3996609124537,6488,855.0482429099832
18,0.36740000000000006,18.818406072106203,5270,872.6506641366217
19,0.38780000000000003,18.564760793465574,4285,819.9159859976639
20,0.4082,18.41019351321885,3669,853.7418915235736
21,0.4286,17.3522012578617,3021,775.1198278715664
22,0.44900000000000007,17.518483709273227,3192,760.207080200504
23,0.46940000000000004,15.248122392211366,3595,680.0325452016698
24,0.4898,13.19406575781873,3741,523.3715584068414
25,0.75,18.015583773087005,12128,799.6379452506582
