,voc_bin,rtmean,rtcount,rt_squaredmean
0,0.00020000000000000052,4.449866585839701,603759,143.727859957367
1,0.0206,6.2891581824834875,92918,220.8583912697211
2,0.041,6.446370726940408,55259,200.90240503809304
3,0.06140000000000001,7.402253423470293,28845,270.75680360547744
4,0.08180000000000001,7.582222935730745,18687,287.08166104778644
5,0.10220000000000001,7.653255813953505,12900,286.7220930232563
6,0.12260000000000001,7.703671518574834,9206,283.17097545079264
7,0.14300000000000002,7.915856174476874,6786,276.2877984084879
8,0.1634,7.799639711769405,4996,285.01661329063234
9,0.18380000000000002,7.922327672327655,4004,285.0132367632365
10,0.2042,8.610415293342133,3034,362.5240606460109
11,0.22460000000000002,9.107973421926921,2408,395.17109634551514
12,0.245,9.062922516900679,1923,434.9838793551734
13,0.26539999999999997,8.71651651651649,1665,266.4894894894896
14,0.28580000000000005,8.694805194805186,1386,272.6255411255415
15,0.3062,9.231666666666662,1200,530.6649999999984
16,0.3266,9.438735177865615,1012,883.0494071146229
17,0.347,8.957420924574224,822,348.43187347931865
18,0.36740000000000006,8.818722139673108,673,292.16196136701365
19,0.38780000000000003,10.083778966131918,561,578.6898395721923
20,0.4082,7.524416135881111,471,177.63906581740972
21,0.4286,9.045569620253174,395,327.0759493670882
22,0.44900000000000007,9.789587852494586,461,541.68546637744
23,0.46940000000000004,7.100318471337581,628,226.42197452229314
24,0.4898,6.4217506631299734,754,223.0079575596818
25,0.75,9.884792626728117,1519,376.6629361421984
