,voc_bin,rtmean,rtcount,rt_squaredmean
0,0.00020000000000000052,11.669675090252722,5540,1754.7740072202178
1,0.0206,18.88449197860961,935,5000.321925133689
2,0.041,16.474358974358978,546,1349.5586080586097
3,0.06140000000000001,24.469841269841265,315,7090.304761904753
4,0.08180000000000001,17.83422459893048,187,2406.5614973262036
5,0.10220000000000001,15.914062500000004,128,762.6015625000001
6,0.12260000000000001,19.569892473118273,93,1269.397849462365
7,0.14300000000000002,15.408450704225361,71,532.6478873239438
8,0.1634,46.57142857142858,49,41593.18367346938
9,0.18380000000000002,17.619047619047613,42,1454.0476190476188
10,0.2042,10.057142857142852,35,188.68571428571425
11,0.22460000000000002,21.718749999999996,32,1014.5937500000001
12,0.245,13.791666666666664,24,516.2916666666665
13,0.26539999999999997,20.499999999999996,22,1653.409090909091
14,0.28580000000000005,37.71428571428571,14,3864.999999999999
15,0.3062,10.499999999999998,12,246.50000000000003
16,0.3266,17.61538461538461,13,717.4615384615388
17,0.347,23.624999999999996,8,2004.3749999999998
18,0.36740000000000006,6.125,8,63.875
19,0.38780000000000003,6.0,1,36.0
20,0.4082,31.75,4,1321.75
21,0.4286,8.5,2,72.5
22,0.44900000000000007,24.5,2,906.5
23,0.46940000000000004,7.999999999999999,4,197.5
24,0.4898,12.714285714285715,7,516.4285714285714
25,0.75,6.375,8,59.124999999999986
