,voc_bin,rtmean,rtcount,rt_squaredmean
0,0.00020000000000000052,3.766505820914094,932156,57.59214873905216
1,0.0206,5.075622016376335,158155,85.76524928076888
2,0.041,5.341343790737935,93586,97.39534759472572
3,0.06140000000000001,5.943752337092349,50811,115.47704237271469
4,0.08180000000000001,6.095370767252462,32662,123.44360418835332
5,0.10220000000000001,6.284929142441869,22016,132.06645167151166
6,0.12260000000000001,6.230449782775339,15652,118.02638640429352
7,0.14300000000000002,6.271452808286442,11199,127.90249129386561
8,0.1634,6.578350271803346,8462,141.9567478137553
9,0.18380000000000002,6.716081962123579,6442,145.8880782365727
10,0.2042,6.9034672970843225,5076,145.3337273443649
11,0.22460000000000002,7.207847032530422,4027,159.38266699776523
12,0.245,7.233718807060274,3286,158.38405356056006
13,0.26539999999999997,7.762008733624442,2748,179.4745269286753
14,0.28580000000000005,7.815823605706872,2313,181.6273238218764
15,0.3062,7.862724935732642,1945,207.52853470436972
16,0.3266,7.172520024645718,1623,148.11768330252593
17,0.347,7.437677053824355,1412,179.11756373937678
18,0.36740000000000006,7.644144144144139,1110,171.25675675675691
19,0.38780000000000003,7.977777777777782,855,189.55672514619866
20,0.4082,7.569333333333333,750,189.44133333333326
21,0.4286,6.78998384491114,619,128.85460420032322
22,0.44900000000000007,7.034090909090905,704,153.5454545454543
23,0.46940000000000004,6.673142857142855,875,147.37257142857155
24,0.4898,5.358430540827137,943,88.88123011664892
25,0.75,8.041061046511633,2752,200.02434593023253
