,voc_bin,rtmean,rtcount,rt_squaredmean
0,0.00020000000000000052,19.00970673456844,227780,1372.5225963649107
1,0.0206,23.783955667956015,53776,1806.3554001785255
2,0.041,26.648763946619958,27426,2099.9793261868303
3,0.06140000000000001,28.71313289079783,15366,2398.439281530647
4,0.08180000000000001,30.51254785197782,9404,2602.059123777112
5,0.10220000000000001,30.024258318308508,6101,2681.712833961637
6,0.12260000000000001,31.573275862068893,4176,2874.8850574712565
7,0.14300000000000002,30.96188630490958,3096,2533.10206718346
8,0.1634,32.96380090497745,2210,2939.628054298637
9,0.18380000000000002,30.840400471142498,1698,2322.7944640753844
10,0.2042,32.39374090247464,1374,3077.715429403201
11,0.22460000000000002,33.888991674375575,1081,3587.7539315448666
12,0.245,35.71720430107525,930,3606.1623655913995
13,0.26539999999999997,29.91798941798946,756,2082.5423280423283
14,0.28580000000000005,36.93682588597838,649,4835.654853620952
15,0.3062,37.62499999999999,512,4490.5468749999945
16,0.3266,34.79601990049755,402,3715.5721393034837
17,0.347,36.003039513677834,329,3827.3768996960544
18,0.36740000000000006,35.1146788990826,218,3066.0871559633006
19,0.38780000000000003,35.059139784946225,186,3624.123655913982
20,0.4082,37.62893081761008,159,4291.540880503145
21,0.4286,45.39393939393944,99,4796.424242424245
22,0.44900000000000007,32.669642857142854,112,2712.294642857143
23,0.46940000000000004,31.44954128440367,109,2352.7155963302735
24,0.4898,30.1923076923077,104,1730.9230769230771
25,0.75,33.74561403508769,342,3127.4239766081864
