,voc_bin,rtmean,rtcount,rt_squaredmean
0,0.00020000000000000052,8.802044130356716,13904397,219.4415024254558
1,0.0206,10.782298828892225,3148899,290.2870260367204
2,0.041,11.94987536508063,1640391,343.5269054755846
3,0.06140000000000001,12.889832433779677,906746,390.60313252002305
4,0.08180000000000001,13.31454544147203,556298,412.9540839621936
5,0.10220000000000001,13.678530371376059,365344,437.03346161425884
6,0.12260000000000001,14.043363790617459,251062,462.0649600497091
7,0.14300000000000002,14.364058292323799,178617,483.1659752431194
8,0.1634,14.550019761814209,134097,492.89424819347175
9,0.18380000000000002,14.754581454077337,101769,495.54454696420396
10,0.2042,14.978326868982256,80699,520.2033730281657
11,0.22460000000000002,15.023080798058288,65509,516.4578454868807
12,0.245,15.277593951605475,54097,533.6105883875257
13,0.26539999999999997,15.19497111936613,46571,544.440939640551
14,0.28580000000000005,15.483034249113329,37782,556.9662802392675
15,0.3062,15.323975571316007,30456,534.3297543997913
16,0.3266,15.701643183011019,24769,564.2293189066975
17,0.347,15.544636354177527,19222,555.8359692019578
18,0.36740000000000006,15.911449016100146,14534,587.5575202972342
19,0.38780000000000003,16.042785535266677,11172,584.415503043321
20,0.4082,16.312786434463703,8728,633.0309349220892
21,0.4286,16.43032015065913,7434,610.9872208770514
22,0.44900000000000007,15.444823494512082,6742,569.3890536932677
23,0.46940000000000004,14.556893260901482,6811,533.5746586404329
24,0.4898,13.944548578569188,6402,524.503436426116
25,0.75,15.795226809696056,24051,595.2145440938009
