,voc_bin,rtmean,rtcount,rt_squaredmean
0,0.00020000000000000052,19.475176974447646,214579,1444.2208137795405
1,0.0206,24.375761907598143,50367,1838.0864851986398
2,0.041,26.902357030981346,26177,2060.0469496122555
3,0.06140000000000001,29.639856274184698,14472,2782.0458817026
4,0.08180000000000001,30.65374677002586,8901,2881.603752387364
5,0.10220000000000001,30.624999999999936,5688,2416.6366033755253
6,0.12260000000000001,33.40267271810387,3966,2887.6084215834585
7,0.14300000000000002,32.05222300635151,2834,2513.1714890614003
8,0.1634,33.70366699702675,2018,3018.3131813676937
9,0.18380000000000002,34.69133574007217,1662,3448.126955475332
10,0.2042,33.86144101346002,1263,3844.269992082342
11,0.22460000000000002,33.46501328609395,1129,3002.9282550930025
12,0.245,36.763279445727534,866,4085.7217090069325
13,0.26539999999999997,30.79921259842519,762,2306.709973753282
14,0.28580000000000005,35.18165467625899,556,3351.4334532374073
15,0.3062,32.75791855203621,442,2636.3914027149294
16,0.3266,39.03299492385784,394,4154.4035532994885
17,0.347,37.5942028985507,276,3385.3260869565265
18,0.36740000000000006,39.704545454545446,220,3790.859090909091
19,0.38780000000000003,43.07142857142859,168,7730.488095238095
20,0.4082,33.7557251908397,131,2747.526717557252
21,0.4286,39.323232323232354,99,4142.131313131315
22,0.44900000000000007,35.01960784313727,102,3220.843137254903
23,0.46940000000000004,33.32978723404254,94,2639.925531914894
24,0.4898,25.62790697674419,86,1697.4651162790697
25,0.75,41.03426791277261,321,4962.043613707163
