,voc_bin,rtmean,rtcount,rt_squaredmean
0,0.00020000000000000052,20.892619449687068,20134,2650.269991059907
1,0.0206,29.594660855352743,3671,3405.5734132388943
2,0.041,32.91231915826383,2281,3878.0118369136294
3,0.06140000000000001,38.44044764188644,1251,7367.065547561951
4,0.08180000000000001,39.02983293556091,838,9797.13723150358
5,0.10220000000000001,39.89279112754156,541,4884.247689463957
6,0.12260000000000001,40.02250000000003,400,6279.422499999998
7,0.14300000000000002,37.68404907975464,326,4629.966257668716
8,0.1634,38.30357142857146,224,3949.1696428571436
9,0.18380000000000002,44.71751412429377,177,13811.80225988701
10,0.2042,32.18791946308726,149,3760.147651006712
11,0.22460000000000002,46.74257425742575,101,17627.099009900987
12,0.245,31.89534883720931,86,2346.5697674418616
13,0.26539999999999997,41.32432432432432,74,5533.891891891891
14,0.28580000000000005,38.222222222222214,54,3002.481481481482
15,0.3062,41.47916666666666,48,5185.812499999999
16,0.3266,27.346938775510193,49,3694.897959183674
17,0.347,50.09090909090909,44,11014.772727272728
18,0.36740000000000006,43.06451612903226,31,6624.999999999999
19,0.38780000000000003,30.64705882352941,17,1860.0588235294117
20,0.4082,38.411764705882355,17,4403.117647058823
21,0.4286,52.294117647058826,17,7016.647058823528
22,0.44900000000000007,21.6,20,1159.6000000000001
23,0.46940000000000004,16.055555555555554,18,801.7222222222222
24,0.4898,36.30555555555556,36,7248.027777777778
25,0.75,38.083333333333336,48,5496.458333333334
