,voc_bin,rtmean,rtcount,rt_squaredmean
0,0.00020000000000000052,1.5439425477791133,11084132,4.472723078361036
1,0.0206,1.6797999368684176,2594581,5.08586665823884
2,0.041,1.8153470953395088,1255534,5.821830392486399
3,0.06140000000000001,1.9070099618543925,654597,6.346486464190949
4,0.08180000000000001,1.961160656069279,375753,6.710493329394604
5,0.10220000000000001,1.9979407042705797,233575,7.012544150701056
6,0.12260000000000001,2.0452331696941024,154201,7.3445502947451775
7,0.14300000000000002,2.090766763765408,105391,7.719577573037553
8,0.1634,2.1210659435216757,76702,7.86999035227243
9,0.18380000000000002,2.1510532536151272,57536,8.197458982202448
10,0.2042,2.16827149686891,44553,8.30945166430992
11,0.22460000000000002,2.1672712169458523,36115,8.302118233420979
12,0.245,2.186448724905038,29488,8.311923494302722
13,0.26539999999999997,2.1789967520750686,24939,8.410601868559292
14,0.28580000000000005,2.2164043583535062,19824,8.703188054882956
15,0.3062,2.192321981424147,16150,8.4225386996904
16,0.3266,2.2246244336698218,12581,8.62268500119226
17,0.347,2.2740355174525395,9798,9.295876709532552
18,0.36740000000000006,2.270995059985877,7085,8.868031051517287
19,0.38780000000000003,2.3530371713508638,5515,9.65131459655484
20,0.4082,2.34411354118194,4298,10.117031177291784
21,0.4286,2.236748064324004,3358,8.604228707563998
22,0.44900000000000007,2.233944954128432,2834,9.243824982357093
23,0.46940000000000004,2.240404745289599,2866,8.807745987438974
24,0.4898,2.236356003358516,2382,10.32367758186397
25,0.75,2.309864387887797,10766,10.014304291287374
