,voc_bin,rtmean,rtcount,rt_squaredmean
0,0.00020000000000000052,9.244469302351796,3421223,306.213958283339
1,0.0206,12.703929158459648,656451,464.2965872547985
2,0.041,13.515460038049033,382664,513.2680732966793
3,0.06140000000000001,14.730594853669198,216154,588.2944613562553
4,0.08180000000000001,15.179974126402685,137592,621.7173018780147
5,0.10220000000000001,15.47804466737295,92506,651.9189025576723
6,0.12260000000000001,15.798412599987538,64508,681.3130154399447
7,0.14300000000000002,16.01276550776704,47315,684.3934481665441
8,0.1634,16.50349889059553,35154,742.7469420265096
9,0.18380000000000002,16.76979185853752,27145,746.474562534536
10,0.2042,17.364104502291344,21167,780.688619076867
11,0.22460000000000002,17.846944702602276,17216,811.540137081785
12,0.245,17.73521705261676,14121,790.9532611004887
13,0.26539999999999997,17.8531802564318,11933,809.4430570686337
14,0.28580000000000005,17.880737663390406,9869,810.620630256357
15,0.3062,17.96188421431139,8343,861.4220304446854
16,0.3266,18.25105209693796,6891,898.5636337251492
17,0.347,18.496352900312576,5758,910.9513720041693
18,0.36740000000000006,17.975438596491223,4560,837.8798245614025
19,0.38780000000000003,18.643995749203,3764,967.0047821466516
20,0.4082,17.611492001305905,3063,844.3826314071176
21,0.4286,18.449485322150252,2623,880.5867327487596
22,0.44900000000000007,17.932422717469493,2782,863.6261682242995
23,0.46940000000000004,15.377889447236184,2985,674.1691792294791
24,0.4898,14.054986020503266,3219,661.7915501708594
25,0.75,17.930340864050727,10092,808.2460364645253
