,voc_bin,rtmean,rtcount,rt_squaredmean
0,0.00020000000000000052,4.614690576972704,659130,152.8244549633607
1,0.0206,6.506265713973409,100627,232.53452850626527
2,0.041,6.665959862423616,59894,246.60418405850376
3,0.06140000000000001,7.59368592351505,30725,278.70698128559803
4,0.08180000000000001,7.52777777777779,20124,250.2503975352807
5,0.10220000000000001,7.935360376941778,13583,301.5824192004702
6,0.12260000000000001,7.6946907163966145,9813,272.4023234484866
7,0.14300000000000002,7.747644124168533,7216,289.2939301552101
8,0.1634,8.165774413882218,5417,395.3919143437309
9,0.18380000000000002,8.090211132437616,4168,312.2322456813812
10,0.2042,8.180615384615384,3250,280.7640000000002
11,0.22460000000000002,8.524615990547476,2539,315.88184324537264
12,0.245,8.656885944155219,2113,286.1476573592051
13,0.26539999999999997,9.188490898414553,1703,484.53787433939976
14,0.28580000000000005,8.545454545454538,1529,271.86396337475406
15,0.3062,8.855106888361053,1263,296.9802058590663
16,0.3266,9.096924510717635,1073,340.2059645852743
17,0.347,9.635198135198127,858,452.6165501165507
18,0.36740000000000006,9.135338345864659,665,350.2631578947369
19,0.38780000000000003,9.616438356164366,584,320.6198630136985
20,0.4082,9.734309623430981,478,357.1192468619245
21,0.4286,9.781021897810211,411,355.7956204379563
22,0.44900000000000007,7.927480916030533,524,214.90839694656503
23,0.46940000000000004,6.864902506963791,718,193.08774373259016
24,0.4898,6.324290998766948,811,200.54130702836008
25,0.75,10.012071156289718,1574,383.054002541296
