,voc_bin,rtmean,rtcount,rt_squaredmean
0,0.00020000000000000052,7.393916056988831,2597,2497.007316134002
1,0.0206,13.796703296703305,364,4119.005494505496
2,0.041,12.465116279069768,215,1435.6186046511632
3,0.06140000000000001,9.059829059829061,117,304.2393162393165
4,0.08180000000000001,7.237288135593216,59,255.67796610169486
5,0.10220000000000001,9.878048780487802,41,301.1463414634147
6,0.12260000000000001,3.729729729729731,37,46.1081081081081
7,0.14300000000000002,11.384615384615383,26,432.99999999999994
8,0.1634,9.25,24,208.16666666666666
9,0.18380000000000002,12.100000000000001,20,405.70000000000005
10,0.2042,11.88888888888889,18,548.1111111111112
11,0.22460000000000002,4.333333333333333,9,26.77777777777777
12,0.245,3.4999999999999996,12,15.000000000000004
13,0.26539999999999997,19.57142857142857,7,1871.8571428571427
14,0.28580000000000005,14.66666666666667,6,331.33333333333337
15,0.3062,10.4,5,239.60000000000002
16,0.3266,19.0,1,361.0
17,0.347,10.333333333333334,6,273.00000000000006
18,0.36740000000000006,7.25,4,120.25
19,0.38780000000000003,7.0,2,50.0
20,0.4082,7.2,5,105.2
21,0.4286,2.5,2,12.5
22,0.44900000000000007,11.0,3,241.66666666666666
23,0.46940000000000004,3.3333333333333335,3,17.999999999999996
24,0.4898,0.0,0,0.0
25,0.75,2.333333333333333,3,7.0
