,voc_bin,rtmean,rtcount,rt_squaredmean
0,0.00020000000000000052,3.2622274821763346,8938819,27.574889591119327
1,0.0206,3.8378810529925294,2067593,34.61270859400286
2,0.041,4.353563805227345,1056904,42.558528494546266
3,0.06140000000000001,4.729558464549713,582943,49.29305095009291
4,0.08180000000000001,4.943833896129269,358330,53.47471325314657
5,0.10220000000000001,5.087348234405427,235643,56.61491323739715
6,0.12260000000000001,5.255189442211545,163216,60.28859303009501
7,0.14300000000000002,5.399292038446943,116108,64.10415302993756
8,0.1634,5.514151486539398,86846,66.8158579554614
9,0.18380000000000002,5.590165907073996,66483,68.37791615901817
10,0.2042,5.687704463277912,52271,70.77526735666041
11,0.22460000000000002,5.753870078461853,42441,72.52364458895866
12,0.245,5.833561800319846,35016,74.77113319625307
13,0.26539999999999997,5.796511627906973,30100,74.17192691029898
14,0.28580000000000005,5.8495532087733615,24620,74.33021933387468
15,0.3062,5.89785661492978,20295,75.31781226903192
16,0.3266,5.876838693592631,16044,75.57105459985063
17,0.347,5.801259566326543,12544,76.03611288265328
18,0.36740000000000006,6.138808991157991,9387,83.62746351336952
19,0.38780000000000003,6.122750033834075,7389,83.28149952632306
20,0.4082,6.065787159190853,5685,80.44995602462633
21,0.4286,6.1001053740779705,4745,79.43919915700714
22,0.44900000000000007,6.157300672430373,4164,85.90273775216122
23,0.46940000000000004,5.930119308497676,4107,86.93766739712694
24,0.4898,5.4073183760683685,3744,72.60603632478632
25,0.75,6.169761452968267,14756,85.54506641366197
