,voc_bin,rtmean,rtcount,rt_squaredmean
0,0.00020000000000000052,3.25279776192967,7183331,27.507796731071
1,0.0206,3.835897547349669,1656453,34.666580941324725
2,0.041,4.350441800376408,846423,42.69645791761332
3,0.06140000000000001,4.720933622276955,466527,49.18079553809333
4,0.08180000000000001,4.916674817992524,286252,53.063503486438435
5,0.10220000000000001,5.1250845344266285,189272,57.77549241303511
6,0.12260000000000001,5.262620924194035,130557,61.383411077154044
7,0.14300000000000002,5.370406500578885,93284,62.09745508340116
8,0.1634,5.488756159046634,69816,65.37588804858487
9,0.18380000000000002,5.624276269097154,53542,70.60309663441764
10,0.2042,5.661703576712603,42581,69.43254033489127
11,0.22460000000000002,5.715674789128388,34144,71.72410965323336
12,0.245,5.825210440687549,28274,74.23873523378383
13,0.26539999999999997,5.756869309598658,24493,72.39035642836743
14,0.28580000000000005,5.983958837772408,19824,79.99596448748989
15,0.3062,5.80652581875418,16519,74.13293782916668
16,0.3266,5.778421924408981,13282,73.26313808161434
17,0.347,5.937230474365112,10435,79.31969333972174
18,0.36740000000000006,6.050468540829979,7470,78.59879518072282
19,0.38780000000000003,6.068971360786304,5901,78.22962209794936
20,0.4082,6.363311760767691,4481,88.09105110466426
21,0.4286,6.271955425842409,3769,85.69461395595658
22,0.44900000000000007,5.946098868374024,3358,76.5136986301368
23,0.46940000000000004,5.673234313428301,3299,74.45043952712959
24,0.4898,5.461984316399608,2933,77.41561541084187
25,0.75,6.315399511661187,11877,89.74606382082963
