,voc_bin,rtmean,rtcount,rt_squaredmean
0,0.00020000000000000052,1.5537663013922258,11553231,4.567587283591928
1,0.0206,1.6866067042372774,2674786,5.1603111426483945
2,0.041,1.8212532762969216,1294144,5.90249616735077
3,0.06140000000000001,1.9180553692025613,670770,6.501984286715265
4,0.08180000000000001,1.96771985501159,385686,6.813755230939169
5,0.10220000000000001,2.0071853537356734,239515,7.118138738701119
6,0.12260000000000001,2.0578740582295065,157549,7.5275374645348645
7,0.14300000000000002,2.0895175479211074,107990,7.734355032873392
8,0.1634,2.1285997257351843,78756,7.964421758342201
9,0.18380000000000002,2.1472547862022506,59285,8.219144808973557
10,0.2042,2.1865405019162902,46183,8.505055972977098
11,0.22460000000000002,2.17517525552524,37374,8.296275485631746
12,0.245,2.2176210289941327,30282,8.870880390991333
13,0.26539999999999997,2.1895935338462738,25734,8.582303567265049
14,0.28580000000000005,2.202397260273977,20440,8.553767123287646
15,0.3062,2.1999272109668726,16486,8.515225039427373
16,0.3266,2.26129158512719,12775,9.04031311154603
17,0.347,2.2515006002400932,9996,9.033613445378199
18,0.36740000000000006,2.2698370645118615,7549,9.107828851503523
19,0.38780000000000003,2.279763970843452,5762,9.173550850399156
20,0.4082,2.281315119240567,4319,9.334336652002813
21,0.4286,2.3233333333333346,3600,9.417222222222208
22,0.44900000000000007,2.2561877209900274,3111,8.81999357119897
23,0.46940000000000004,2.251846640872308,2843,9.602532536053486
24,0.4898,2.240313111545987,2555,10.20508806262233
25,0.75,2.3464332277891664,10738,10.155522443658038
