,voc_bin,rtmean,rtcount,rt_squaredmean
0,0.00020000000000000052,3.301733845940986,8550529,28.021511534549578
1,0.0206,3.871976559095446,1968866,34.98487301827566
2,0.041,4.375060672759355,1009514,43.19726620928481
3,0.06140000000000001,4.743541576410799,556289,49.491925959348485
4,0.08180000000000001,4.935693168805062,342312,53.294161466732135
5,0.10220000000000001,5.093995872134233,224329,56.78465557284137
6,0.12260000000000001,5.278920574212129,154786,61.68006796480297
7,0.14300000000000002,5.3813564717545725,109947,63.73603645392784
8,0.1634,5.534436228534082,82631,67.06362019096953
9,0.18380000000000002,5.626483567252399,62771,68.06483885870851
10,0.2042,5.652527728660983,49768,69.2812047902267
11,0.22460000000000002,5.722819623389471,40360,71.04422695738366
12,0.245,5.832885625596929,33504,74.69517072588332
13,0.26539999999999997,5.709398744058567,28823,72.15314158831445
14,0.28580000000000005,5.797143590182165,23386,72.87838877961157
15,0.3062,5.978683483608688,19187,79.00698389534597
16,0.3266,5.941499803690647,15282,79.12105745321296
17,0.347,5.922040103169995,12019,79.20201347865873
18,0.36740000000000006,6.002330743618203,9010,78.32153163152032
19,0.38780000000000003,6.021533923303845,6780,79.59292035398214
20,0.4082,6.148141366050156,5461,83.39443325398265
21,0.4286,6.078877596111328,4526,81.35947856827205
22,0.44900000000000007,6.013930348258689,4020,83.77114427860674
23,0.46940000000000004,5.872447693471143,3967,79.63851777161578
24,0.4898,5.360875912408766,3425,69.67445255474443
25,0.75,6.234579176619362,14234,85.30567654910804
