,voc_bin,rtmean,rtcount,rt_squaredmean
0,0.00020000000000000052,14.199731152682878,8927,2358.0032485717484
1,0.0206,21.500349895031476,1429,2894.505248425472
2,0.041,25.65954922894426,843,4759.797153024914
3,0.06140000000000001,21.80321285140563,498,1795.2409638554211
4,0.08180000000000001,24.50759878419451,329,1885.5957446808516
5,0.10220000000000001,31.23148148148147,216,6984.87962962963
6,0.12260000000000001,20.48214285714287,168,2217.648809523806
7,0.14300000000000002,24.606060606060613,132,1779.5909090909104
8,0.1634,23.65476190476191,84,1931.6071428571433
9,0.18380000000000002,16.675324675324685,77,605.1688311688312
10,0.2042,26.69333333333334,75,2304.8799999999997
11,0.22460000000000002,41.340425531914875,47,15034.787234042555
12,0.245,17.906249999999996,32,1186.5312499999998
13,0.26539999999999997,18.812499999999996,32,1002.125
14,0.28580000000000005,31.620689655172413,29,2864.5172413793107
15,0.3062,46.52380952380952,21,16017.476190476189
16,0.3266,28.388888888888886,18,1920.611111111111
17,0.347,36.588235294117645,17,4202.117647058823
18,0.36740000000000006,18.923076923076927,13,769.5384615384617
19,0.38780000000000003,12.142857142857144,7,169.28571428571428
20,0.4082,61.624999999999986,8,12525.875000000002
21,0.4286,60.81818181818182,11,9721.909090909092
22,0.44900000000000007,15.749999999999998,8,415.5
23,0.46940000000000004,7.0,6,133.33333333333334
24,0.4898,11.266666666666667,15,283.5333333333333
25,0.75,20.947368421052634,19,927.5789473684209
