,voc_bin,elo_bin,rtmean,rtcount,rt_squaredmean
0,0.0007894736842105274,625.0,13.823018409326226,22217,617.3722824863855
1,0.0007894736842105274,1387.5,14.601869592986123,51669,566.8912113646497
2,0.0007894736842105274,1662.5,15.772220875327621,86619,647.0217388794606
3,0.0007894736842105274,2400.0,16.701222116363876,60878,789.5546338578788
4,0.022368421052631583,625.0,16.44571654165021,5066,758.2143703118834
5,0.022368421052631583,1387.5,17.577795527156496,12520,725.4011182108615
6,0.022368421052631583,1662.5,18.79221907287186,21874,815.4381000274278
7,0.022368421052631583,2400.0,21.3929228232608,15769,1118.8148265584355
8,0.04394736842105264,625.0,16.7766812865497,2736,586.5076754385954
9,0.04394736842105264,1387.5,18.389616185659012,6722,794.3744421303184
10,0.04394736842105264,1662.5,19.638800619245398,12273,869.6417338873938
11,0.04394736842105264,2400.0,23.04339096486337,8965,1255.9118795315096
12,0.0655263157894737,625.0,18.57941988950276,1448,805.6540055248605
13,0.0655263157894737,1387.5,19.182435832913917,3974,813.2015601409149
14,0.0655263157894737,1662.5,20.63623516110797,7076,919.0121537591875
15,0.0655263157894737,2400.0,22.95118201037865,5203,1210.5917739765507
16,0.08710526315789476,625.0,18.858895705521487,815,781.6515337423319
17,0.08710526315789476,1387.5,19.292806058056367,2377,786.1241060159848
18,0.08710526315789476,1662.5,22.368373561921942,4433,1147.5991427926913
19,0.08710526315789476,2400.0,24.122009569377973,3344,1397.7649521531093
20,0.1086842105263158,625.0,19.44007155635062,559,723.9588550983909
21,0.1086842105263158,1387.5,20.388499298737703,1426,972.0084151472648
22,0.1086842105263158,1662.5,22.085158150851566,2877,1017.1466805700397
23,0.1086842105263158,2400.0,24.130474040632052,2215,1306.6604966139942
24,0.13026315789473686,625.0,17.643835616438377,365,674.4273972602741
25,0.13026315789473686,1387.5,21.01065891472869,1032,983.8343023255812
26,0.13026315789473686,1662.5,24.64751327860936,2071,1478.500724287783
27,0.13026315789473686,2400.0,25.731522425773868,1583,1419.2994314592547
28,0.1518421052631579,625.0,18.5673469387755,245,718.0285714285718
29,0.1518421052631579,1387.5,23.058344640434196,737,1235.4952510176377
30,0.1518421052631579,1662.5,24.47250509164969,1473,1347.625254582483
31,0.1518421052631579,2400.0,25.35745807590464,1133,1481.8058252427186
32,0.17342105263157898,625.0,19.748633879781416,183,731.224043715847
33,0.17342105263157898,1387.5,21.254789272030653,522,963.6992337164751
34,0.17342105263157898,1662.5,23.18418604651168,1075,1098.5665116279094
35,0.17342105263157898,2400.0,26.261099365750535,946,1588.705073995774
36,0.195,625.0,20.57142857142858,147,818.7210884353742
37,0.195,1387.5,21.35108958837774,413,926.1694915254237
38,0.195,1662.5,23.106235565819873,866,1209.14780600462
39,0.195,2400.0,25.630936227951153,737,1615.2971506105825
40,0.2165789473684211,625.0,20.771929824561415,114,987.2807017543863
41,0.2165789473684211,1387.5,22.513846153846153,325,1151.4369230769219
42,0.2165789473684211,1662.5,25.685925925925943,675,1493.7837037037011
43,0.2165789473684211,2400.0,25.437050359712213,556,1465.0089928057541
44,0.23815789473684212,625.0,21.963302752293583,109,954.8990825688077
45,0.23815789473684212,1387.5,21.865384615384603,260,913.3807692307702
46,0.23815789473684212,1662.5,24.713754646840126,538,1403.2156133828985
47,0.23815789473684212,2400.0,27.11778846153847,416,1572.1418269230767
48,0.25973684210526315,625.0,24.10256410256409,78,1124.4615384615383
49,0.25973684210526315,1387.5,23.185483870967747,248,1100.1451612903222
50,0.25973684210526315,1662.5,23.364628820960686,458,1030.2860262008755
51,0.25973684210526315,2400.0,27.00000000000001,406,1667.0541871921153
52,0.28131578947368424,625.0,19.84285714285713,70,719.0714285714281
53,0.28131578947368424,1387.5,22.819875776397502,161,1144.472049689441
54,0.28131578947368424,1662.5,25.405213270142166,422,1325.116113744075
55,0.28131578947368424,2400.0,24.292834890965754,321,1457.8691588785057
56,0.3028947368421053,625.0,20.816326530612248,49,841.2244897959183
57,0.3028947368421053,1387.5,21.683544303797476,158,967.4430379746835
58,0.3028947368421053,1662.5,25.860068259385653,293,1454.7269624573369
59,0.3028947368421053,2400.0,25.22140221402216,271,1330.535055350554
60,0.32447368421052636,625.0,21.978260869565208,46,707.2826086956521
61,0.32447368421052636,1387.5,26.98333333333334,120,2045.5333333333356
62,0.32447368421052636,1662.5,24.814814814814817,216,1670.9907407407404
63,0.32447368421052636,2400.0,28.978165938864635,229,1811.5109170305668
64,0.3460526315789474,625.0,23.024390243902438,41,1201.6097560975609
65,0.3460526315789474,1387.5,19.463157894736845,95,863.9894736842101
66,0.3460526315789474,1662.5,23.514285714285737,210,941.6095238095235
67,0.3460526315789474,2400.0,24.47651006711409,149,1244.5704697986573
68,0.3676315789473684,625.0,21.4375,16,827.4375
69,0.3676315789473684,1387.5,22.133333333333326,60,1027.833333333333
70,0.3676315789473684,1662.5,26.391304347826093,138,1426.1014492753627
71,0.3676315789473684,2400.0,28.477477477477468,111,2277.702702702702
72,0.3892105263157895,625.0,15.719999999999999,25,390.99999999999994
73,0.3892105263157895,1387.5,23.01666666666666,60,1115.7499999999993
74,0.3892105263157895,1662.5,27.367924528301902,106,1404.7075471698117
75,0.3892105263157895,2400.0,26.140845070422532,71,1636.9014084507055
76,0.7,625.0,19.324324324324323,74,618.0810810810809
77,0.7,1387.5,22.69599999999998,250,1043.488
78,0.7,1662.5,25.431718061674054,454,1389.1497797356847
79,0.7,2400.0,23.84802431610941,329,1240.9908814589664
