,voc_bin,rtmean,rtcount,rt_squaredmean
0,0.0007894736842105274,23.25333971750049,146195,1429.2228872396415
1,0.022368421052631583,28.414846453287208,36992,1905.6070501730078
2,0.04394736842105264,30.368293510396004,20633,2094.721223283096
3,0.0655263157894737,31.002413247898815,12017,2128.6519097944524
4,0.08710526315789476,31.976510989011096,7280,2367.534752747246
5,0.1086842105263158,33.552267404726386,4697,2609.113689589095
6,0.13026315789473686,32.87014970974634,3273,2358.620837152461
7,0.1518421052631579,33.544019933554836,2408,2437.604651162792
8,0.17342105263157898,34.806236080178046,1796,2729.878619153672
9,0.195,34.373004354136576,1378,2514.625544267051
10,0.2165789473684211,35.48876404494382,1068,2887.488764044944
11,0.23815789473684212,34.905202312138755,865,2681.4554913294824
12,0.25973684210526315,33.2603878116343,722,2184.346260387813
13,0.28131578947368424,34.22770700636941,628,2609.883757961783
14,0.3028947368421053,37.24236252545823,491,3161.7963340122224
15,0.32447368421052636,40.39999999999999,360,3886.7777777777815
16,0.3460526315789474,36.64705882352941,306,2845.228758169934
17,0.3676315789473684,38.72811059907835,217,3385.244239631336
18,0.3892105263157895,35.784090909090935,176,2440.4545454545464
19,0.7,37.13131313131312,693,3692.640692640694
