,voc_bin,elo_bin,rtmean,rtcount,rt_squaredmean
0,0.0007894736842105274,625.0,6.359932048964588,863563,87.78066452592347
1,0.0007894736842105274,1387.5,6.227322554854753,1125700,88.25415030647612
2,0.0007894736842105274,1662.5,6.210213592232998,1030000,91.67979611650455
3,0.0007894736842105274,2400.0,6.127940786343222,949916,94.83901208106809
4,0.022368421052631583,625.0,7.357207819413667,195718,106.42304744581509
5,0.022368421052631583,1387.5,7.227947155974168,270532,107.95594236541356
6,0.022368421052631583,1662.5,7.289711991784535,257076,114.6575020616471
7,0.022368421052631583,2400.0,7.424613016334561,245553,124.09417926068899
8,0.04394736842105264,625.0,7.659350582688547,105202,113.7992528659151
9,0.04394736842105264,1387.5,7.62970231592008,148278,118.13375551329254
10,0.04394736842105264,1662.5,7.776967727600953,144024,128.9020718769098
11,0.04394736842105264,2400.0,8.018633672341965,141196,143.52721748491464
12,0.0655263157894737,625.0,7.984275814868695,58445,121.67403541791417
13,0.0655263157894737,1387.5,7.953051310237223,84603,128.47856458990836
14,0.0655263157894737,1662.5,8.175528154246184,83451,142.39321278354916
15,0.0655263157894737,2400.0,8.471066498176027,83882,158.45330345008446
16,0.08710526315789476,625.0,8.237686056333903,34331,131.28426203722566
17,0.08710526315789476,1387.5,8.253145572825394,51342,141.6493903626662
18,0.08710526315789476,1662.5,8.519780935238039,52222,150.94040825705582
19,0.08710526315789476,2400.0,8.775597587311088,53716,170.11892173653993
20,0.1086842105263158,625.0,8.37942679810149,21912,133.29892296458559
21,0.1086842105263158,1387.5,8.3781594198501,32957,141.7916982735078
22,0.1086842105263158,1662.5,8.7172443549547,34765,157.09049331223937
23,0.1086842105263158,2400.0,9.159976842917786,36274,186.23126757457075
24,0.13026315789473686,625.0,8.603638137719523,14348,139.95839141343666
25,0.13026315789473686,1387.5,8.651988825329232,22551,150.7154893352842
26,0.13026315789473686,1662.5,8.910113764220565,23997,164.57448847772613
27,0.13026315789473686,2400.0,9.252945090211778,25551,187.64298853273831
28,0.1518421052631579,625.0,8.526930943800526,10267,138.6434206681596
29,0.1518421052631579,1387.5,8.753112288918988,16226,153.05250831998012
30,0.1518421052631579,1662.5,9.314102196478725,17437,183.21465848483044
31,0.1518421052631579,2400.0,9.425288567965039,18973,195.8231170610867
32,0.17342105263157898,625.0,8.804443261939618,7517,146.79459890913867
33,0.17342105263157898,1387.5,8.893404781533375,12130,159.67790601813675
34,0.17342105263157898,1662.5,9.359722645534957,13124,181.62138067662258
35,0.17342105263157898,2400.0,9.568335402013545,14502,201.3782926492898
36,0.195,625.0,9.025170068027196,5880,153.04591836734664
37,0.195,1387.5,9.147498375568532,9234,166.60428849902502
38,0.195,1662.5,9.450949522778703,10163,185.0075765030014
39,0.195,2400.0,9.455385167249577,11151,193.39888799210848
40,0.2165789473684211,625.0,8.834411961615716,4481,139.81365766569922
41,0.2165789473684211,1387.5,9.149649784482742,7424,165.19867995689654
42,0.2165789473684211,1662.5,9.442944631921051,8001,184.80127484064585
43,0.2165789473684211,2400.0,9.752113929684024,8988,211.54984423676044
44,0.23815789473684212,625.0,8.973103819257654,3718,150.9472834857449
45,0.23815789473684212,1387.5,9.16116441697835,6149,168.05854610505716
46,0.23815789473684212,1662.5,9.42490237308499,6658,177.4053769900869
47,0.23815789473684212,2400.0,9.699933466400548,7515,197.39920159680588
48,0.25973684210526315,625.0,9.333439795592449,3131,173.50974129670982
49,0.25973684210526315,1387.5,9.047637718094471,5101,160.71907469123738
50,0.25973684210526315,1662.5,9.58534356725146,5472,194.06743421052704
51,0.25973684210526315,2400.0,9.571268237934913,6237,212.9777136443807
52,0.28131578947368424,625.0,9.052845528455288,2460,153.5349593495936
53,0.28131578947368424,1387.5,9.437499999999995,4288,179.24486940298507
54,0.28131578947368424,1662.5,9.94581280788178,4669,202.8222317412716
55,0.28131578947368424,2400.0,9.803557617942745,5172,209.15815931941145
56,0.3028947368421053,625.0,9.19161676646705,2004,158.68263473053887
57,0.3028947368421053,1387.5,9.268768768768725,3330,167.31321321321317
58,0.3028947368421053,1662.5,9.731707317073173,3731,196.68426695255965
59,0.3028947368421053,2400.0,9.748414855072447,4416,222.197690217391
60,0.32447368421052636,625.0,9.089175891758916,1626,156.25522755227558
61,0.32447368421052636,1387.5,9.478916827853,2585,179.40386847195379
62,0.32447368421052636,1662.5,9.341700133868812,2988,177.9494645247659
63,0.32447368421052636,2400.0,9.663360560093341,3428,208.707701283547
64,0.3460526315789474,625.0,9.290767903364975,1159,161.47368421052616
65,0.3460526315789474,1387.5,9.53059226627509,2043,174.45570239843337
66,0.3460526315789474,1662.5,9.725842696629194,2225,197.87235955056178
67,0.3460526315789474,2400.0,9.105818039828174,2561,177.64935572042157
68,0.3676315789473684,625.0,9.927631578947361,912,185.94298245614038
69,0.3676315789473684,1387.5,9.64713627386437,1519,181.01514154048704
70,0.3676315789473684,1662.5,9.225209080047781,1674,172.05555555555515
71,0.3676315789473684,2400.0,9.58586387434556,1910,203.68848167539207
72,0.3892105263157895,625.0,9.366568914956007,682,155.83284457478
73,0.3892105263157895,1387.5,9.813716404077857,1079,184.82205746061146
74,0.3892105263157895,1662.5,10.080414012738855,1256,221.2444267515919
75,0.3892105263157895,2400.0,9.953212290502771,1432,212.75628491620145
76,0.7,625.0,9.110014104372365,3545,157.18053596614976
77,0.7,1387.5,9.229423678880513,5431,173.82010679432892
78,0.7,1662.5,10.049601417183357,5645,213.76616474756406
79,0.7,2400.0,9.810797258900207,5983,213.78606050476392
