,voc_bin,rtmean,rtcount,rt_squaredmean
0,0.0007894736842105274,23.095456707897196,126120,1402.272304154774
1,0.022368421052631583,27.89225663024078,31937,1828.0676644644138
2,0.04394736842105264,30.011389906963636,17735,2120.690160699177
3,0.0655263157894737,30.958468899521627,10450,2260.0639234449777
4,0.08710526315789476,31.64027431421446,6416,2359.8307356608448
5,0.1086842105263158,32.496637848222875,4164,2346.056195965412
6,0.13026315789473686,33.52526641457554,2909,2639.6689584049423
7,0.1518421052631579,33.89033816425118,2070,2668.337681159412
8,0.17342105263157898,34.98285714285712,1575,3090.5955555555556
9,0.195,34.18578352180937,1238,2553.08239095315
10,0.2165789473684211,35.8404907975461,978,2988.1145194274013
11,0.23815789473684212,37.47887323943666,781,3344.9590268886054
12,0.25973684210526315,35.91846153846155,650,2797.7461538461557
13,0.28131578947368424,33.06508875739647,507,2325.644970414196
14,0.3028947368421053,36.40000000000001,455,3065.6219780219753
15,0.32447368421052636,36.849056603773626,371,2904.5202156334262
16,0.3460526315789474,34.99215686274514,255,2681.3529411764703
17,0.3676315789473684,37.67692307692309,195,2788.6410256410277
18,0.3892105263157895,37.29870129870129,154,2877.2727272727275
19,0.7,35.70149253731344,670,3077.3820895522394
