,voc_bin,rtmean,rtcount,rt_squaredmean
0,0.0007894736842105274,42.320759988823724,3579,5523.939089131046
1,0.022368421052631583,51.19758507135018,911,6568.1372118551035
2,0.04394736842105264,56.026548672566356,565,6843.435398230084
3,0.0655263157894737,56.00615384615385,325,6966.9907692307725
4,0.08710526315789476,53.73575129533679,193,5421.83937823834
5,0.1086842105263158,66.34027777777781,144,11588.145833333336
6,0.13026315789473686,70.58095238095235,105,9903.8
7,0.1518421052631579,50.69090909090908,55,5162.254545454545
8,0.17342105263157898,56.456521739130444,46,6248.543478260869
9,0.195,71.45945945945947,37,14591.027027027021
10,0.2165789473684211,38.22727272727273,22,2272.1363636363635
11,0.23815789473684212,68.27999999999999,25,8257.08
12,0.25973684210526315,54.3125,16,4967.312499999999
13,0.28131578947368424,68.9090909090909,11,10226.18181818182
14,0.3028947368421053,63.79999999999999,10,11539.999999999996
15,0.32447368421052636,60.6,10,5087.199999999999
16,0.3460526315789474,36.0,8,2188.5
17,0.3676315789473684,64.25,4,6256.25
18,0.3892105263157895,72.66666666666667,3,6951.333333333333
19,0.7,73.84615384615385,13,16199.384615384615
