,voc_bin,elo_bin,rtmean,rtcount,rt_squaredmean
0,0.0007894736842105274,625.0,25.71356783919598,199,1481.6432160804022
1,0.0007894736842105274,1387.5,28.802603036876366,461,2455.4446854663784
2,0.0007894736842105274,1662.5,38.51176765147726,1997,4585.3850776164245
3,0.0007894736842105274,2400.0,46.38154897494306,878,5926.850797266513
4,0.022368421052631583,625.0,49.4,55,15587.909090909088
5,0.022368421052631583,1387.5,29.19277108433735,83,2114.855421686748
6,0.022368421052631583,1662.5,48.46897810218977,548,5567.925182481754
7,0.022368421052631583,2400.0,57.198275862068954,232,6947.094827586206
8,0.04394736842105264,625.0,34.00000000000001,35,2387.142857142857
9,0.04394736842105264,1387.5,44.55172413793103,58,15206.448275862062
10,0.04394736842105264,1662.5,49.39931740614335,293,7442.000000000003
11,0.04394736842105264,2400.0,57.9,130,7013.361538461538
12,0.0655263157894737,625.0,39.45000000000001,20,2866.5499999999997
13,0.0655263157894737,1387.5,35.42857142857142,28,2602.428571428572
14,0.0655263157894737,1662.5,51.73717948717946,156,6661.275641025638
15,0.0655263157894737,2400.0,67.0,81,15448.604938271603
16,0.08710526315789476,625.0,49.4,5,3271.8
17,0.08710526315789476,1387.5,37.555555555555564,18,3057.3333333333335
18,0.08710526315789476,1662.5,49.384615384615394,104,5750.019230769231
19,0.08710526315789476,2400.0,60.244897959183675,49,10397.918367346938
20,0.1086842105263158,625.0,42.50000000000001,6,2793.166666666667
21,0.1086842105263158,1387.5,43.214285714285715,14,2369.3571428571436
22,0.1086842105263158,1662.5,61.249999999999986,68,9626.19117647059
23,0.1086842105263158,2400.0,71.36666666666667,30,11332.300000000001
24,0.13026315789473686,625.0,13.999999999999998,3,248.66666666666663
25,0.13026315789473686,1387.5,22.090909090909086,11,752.8181818181818
26,0.13026315789473686,1662.5,59.22857142857142,35,5999.514285714286
27,0.13026315789473686,2400.0,73.31578947368422,19,9897.947368421053
28,0.1518421052631579,625.0,10.75,4,138.25
29,0.1518421052631579,1387.5,41.875,8,2743.125
30,0.1518421052631579,1662.5,62.67999999999999,25,13450.919999999998
31,0.1518421052631579,2400.0,93.46153846153848,13,13257.615384615387
32,0.17342105263157898,625.0,53.0,1,2809.0
33,0.17342105263157898,1387.5,40.0,4,2340.5
34,0.17342105263157898,1662.5,42.375,16,2929.875
35,0.17342105263157898,2400.0,162.2222222222222,9,67103.11111111111
36,0.195,625.0,6.5,2,48.5
37,0.195,1387.5,33.0,3,1696.9999999999998
38,0.195,1662.5,54.36363636363636,22,4938.727272727273
39,0.195,2400.0,73.0,18,9646.777777777776
40,0.2165789473684211,625.0,14.5,2,240.5
41,0.2165789473684211,1387.5,29.5,4,1015.5
42,0.2165789473684211,1662.5,47.29411764705882,17,4540.352941176471
43,0.2165789473684211,2400.0,85.53846153846155,13,16544.461538461535
44,0.23815789473684212,625.0,9.0,2,85.0
45,0.23815789473684212,1387.5,23.0,2,818.0
46,0.23815789473684212,1662.5,31.874999999999996,8,1339.875
47,0.23815789473684212,2400.0,79.54545454545456,11,16487.363636363636
48,0.25973684210526315,625.0,0.0,0,0.0
49,0.25973684210526315,1387.5,47.25,4,4443.25
50,0.25973684210526315,1662.5,62.4,10,8149.8
51,0.25973684210526315,2400.0,13.0,1,169.0
52,0.28131578947368424,625.0,20.0,2,521.0
53,0.28131578947368424,1387.5,65.0,1,4225.0
54,0.28131578947368424,1662.5,21.166666666666664,6,624.1666666666667
55,0.28131578947368424,2400.0,28.0,2,1313.0
56,0.3028947368421053,625.0,22.0,1,484.0
57,0.3028947368421053,1387.5,0.0,0,0.0
58,0.3028947368421053,1662.5,52.16666666666667,6,5111.166666666666
59,0.3028947368421053,2400.0,42.0,3,3552.6666666666665
60,0.32447368421052636,625.0,23.0,1,529.0
61,0.32447368421052636,1387.5,0.0,0,0.0
62,0.32447368421052636,1662.5,56.75,8,5037.5
63,0.32447368421052636,2400.0,113.0,1,12769.0
64,0.3460526315789474,625.0,0.0,0,0.0
65,0.3460526315789474,1387.5,15.0,1,225.0
66,0.3460526315789474,1662.5,15.0,1,225.0
67,0.3460526315789474,2400.0,64.0,2,5321.0
68,0.3676315789473684,625.0,0.0,0,0.0
69,0.3676315789473684,1387.5,48.0,1,2304.0
70,0.3676315789473684,1662.5,126.5,2,16422.5
71,0.3676315789473684,2400.0,28.666666666666664,3,1136.6666666666665
72,0.3892105263157895,625.0,0.0,0,0.0
73,0.3892105263157895,1387.5,0.0,0,0.0
74,0.3892105263157895,1662.5,81.0,1,6561.0
75,0.3892105263157895,2400.0,39.0,2,1882.0
76,0.7,625.0,0.0,0,0.0
77,0.7,1387.5,84.5,2,7230.5
78,0.7,1662.5,34.0,1,1156.0
79,0.7,2400.0,96.0,4,14617.5
