,voc_bin,rtmean,rtcount,rt_squaredmean
0,0.0007894736842105274,43.39895085588073,3622,5708.6551628934285
1,0.022368421052631583,54.478974358974334,975,7947.227692307691
2,0.04394736842105264,54.68316831683171,505,7527.748514851484
3,0.0655263157894737,60.429487179487175,312,8533.525641025637
4,0.08710526315789476,51.81249999999998,176,6112.903409090906
5,0.1086842105263158,61.88695652173915,115,7902.147826086959
6,0.13026315789473686,64.5185185185185,81,10928.691358024695
7,0.1518421052631579,84.86206896551725,58,13623.896551724132
8,0.17342105263157898,46.3076923076923,39,3595.0769230769242
9,0.195,55.16666666666665,18,4808.61111111111
10,0.2165789473684211,69.06666666666663,30,10985.8
11,0.23815789473684212,63.88461538461538,26,9231.653846153846
12,0.25973684210526315,78.55555555555556,18,28434.777777777777
13,0.28131578947368424,55.235294117647065,17,6027.117647058823
14,0.3028947368421053,73.09090909090908,11,12774.909090909088
15,0.32447368421052636,52.6,5,6907.8
16,0.3460526315789474,33.75,8,2216.25
17,0.3676315789473684,124.2222222222222,9,25943.55555555555
18,0.3892105263157895,69.33333333333333,3,7192.0
19,0.7,58.42105263157895,19,6897.0526315789475
