,voc_bin,rtmean,rtcount,rt_squaredmean
0,0.0007894736842105274,9.637799801068438,4986640,216.09108898978087
1,0.022368421052631583,11.419618278051104,1207109,270.38203178006285
2,0.04394736842105264,12.067881478113632,668636,309.13712991822223
3,0.0655263157894737,12.557059688142402,382354,322.68594548507264
4,0.08710526315789476,12.967809848358621,234171,342.6390330143347
5,0.1086842105263158,13.317185909851922,152305,364.449138242342
6,0.13026315789473686,13.589915229186373,104871,378.85953218716196
7,0.1518421052631579,13.875837761341508,74902,389.4588395503469
8,0.17342105263157898,14.070847210101716,56149,399.9584320290648
9,0.195,14.18194552886603,43546,402.55699719836474
10,0.2165789473684211,14.43368730882434,34654,426.7915680729505
11,0.23815789473684212,14.434486670448113,28208,415.6371242200791
12,0.25973684210526315,14.633620501158854,22867,437.639349280622
13,0.28131578947368424,14.450407258480263,19398,417.7955974842771
14,0.3028947368421053,14.611410118406884,15793,426.44247451402407
15,0.32447368421052636,14.75313774082657,12509,441.7720840994486
16,0.3460526315789474,14.725123047292946,9346,444.73839075540315
17,0.3676315789473684,14.823933782267133,7128,441.3155162738496
18,0.3892105263157895,15.211359912616047,5493,485.26597487711575
19,0.7,14.662577417818017,25188,446.1211291091003
