,voc_bin,U_bin,clock_bin,rtmean,rtcount,rt_squaredmean
0,0.0007894736842105274,0.1,30.0,1.6207053539713157,1889009,5.066194496691151
1,0.0007894736842105274,0.30000000000000004,30.0,1.7292684296221488,908361,5.635156066806072
2,0.0007894736842105274,0.5,30.0,1.3471638074371624,4492061,3.706937194307903
3,0.0007894736842105274,0.7000000000000001,30.0,1.7605393979409985,1247984,5.381406332132467
4,0.0007894736842105274,0.9,30.0,1.6284104017558623,2458508,4.507420760884242
5,0.022368421052631583,0.1,30.0,1.8450101290215586,536577,6.208160245407466
6,0.022368421052631583,0.30000000000000004,30.0,1.816284375918275,231412,5.9462776346948365
7,0.022368421052631583,0.5,30.0,1.4952026391862576,1019102,4.263720412677041
8,0.022368421052631583,0.7000000000000001,30.0,1.8433102060494286,238535,5.667470182572773
9,0.022368421052631583,0.9,30.0,1.810141701873042,441208,5.3169094848688125
10,0.04394736842105264,0.1,30.0,1.8970532381387177,260659,6.649791490031027
11,0.04394736842105264,0.30000000000000004,30.0,1.8817353841055329,168977,6.347964515880843
12,0.04394736842105264,0.5,30.0,1.7095071785147722,413456,5.254339034867108
13,0.04394736842105264,0.7000000000000001,30.0,1.917929416684641,153039,6.150641339789212
14,0.04394736842105264,0.9,30.0,1.7899160153631843,171579,5.335023516863949
15,0.0655263157894737,0.1,30.0,1.9579235440006935,128623,7.144803029007286
16,0.0655263157894737,0.30000000000000004,30.0,1.927092215346437,118451,6.586723624114634
17,0.0655263157894737,0.5,30.0,1.8541710732264425,189112,6.028015144464631
18,0.0655263157894737,0.7000000000000001,30.0,1.978191852041257,93864,6.529116594221441
19,0.0655263157894737,0.9,30.0,1.824037912350851,64781,5.5114462573903005
20,0.08710526315789476,0.1,30.0,1.9824218749999982,68608,7.344682835820906
21,0.08710526315789476,0.30000000000000004,30.0,1.9833353115726984,84250,7.041590504451055
22,0.08710526315789476,0.5,30.0,1.940147301969034,99795,6.535207174708128
23,0.08710526315789476,0.7000000000000001,30.0,2.0007442536693447,57776,6.60594364441985
24,0.08710526315789476,0.9,30.0,1.7444047532259175,27434,5.188379383247041
25,0.1086842105263158,0.1,30.0,2.0466773561375486,39291,7.903082130767873
26,0.1086842105263158,0.30000000000000004,30.0,2.0105083164930755,64330,7.312824498678671
27,0.1086842105263158,0.5,30.0,2.0307192941556345,55763,7.174129799329324
28,0.1086842105263158,0.7000000000000001,30.0,2.0443846480668384,35305,7.00028324599916
29,0.1086842105263158,0.9,30.0,1.658544229413145,12763,4.8833346391914185
30,0.13026315789473686,0.1,30.0,2.0919387075283105,25517,8.299329858525716
31,0.13026315789473686,0.30000000000000004,30.0,2.0434461668248405,47415,7.485352736475793
32,0.13026315789473686,0.5,30.0,2.096373026237682,33692,7.449275792473001
33,0.13026315789473686,0.7000000000000001,30.0,2.078936859386792,22537,7.325420419754186
34,0.13026315789473686,0.9,30.0,1.5773305084745743,6608,4.74833535108958
35,0.1518421052631579,0.1,30.0,2.1871397392131655,17869,9.189210364318052
36,0.1518421052631579,0.30000000000000004,30.0,2.062306534518499,35213,7.546758299491647
37,0.1518421052631579,0.5,30.0,2.1345775152166095,22344,7.699919441460788
38,0.1518421052631579,0.7000000000000001,30.0,2.10766788598247,14489,7.3944371592241875
39,0.1518421052631579,0.9,30.0,1.461857379767827,3618,3.9151464897733432
40,0.17342105263157898,0.1,30.0,2.1904410135185017,13537,8.866661741892619
41,0.17342105263157898,0.30000000000000004,30.0,2.108965831781385,26311,7.851659001938339
42,0.17342105263157898,0.5,30.0,2.140936713522798,16291,7.687189245595707
43,0.17342105263157898,0.7000000000000001,30.0,2.106587189331177,9898,7.695999191755914
44,0.17342105263157898,0.9,30.0,1.4742063492063453,1512,4.458333333333315
45,0.195,0.1,30.0,2.2354130294955494,10883,9.439492786915373
46,0.195,0.30000000000000004,30.0,2.127498515733233,20212,8.030229566594107
47,0.195,0.5,30.0,2.176832227794855,12362,8.154667529525977
48,0.195,0.7000000000000001,30.0,2.0722909524519313,6709,7.338351468177069
49,0.195,0.9,30.0,1.1220930232558137,516,2.6143410852713194
50,0.2165789473684211,0.1,30.0,2.224869694713316,9401,9.412828422508268
51,0.2165789473684211,0.30000000000000004,30.0,2.1448934060485865,16136,8.235746157659861
52,0.2165789473684211,0.5,30.0,2.1841266679944273,10042,8.042123083051152
53,0.2165789473684211,0.7000000000000001,30.0,2.052059231837106,4322,7.538408144377586
54,0.2165789473684211,0.9,30.0,0.0,0,0.0
55,0.23815789473684212,0.1,30.0,2.2085933749399946,8332,8.785165626500264
56,0.23815789473684212,0.30000000000000004,30.0,2.1917022101589736,12895,8.599146956184558
57,0.23815789473684212,0.5,30.0,2.1590097595810454,8402,7.95739109735775
58,0.23815789473684212,0.7000000000000001,30.0,2.0355247039607938,2449,7.334013883217643
59,0.23815789473684212,0.9,30.0,0.0,0,0.0
60,0.25973684210526315,0.1,30.0,2.2476647638816885,7708,9.3286196159834
61,0.25973684210526315,0.30000000000000004,30.0,2.1226941632768876,10571,7.967363541765257
62,0.25973684210526315,0.5,30.0,2.2043670615099096,7007,8.334808049093814
63,0.25973684210526315,0.7000000000000001,30.0,1.9610294117647016,1360,6.890441176470581
64,0.25973684210526315,0.9,30.0,0.0,0,0.0
65,0.28131578947368424,0.1,30.0,2.221211676690623,6817,9.198767786416315
66,0.28131578947368424,0.30000000000000004,30.0,2.212671967689006,7923,8.429256594724226
67,0.28131578947368424,0.5,30.0,2.1521156936261363,5601,7.842885199071568
68,0.28131578947368424,0.7000000000000001,30.0,1.8756983240223453,716,7.1187150837988815
69,0.28131578947368424,0.9,30.0,0.0,0,0.0
70,0.3028947368421053,0.1,30.0,2.170912459471971,6477,8.641809479697388
71,0.3028947368421053,0.30000000000000004,30.0,2.24952248654281,5759,8.731203333912115
72,0.3028947368421053,0.5,30.0,2.2503389064618116,4426,9.246272028920014
73,0.3028947368421053,0.7000000000000001,30.0,1.9168399168399177,481,7.4303534303534295
74,0.3028947368421053,0.9,30.0,0.0,0,0.0
75,0.32447368421052636,0.1,30.0,2.15125308859865,5666,8.160783621602533
76,0.32447368421052636,0.30000000000000004,30.0,2.2976528243487246,3877,9.373742584472573
77,0.32447368421052636,0.5,30.0,2.236650485436889,3296,8.838592233009717
78,0.32447368421052636,0.7000000000000001,30.0,1.807017543859649,342,6.3567251461988326
79,0.32447368421052636,0.9,30.0,0.0,0,0.0
80,0.3460526315789474,0.1,30.0,2.234412759787346,4138,9.535524407926554
81,0.3460526315789474,0.30000000000000004,30.0,2.3762278978388967,3054,10.109037328094301
82,0.3460526315789474,0.5,30.0,2.2359316381825725,2399,8.10754481033766
83,0.3460526315789474,0.7000000000000001,30.0,1.6955017301038056,289,5.7162629757785375
84,0.3460526315789474,0.9,30.0,0.0,0,0.0
85,0.3676315789473684,0.1,30.0,2.236694214876038,3025,9.102148760330582
86,0.3676315789473684,0.30000000000000004,30.0,2.294488851493467,2377,9.387463188893586
87,0.3676315789473684,0.5,30.0,2.279532163742693,1710,9.727485380116937
88,0.3676315789473684,0.7000000000000001,30.0,1.939597315436242,149,6.369127516778526
89,0.3676315789473684,0.9,30.0,0.0,0,0.0
90,0.3892105263157895,0.1,30.0,2.285589519650659,2290,9.613973799126658
91,0.3892105263157895,0.30000000000000004,30.0,2.4116445352400344,1958,9.96322778345249
92,0.3892105263157895,0.5,30.0,2.1946472019464722,1233,8.51581508515816
93,0.3892105263157895,0.7000000000000001,30.0,1.3703703703703707,27,4.999999999999999
94,0.3892105263157895,0.9,30.0,0.0,0,0.0
95,0.7,0.1,30.0,2.3888316151202744,11640,10.839862542955302
96,0.7,0.30000000000000004,30.0,2.2880434782608656,9752,9.161095159967205
97,0.7,0.5,30.0,1.9212214523992819,3897,7.336669232743137
98,0.7,0.7000000000000001,30.0,0.0,0,0.0
99,0.7,0.9,30.0,0.0,0,0.0
