,voc_bin,elo_bin,rtmean,rtcount,rt_squaredmean
0,0.0007894736842105274,625.0,6.382048715382066,470529,88.13195148439324
1,0.0007894736842105274,1387.5,6.21709749005989,778664,86.53160798495884
2,0.0007894736842105274,1662.5,6.212488007732535,834913,90.90831859127827
3,0.0007894736842105274,2400.0,6.131402958586943,921859,95.01122731350479
4,0.022368421052631583,625.0,7.354162378608986,106886,171.67918155792165
5,0.022368421052631583,1387.5,7.2127632275344356,187053,106.23477303224236
6,0.022368421052631583,1662.5,7.261244139155271,207308,111.93019082717522
7,0.022368421052631583,2400.0,7.3949282393540345,237038,123.87063255680503
8,0.04394736842105264,625.0,7.740823059558962,57590,116.93127279041515
9,0.04394736842105264,1387.5,7.575565902369048,102447,115.91619081085862
10,0.04394736842105264,1662.5,7.7981487859479905,116140,129.96451696228692
11,0.04394736842105264,2400.0,7.972925815414595,136403,141.72772592978112
12,0.0655263157894737,625.0,7.966179813770994,32111,120.8808819407679
13,0.0655263157894737,1387.5,7.890564102564085,58500,123.99237606837589
14,0.0655263157894737,1662.5,8.157710383967366,67662,138.50960657385224
15,0.0655263157894737,2400.0,8.45889224372616,80812,158.38504182547126
16,0.08710526315789476,625.0,8.124644099968341,18966,124.03448275862084
17,0.08710526315789476,1387.5,8.184737607698361,35748,133.90382678751297
18,0.08710526315789476,1662.5,8.525540134497055,41934,154.71221443220267
19,0.08710526315789476,2400.0,8.74519614523509,51365,167.16096563808048
20,0.1086842105263158,625.0,8.310894446799505,11795,135.3725307333613
21,0.1086842105263158,1387.5,8.41796858094953,23107,140.7190028995543
22,0.1086842105263158,1662.5,8.811375947995632,27690,161.44575659082724
23,0.1086842105263158,2400.0,9.051385798098325,34601,180.7506430449982
24,0.13026315789473686,625.0,8.549673858504809,7972,140.31058705469155
25,0.13026315789473686,1387.5,8.52470902499521,15723,143.60834446352465
26,0.13026315789473686,1662.5,8.813854609561332,19286,159.14259048014085
27,0.13026315789473686,2400.0,9.34690487765354,24684,191.47824501701527
28,0.1518421052631579,625.0,8.720538720538725,5643,150.10845295055773
29,0.1518421052631579,1387.5,8.733044733044725,11088,156.0055916305917
30,0.1518421052631579,1662.5,9.356503198294261,14070,182.97128642501823
31,0.1518421052631579,2400.0,9.519912352780068,18255,199.49997261024365
32,0.17342105263157898,625.0,8.734300666032333,4204,144.2124167459567
33,0.17342105263157898,1387.5,8.833992094861626,8349,154.87759013055393
34,0.17342105263157898,1662.5,9.25454545454544,10340,173.47408123791067
35,0.17342105263157898,2400.0,9.646374087195428,13831,204.23476249005896
36,0.195,625.0,9.036631183468973,3194,155.99279899812186
37,0.195,1387.5,9.084290592983551,6442,161.97128221049286
38,0.195,1662.5,9.584484459792822,8108,191.51122348297986
39,0.195,2400.0,9.68414333910824,10967,200.58776328986946
40,0.2165789473684211,625.0,8.811364514882095,2587,150.10088906068796
41,0.2165789473684211,1387.5,9.021390374331535,5236,159.78838808250538
42,0.2165789473684211,1662.5,9.318139963167578,6516,182.52961939840378
43,0.2165789473684211,2400.0,9.62173108076836,8642,198.89157602406868
44,0.23815789473684212,625.0,8.800589390962667,2036,146.5795677799608
45,0.23815789473684212,1387.5,9.107997100748983,4139,164.54312635902434
46,0.23815789473684212,1662.5,9.548149546827789,5296,185.16068731117778
47,0.23815789473684212,2400.0,9.866087436215718,7251,209.9173907047308
48,0.25973684210526315,625.0,8.972619047619045,1680,152.1178571428567
49,0.25973684210526315,1387.5,9.292703862660964,3495,183.0769670958515
50,0.25973684210526315,1662.5,9.373848573354314,4451,175.1505279712419
51,0.25973684210526315,2400.0,9.921163166397381,6190,213.5883683360255
52,0.28131578947368424,625.0,9.58345120226309,1414,179.06435643564348
53,0.28131578947368424,1387.5,9.139510850843955,2903,167.75955907681634
54,0.28131578947368424,1662.5,9.482862626816546,3647,180.62352618590594
55,0.28131578947368424,2400.0,9.971577261809433,4996,210.77341873498776
56,0.3028947368421053,625.0,9.144265232974893,1116,157.0851254480286
57,0.3028947368421053,1387.5,9.442044953724086,2269,173.05509034817086
58,0.3028947368421053,1662.5,9.634300967634282,2997,198.56589923256587
59,0.3028947368421053,2400.0,9.737970580902502,4011,207.6985789080028
60,0.32447368421052636,625.0,9.500000000000014,826,168.31355932203397
61,0.32447368421052636,1387.5,9.316787506971556,1793,163.86781929726718
62,0.32447368421052636,1662.5,9.16848739495799,2380,173.0239495798322
63,0.32447368421052636,2400.0,9.58645928636783,3279,199.06129917657833
64,0.3460526315789474,625.0,9.190751445086706,692,157.42774566473955
65,0.3460526315789474,1387.5,9.548582995951408,1482,179.70377867746294
66,0.3460526315789474,1662.5,9.289671090594316,1733,168.33987305251011
67,0.3460526315789474,2400.0,10.070627336933939,2407,230.36144578313184
68,0.3676315789473684,625.0,8.811900191938566,521,151.6449136276391
69,0.3676315789473684,1387.5,9.54527559055118,1016,175.11417322834646
70,0.3676315789473684,1662.5,9.921511627906964,1376,199.5726744186046
71,0.3676315789473684,2400.0,9.282868525896387,1757,181.49800796812758
72,0.3892105263157895,625.0,9.303896103896093,385,155.87012987012994
73,0.3892105263157895,1387.5,9.578502415458939,828,171.0954106280194
74,0.3892105263157895,1662.5,10.23330009970088,1003,217.05682951146585
75,0.3892105263157895,2400.0,9.792819745699356,1337,216.28197456993254
76,0.7,625.0,8.97868120971741,2017,155.47149231531972
77,0.7,1387.5,9.526822558459418,3635,189.38817056396113
78,0.7,1662.5,9.686213070725188,4468,191.86168307967796
79,0.7,2400.0,9.798701298701268,5852,218.21189336978816
