,voc_bin,rtmean,rtcount,rt_squaredmean
0,0.0007894736842105274,38.47977369165488,3535,4466.080905233379
1,0.022368421052631583,48.9880174291939,918,6204.593681917216
2,0.04394736842105264,49.95155038759687,516,7863.889534883727
3,0.0655263157894737,53.6105263157895,285,8493.666666666677
4,0.08710526315789476,51.19886363636363,176,6698.244318181818
5,0.1086842105263158,60.72881355932204,118,8851.52542372881
6,0.13026315789473686,55.161764705882355,68,5986.338235294116
7,0.1518421052631579,63.19999999999998,50,10622.400000000001
8,0.17342105263157898,78.36666666666667,30,22099.233333333337
9,0.195,58.26666666666667,45,6388.488888888887
10,0.2165789473684211,57.30555555555556,36,8244.638888888889
11,0.23815789473684212,51.91304347826087,23,8429.826086956526
12,0.25973684210526315,55.06666666666665,15,6629.333333333333
13,0.28131578947368424,26.18181818181818,11,1058.0
14,0.3028947368421053,46.1,10,4180.9
15,0.32447368421052636,59.0,10,5359.8
16,0.3460526315789474,39.5,4,2773.0
17,0.3676315789473684,64.5,6,6426.5
18,0.3892105263157895,53.0,3,3441.6666666666665
19,0.7,83.85714285714286,7,10583.857142857141
