,voc_bin,rtmean,rtcount,rt_squaredmean
0,0.0007894736842105274,4.038479527416508,5839053,37.52432594806042
1,0.022368421052631583,4.616330347119561,1439504,45.16370777712321
2,0.04394736842105264,4.964896171509128,795013,51.51895000459114
3,0.0655263157894737,5.253634578898876,454867,57.72471733495713
4,0.08710526315789476,5.443813653610254,280424,63.226606852480664
5,0.1086842105263158,5.62439419300491,182814,65.65520146159471
6,0.13026315789473686,5.802022834351656,125863,70.01482564375544
7,0.1518421052631579,5.927117228036227,90968,72.88365139389688
8,0.17342105263157898,6.0292892591279585,67704,75.33302315963614
9,0.195,6.125853789197758,52267,78.73576061377153
10,0.2165789473684211,6.164330873338286,41599,79.49253587826642
11,0.23815789473684212,6.221886568932338,33765,80.86249074485414
12,0.25973684210526315,6.331226699804721,28165,84.24899698206981
13,0.28131578947368424,6.318561944995261,23198,82.792395896198
14,0.3028947368421053,6.378320435055427,19124,83.75010458063178
15,0.32447368421052636,6.371716346808202,14694,83.67850823465379
16,0.3460526315789474,6.356286095068867,11255,85.84646823633955
17,0.3676315789473684,6.629512423816212,8532,92.55590717299557
18,0.3892105263157895,6.718672839506189,6480,94.40540123456815
19,0.7,6.73639313551667,29893,95.93620580068901
