,voc_bin,rtmean,rtcount,rt_squaredmean
0,0.0007894736842105274,11.021599005827778,11130466,306.44569661324067
1,0.022368421052631583,13.062624514616697,2682416,380.9326625698628
2,0.04394736842105264,13.824173129531388,1488504,425.193995447778
3,0.0655263157894737,14.433028384043206,850196,456.02533651064016
4,0.08710526315789476,14.921184784650626,516347,485.4241140163496
5,0.1086842105263158,15.324539704596381,333916,509.2116430479521
6,0.13026315789473686,15.747216074447142,229532,542.2174685882579
7,0.1518421052631579,15.932243819496263,163498,543.5156515676039
8,0.17342105263157898,16.363855027407325,122230,585.9482287490808
9,0.195,16.39469597038425,94004,573.9269073656442
10,0.2165789473684211,16.705812479145816,74925,602.7393660326987
11,0.23815789473684212,16.62707939896548,60895,591.1674521717716
12,0.25973684210526315,16.92452606868799,50693,617.0084429802924
13,0.28131578947368424,17.03843656043296,41575,618.3911725796739
14,0.3028947368421053,16.97921832565824,33876,621.8614358247723
15,0.32447368421052636,17.06516468350183,26809,618.2946771606559
16,0.3460526315789474,17.508560464429802,20326,648.2711305716824
17,0.3676315789473684,17.44706334464872,15613,650.8143854480243
18,0.3892105263157895,17.805825242718477,11845,691.9260447446184
19,0.7,17.570749357618592,57209,674.900959639218
