,voc_bin,elo_bin,rtmean,rtcount,rt_squaredmean
0,0.0007894736842105274,625.0,19.636020151133447,11116,1008.8825116948549
1,0.0007894736842105274,1387.5,21.3896732746842,41717,1168.5556248052383
2,0.0007894736842105274,1662.5,24.09749518938209,60803,1503.6505764518229
3,0.0007894736842105274,2400.0,25.299763506250187,32559,1767.7263122331744
4,0.022368421052631583,625.0,23.333202665621343,2551,1294.1995295962354
5,0.022368421052631583,1387.5,25.221891788181132,10424,1441.573580199541
6,0.022368421052631583,1662.5,29.578649901568554,15747,1974.4506890201317
7,0.022368421052631583,2400.0,31.790931076178964,8270,2548.013905683199
8,0.04394736842105264,625.0,24.909229595728462,1311,1375.5469107551512
9,0.04394736842105264,1387.5,27.83231083844583,5868,1783.0654396728012
10,0.04394736842105264,1662.5,30.591794398985808,8677,2058.8434942952654
11,0.04394736842105264,2400.0,34.57567510990162,4777,2740.093782708816
12,0.0655263157894737,625.0,24.981455064193995,701,1327.255349500712
13,0.0655263157894737,1387.5,27.811394302848566,3335,1678.2059970015
14,0.0655263157894737,1662.5,31.207274826789856,5196,2136.494033872204
15,0.0655263157894737,2400.0,35.95691202872534,2785,2855.1396768402215
16,0.08710526315789476,625.0,26.955710955710963,429,1485.1608391608406
17,0.08710526315789476,1387.5,29.02907268170424,1995,2067.653634085215
18,0.08710526315789476,1662.5,32.376007739438855,3101,2291.9742018703646
19,0.08710526315789476,2400.0,35.84843304843306,1755,3057.6284900284827
20,0.1086842105263158,625.0,24.03237410071943,278,1071.3561151079143
21,0.1086842105263158,1387.5,29.3679867986799,1212,1904.0775577557752
22,0.1086842105263158,1662.5,34.083996023856905,2012,2836.3603379721667
23,0.1086842105263158,2400.0,39.11548117154806,1195,3299.306276150625
24,0.13026315789473686,625.0,24.142131979695428,197,1111.5431472081225
25,0.13026315789473686,1387.5,29.067237163814195,818,1911.4388753056228
26,0.13026315789473686,1662.5,34.212765957446734,1410,2456.6765957446755
27,0.13026315789473686,2400.0,36.333726415094404,848,2916.6521226415143
28,0.1518421052631579,625.0,24.147058823529406,170,1186.005882352942
29,0.1518421052631579,1387.5,28.753510140405638,641,1778.0265210608425
30,0.1518421052631579,1662.5,34.448692152917566,994,2447.2494969818904
31,0.1518421052631579,2400.0,39.79436152570486,603,3475.704809286894
32,0.17342105263157898,625.0,25.265060240963848,83,1113.3855421686746
33,0.17342105263157898,1387.5,30.58426966292133,445,2025.640449438205
34,0.17342105263157898,1662.5,34.314766839378436,772,2601.646373056997
35,0.17342105263157898,2400.0,40.955645161290285,496,3831.7943548387084
36,0.195,625.0,21.950000000000003,60,972.6166666666667
37,0.195,1387.5,30.84337349397593,332,1950.9277108433746
38,0.195,1662.5,35.057971014492715,621,2469.4122383252807
39,0.195,2400.0,38.46027397260277,365,3357.764383561643
40,0.2165789473684211,625.0,22.538461538461537,65,767.3999999999999
41,0.2165789473684211,1387.5,30.070671378091898,283,2092.282685512367
42,0.2165789473684211,1662.5,38.54669703872442,439,3148.35990888383
43,0.2165789473684211,2400.0,39.163701067615676,281,3771.21352313167
44,0.23815789473684212,625.0,22.173913043478255,46,961.3478260869566
45,0.23815789473684212,1387.5,28.0049019607843,204,1674.5833333333344
46,0.23815789473684212,1662.5,38.31443298969078,388,3087.6649484536106
47,0.23815789473684212,2400.0,37.85903083700444,227,3240.5638766519846
48,0.25973684210526315,625.0,35.22916666666666,48,2467.270833333333
49,0.25973684210526315,1387.5,31.206703910614543,179,1985.2178770949713
50,0.25973684210526315,1662.5,33.15068493150686,292,2021.6849315068491
51,0.25973684210526315,2400.0,34.76354679802954,203,2527.00985221675
52,0.28131578947368424,625.0,25.85714285714285,42,1624.9047619047612
53,0.28131578947368424,1387.5,26.880597014925367,134,1861.5223880597014
54,0.28131578947368424,1662.5,35.49442379182162,269,2505.122676579928
55,0.28131578947368424,2400.0,39.666666666666686,183,3537.918032786885
56,0.3028947368421053,625.0,27.923076923076923,26,1481.1538461538464
57,0.3028947368421053,1387.5,31.923076923076948,104,2318.6153846153857
58,0.3028947368421053,1662.5,38.782805429864275,221,3269.2895927601817
59,0.3028947368421053,2400.0,40.49285714285713,140,3930.592857142858
60,0.32447368421052636,625.0,27.384615384615387,13,1341.9999999999998
61,0.32447368421052636,1387.5,31.650000000000002,80,1676.6999999999998
62,0.32447368421052636,1662.5,42.28,150,3718.9466666666654
63,0.32447368421052636,2400.0,45.41880341880345,117,5895.863247863251
64,0.3460526315789474,625.0,30.153846153846153,13,1383.2307692307693
65,0.3460526315789474,1387.5,34.597701149425255,87,2347.8160919540223
66,0.3460526315789474,1662.5,32.92913385826773,127,2410.031496062993
67,0.3460526315789474,2400.0,45.9493670886076,79,4333.2151898734155
68,0.3676315789473684,625.0,31.9,10,1489.9000000000003
69,0.3676315789473684,1387.5,33.607142857142854,56,2202.3928571428573
70,0.3676315789473684,1662.5,42.261904761904745,84,4003.9047619047606
71,0.3676315789473684,2400.0,39.5970149253731,67,3881.149253731342
72,0.3892105263157895,625.0,16.28571428571429,7,347.14285714285717
73,0.3892105263157895,1387.5,28.152173913043473,46,1270.0217391304348
74,0.3892105263157895,1662.5,41.5945945945946,74,3164.432432432432
75,0.3892105263157895,2400.0,36.95918367346939,49,2744.9183673469392
76,0.7,625.0,24.19565217391304,46,1101.4999999999993
77,0.7,1387.5,33.90062111801244,161,4492.459627329193
78,0.7,1662.5,35.96598639455782,294,2798.639455782316
79,0.7,2400.0,44.72395833333331,192,5011.692708333332
