,voc_bin,U_bin,clock_bin,rtmean,rtcount,rt_squaredmean
0,0.0007894736842105274,0.1,30.0,1.625408341693855,2039346,5.0885479952886765
1,0.0007894736842105274,0.30000000000000004,30.0,1.7316868427581253,987555,5.642276126392958
2,0.0007894736842105274,0.5,30.0,1.3471279905226208,4901777,3.712366964062217
3,0.0007894736842105274,0.7000000000000001,30.0,1.7560088336560835,1360705,5.347042893206089
4,0.0007894736842105274,0.9,30.0,1.628150613685243,2660077,4.514772316741211
5,0.022368421052631583,0.1,30.0,1.8478969265963094,578772,6.237082996413094
6,0.022368421052631583,0.30000000000000004,30.0,1.8157387729159624,251735,5.992273621069772
7,0.022368421052631583,0.5,30.0,1.4947750924572107,1116192,4.281627175253
8,0.022368421052631583,0.7000000000000001,30.0,1.8383664564303892,260342,5.632160773136872
9,0.022368421052631583,0.9,30.0,1.8069217827639321,476698,5.300416615970687
10,0.04394736842105264,0.1,30.0,1.9028467694184148,282039,6.6978999358244815
11,0.04394736842105264,0.30000000000000004,30.0,1.8879006956758957,183275,6.371425453553407
12,0.04394736842105264,0.5,30.0,1.7091700238153547,449290,5.26289256382293
13,0.04394736842105264,0.7000000000000001,30.0,1.9108861309376555,165743,6.06102218494899
14,0.04394736842105264,0.9,30.0,1.7938135428583784,185308,5.340535756686179
15,0.0655263157894737,0.1,30.0,1.966489769317263,139629,7.200187640103421
16,0.0655263157894737,0.30000000000000004,30.0,1.9186200830234106,129602,6.485879847533221
17,0.0655263157894737,0.5,30.0,1.8501387874360873,205350,6.047314341368405
18,0.0655263157894737,0.7000000000000001,30.0,1.9538763879335745,101770,6.309560774294973
19,0.0655263157894737,0.9,30.0,1.809704569365065,70338,5.460959936307549
20,0.08710526315789476,0.1,30.0,1.9994100453192445,74582,7.590839612775199
21,0.08710526315789476,0.30000000000000004,30.0,1.9746094172050903,92554,6.8939862134537515
22,0.08710526315789476,0.5,30.0,1.9344705007026934,108867,6.564762508381789
23,0.08710526315789476,0.7000000000000001,30.0,2.0183455530761893,62740,6.817389225374558
24,0.08710526315789476,0.9,30.0,1.7514951952153754,29762,5.2670519454337725
25,0.1086842105263158,0.1,30.0,2.0423376744620336,42846,7.841385426877652
26,0.1086842105263158,0.30000000000000004,30.0,2.0067902472566828,69806,7.175228490387641
27,0.1086842105263158,0.5,30.0,2.019391180087071,60182,7.029892658934569
28,0.1086842105263158,0.7000000000000001,30.0,2.0458978625367994,39065,7.039063099961605
29,0.1086842105263158,0.9,30.0,1.6381379210640457,13834,4.800491542576264
30,0.13026315789473686,0.1,30.0,2.1026534538458783,27549,8.531634542088632
31,0.13026315789473686,0.30000000000000004,30.0,2.046001744693224,51585,7.39426189783851
32,0.13026315789473686,0.5,30.0,2.0657891165694124,36845,7.197774460578101
33,0.13026315789473686,0.7000000000000001,30.0,2.0540675014511955,24118,6.9089476739364715
34,0.13026315789473686,0.9,30.0,1.5160054719562253,7310,4.406566347469225
35,0.1518421052631579,0.1,30.0,2.1521258547118376,19451,8.762685723099068
36,0.1518421052631579,0.30000000000000004,30.0,2.0892660982371707,38234,7.758042579902703
37,0.1518421052631579,0.5,30.0,2.100508803101276,24764,7.509812631238884
38,0.1518421052631579,0.7000000000000001,30.0,2.104986044151233,15764,7.489913727480338
39,0.1518421052631579,0.9,30.0,1.5244477537850618,4029,4.292876644328624
40,0.17342105263157898,0.1,30.0,2.2114585462224885,14679,9.168880713945093
41,0.17342105263157898,0.30000000000000004,30.0,2.10388854658725,29214,7.8310056822071665
42,0.17342105263157898,0.5,30.0,2.134234183929866,17909,7.617845775866878
43,0.17342105263157898,0.7000000000000001,30.0,2.078874024526195,10764,7.437476774433287
44,0.17342105263157898,0.9,30.0,1.3530444964871193,1708,3.4525761124121774
45,0.195,0.1,30.0,2.257289303419878,11901,9.538190068061505
46,0.195,0.30000000000000004,30.0,2.1241366938738913,22298,7.8408825903668395
47,0.195,0.5,30.0,2.17820324005891,13580,8.271281296023574
48,0.195,0.7000000000000001,30.0,2.069011815252416,7448,7.422663802363054
49,0.195,0.9,30.0,1.1493055555555531,576,2.5659722222222183
50,0.2165789473684211,0.1,30.0,2.233984640808787,10287,8.992612034606775
51,0.2165789473684211,0.30000000000000004,30.0,2.169765607392387,17748,8.390860942077982
52,0.2165789473684211,0.5,30.0,2.17727559196903,11107,7.939767714054206
53,0.2165789473684211,0.7000000000000001,30.0,2.0635936833119892,4686,7.503201024327782
54,0.2165789473684211,0.9,30.0,0.0,0,0.0
55,0.23815789473684212,0.1,30.0,2.250390712212548,8958,9.226947979459698
56,0.23815789473684212,0.30000000000000004,30.0,2.161591182081542,14153,8.194093125132458
57,0.23815789473684212,0.5,30.0,2.176759410801962,9165,8.34020731042007
58,0.23815789473684212,0.7000000000000001,30.0,2.042128603104211,2706,7.552845528455286
59,0.23815789473684212,0.9,30.0,0.0,0,0.0
60,0.25973684210526315,0.1,30.0,2.195777803986318,8479,8.848449109564802
61,0.25973684210526315,0.30000000000000004,30.0,2.128482436407685,11558,8.076743381207834
62,0.25973684210526315,0.5,30.0,2.2264729405491877,7502,8.757797920554518
63,0.25973684210526315,0.7000000000000001,30.0,1.990147783251231,1421,7.18789584799437
64,0.25973684210526315,0.9,30.0,0.0,0,0.0
65,0.28131578947368424,0.1,30.0,2.1936906830637626,7481,8.850020050795345
66,0.28131578947368424,0.30000000000000004,30.0,2.21821481229443,8817,8.824997164568458
67,0.28131578947368424,0.5,30.0,2.1993087557603657,6076,8.254608294930883
68,0.28131578947368424,0.7000000000000001,30.0,1.9812030075187992,798,7.565162907268178
69,0.28131578947368424,0.9,30.0,0.0,0,0.0
70,0.3028947368421053,0.1,30.0,2.1869744905230193,7017,8.7342169018099
71,0.3028947368421053,0.30000000000000004,30.0,2.235785415997432,6226,8.73562479922904
72,0.3028947368421053,0.5,30.0,2.1818369880016464,4834,8.490897807199001
73,0.3028947368421053,0.7000000000000001,30.0,1.9701789264413496,503,7.433399602385682
74,0.3028947368421053,0.9,30.0,0.0,0,0.0
75,0.32447368421052636,0.1,30.0,2.1670491803278704,6100,8.378852459016379
76,0.32447368421052636,0.30000000000000004,30.0,2.2956238361266297,4296,9.293296089385464
77,0.32447368421052636,0.5,30.0,2.1615938018815744,3614,7.781959048146099
78,0.32447368421052636,0.7000000000000001,30.0,1.859078590785907,369,6.92140921409214
79,0.32447368421052636,0.9,30.0,0.0,0,0.0
80,0.3460526315789474,0.1,30.0,2.2448626433052143,4623,8.857019251568246
81,0.3460526315789474,0.30000000000000004,30.0,2.340400119438644,3349,9.540758435353853
82,0.3460526315789474,0.5,30.0,2.1223484848484886,2640,7.685984848484842
83,0.3460526315789474,0.7000000000000001,30.0,1.7509881422924907,253,6.422924901185769
84,0.3460526315789474,0.9,30.0,0.0,0,0.0
85,0.3676315789473684,0.1,30.0,2.236160188457011,3396,9.250883392226148
86,0.3676315789473684,0.30000000000000004,30.0,2.331552842426555,2621,8.925982449446781
87,0.3676315789473684,0.5,30.0,2.170989941768133,1889,8.057702488088937
88,0.3676315789473684,0.7000000000000001,30.0,1.9933774834437084,151,6.350993377483446
89,0.3676315789473684,0.9,30.0,0.0,0,0.0
90,0.3892105263157895,0.1,30.0,2.2211194918618475,2519,9.404922588328706
91,0.3892105263157895,0.30000000000000004,30.0,2.318308550185874,2152,9.332249070631976
92,0.3892105263157895,0.5,30.0,2.173665480427048,1405,8.163701067615667
93,0.3892105263157895,0.7000000000000001,30.0,1.0256410256410255,39,2.615384615384614
94,0.3892105263157895,0.9,30.0,0.0,0,0.0
95,0.7,0.1,30.0,2.424731182795696,12462,11.652623976889696
96,0.7,0.30000000000000004,30.0,2.331730769230771,10400,9.713653846153823
97,0.7,0.5,30.0,1.9426349052017475,4114,7.280991735537179
98,0.7,0.7000000000000001,30.0,0.0,0,0.0
99,0.7,0.9,30.0,0.0,0,0.0
