,voc_bin,U_bin,clock_bin,rtmean,rtcount,rt_squaredmean
0,0.0007894736842105274,0.1,30.0,2.838201025322357,514960,29.356544197607654
1,0.0007894736842105274,0.1,90.0,3.97125328172296,468123,36.57765800868573
2,0.0007894736842105274,0.1,150.0,3.222898097872488,234264,20.835762216986
3,0.0007894736842105274,0.30000000000000004,30.0,3.5646939849124846,195791,40.07924266181802
4,0.0007894736842105274,0.30000000000000004,90.0,4.80288895888789,288893,52.54836565787338
5,0.0007894736842105274,0.30000000000000004,150.0,3.5089588610542646,332799,25.277311530383173
6,0.0007894736842105274,0.5,30.0,2.932355910731807,419948,33.169428119671835
7,0.0007894736842105274,0.5,90.0,4.735485409302839,666829,55.77553915621559
8,0.0007894736842105274,0.5,150.0,2.5978629852879047,3398292,15.958196941287015
9,0.0007894736842105274,0.7000000000000001,30.0,3.5096469092137412,201308,37.75124684562948
10,0.0007894736842105274,0.7000000000000001,90.0,4.919469514333915,359218,52.86293559899562
11,0.0007894736842105274,0.7000000000000001,150.0,3.6811062036315403,519615,26.139572568151387
12,0.0007894736842105274,0.9,30.0,2.5314971637929573,622310,20.597104337066877
13,0.0007894736842105274,0.9,90.0,4.022404598372391,609607,34.02988154663575
14,0.0007894736842105274,0.9,150.0,3.3460774683409857,376670,20.65575968354259
15,0.022368421052631583,0.1,30.0,3.987903950691273,116815,46.36961862774482
16,0.022368421052631583,0.1,90.0,5.002976149657823,145826,51.73657646784526
17,0.022368421052631583,0.1,150.0,3.75271175111695,85277,26.823739109021336
18,0.022368421052631583,0.30000000000000004,30.0,3.9963824884792625,43400,47.04744239631327
19,0.022368421052631583,0.30000000000000004,90.0,5.675797323192563,67319,66.50323088578224
20,0.022368421052631583,0.30000000000000004,150.0,3.9133809668274164,95591,29.232124363172243
21,0.022368421052631583,0.5,30.0,4.059101838206779,64465,50.94680834561399
22,0.022368421052631583,0.5,90.0,5.773105493870881,152388,73.62560044097941
23,0.022368421052631583,0.5,150.0,3.0701300037101986,816669,20.547218028356646
24,0.022368421052631583,0.7000000000000001,30.0,3.7068876578374943,44587,38.882118106174595
25,0.022368421052631583,0.7000000000000001,90.0,5.398287261680565,72749,57.36243797165606
26,0.022368421052631583,0.7000000000000001,150.0,4.096689585861196,81591,30.00025738132883
27,0.022368421052631583,0.9,30.0,3.4353035430293413,83629,32.5199990433941
28,0.022368421052631583,0.9,90.0,4.846284535055423,112422,45.12286741029322
29,0.022368421052631583,0.9,150.0,3.7759184092141327,68243,25.019533138929962
30,0.04394736842105264,0.1,30.0,4.146272919230124,65829,50.11564811861039
31,0.04394736842105264,0.1,90.0,5.372913674409413,80764,59.90986082908216
32,0.04394736842105264,0.1,150.0,3.947154137193628,48632,29.410429346932006
33,0.04394736842105264,0.30000000000000004,30.0,4.511601743777239,28444,58.852130502039216
34,0.04394736842105264,0.30000000000000004,90.0,6.086429996641581,50619,75.85141942748791
35,0.04394736842105264,0.30000000000000004,150.0,4.041762486182923,78707,31.199651873403763
36,0.04394736842105264,0.5,30.0,4.64225584270324,33974,62.33454994996163
37,0.04394736842105264,0.5,90.0,6.292245772186477,84973,82.79030986313303
38,0.04394736842105264,0.5,150.0,3.5717786178892834,314244,26.07697203447006
39,0.04394736842105264,0.7000000000000001,30.0,4.0086244651820895,29683,44.146076879021535
40,0.04394736842105264,0.7000000000000001,90.0,5.6449565798263315,50898,62.30840111595738
41,0.04394736842105264,0.7000000000000001,150.0,4.258985389449475,50443,32.147731102432374
42,0.04394736842105264,0.9,30.0,3.241944878037424,42923,29.71660881112688
43,0.04394736842105264,0.9,90.0,4.918520997155766,47816,47.3107328091015
44,0.04394736842105264,0.9,150.0,3.842037470725981,25620,25.983801717408245
45,0.0655263157894737,0.1,30.0,4.5580466919316125,34567,61.60528828073022
46,0.0655263157894737,0.1,90.0,5.697744799139167,44608,67.94223009325725
47,0.0655263157894737,0.1,150.0,4.047391846181233,28085,31.711055723695967
48,0.0655263157894737,0.30000000000000004,30.0,4.839241422075247,19352,63.375103348491244
49,0.0655263157894737,0.30000000000000004,90.0,6.427737187350013,37502,82.04743747000143
50,0.0655263157894737,0.30000000000000004,150.0,4.150233515137653,61238,33.12567360135847
51,0.0655263157894737,0.5,30.0,5.023211795178316,20076,70.32665869695158
52,0.0655263157894737,0.5,90.0,6.611241452605832,49869,88.97226734043198
53,0.0655263157894737,0.5,150.0,3.960291668806249,136319,30.844966585729033
54,0.0655263157894737,0.7000000000000001,30.0,4.289104802388544,19761,49.12975051869845
55,0.0655263157894737,0.7000000000000001,90.0,5.85210169694792,33354,66.91578221502634
56,0.0655263157894737,0.7000000000000001,150.0,4.38102857142857,30625,33.91030204081635
57,0.0655263157894737,0.9,30.0,3.4052532833020583,18655,31.6596622889305
58,0.0655263157894737,0.9,90.0,4.869470923488186,19827,46.16578403187569
59,0.0655263157894737,0.9,150.0,3.8855165069222615,9390,26.41267305644301
60,0.08710526315789476,0.1,30.0,4.601274069784292,20721,62.49336421987364
61,0.08710526315789476,0.1,90.0,5.891450304653236,25767,73.25381301664898
62,0.08710526315789476,0.1,150.0,4.206125777804637,16553,34.296018848547284
63,0.08710526315789476,0.30000000000000004,30.0,5.065104166666665,14208,66.87042511261261
64,0.08710526315789476,0.30000000000000004,90.0,6.620935317768203,28354,89.23855540664448
65,0.08710526315789476,0.30000000000000004,150.0,4.261353989813237,47120,35.30952886247879
66,0.08710526315789476,0.5,30.0,5.1630315393064246,12746,72.74376274909761
67,0.08710526315789476,0.5,90.0,6.700049059689287,30575,89.86001635322972
68,0.08710526315789476,0.5,150.0,4.134386496429344,69315,33.2656279304625
69,0.08710526315789476,0.7000000000000001,30.0,4.3538204659298625,12577,49.17452492645329
70,0.08710526315789476,0.7000000000000001,90.0,6.008192524321558,21483,71.74631103663361
71,0.08710526315789476,0.7000000000000001,150.0,4.47570291777188,18850,35.66604774535802
72,0.08710526315789476,0.9,30.0,3.2358527131782924,10320,28.96860465116274
73,0.08710526315789476,0.9,90.0,4.702746019873924,9359,43.19681589913451
74,0.08710526315789476,0.9,150.0,3.8678977272727244,3520,26.796875000000046
75,0.1086842105263158,0.1,30.0,4.898006490496073,12942,73.34569618297033
76,0.1086842105263158,0.1,90.0,6.154310237591747,16078,78.36441099639224
77,0.1086842105263158,0.1,150.0,4.419900680522325,10874,38.2630126908221
78,0.1086842105263158,0.30000000000000004,30.0,5.261715538503703,10947,73.60409244541881
79,0.1086842105263158,0.30000000000000004,90.0,6.7623330607795005,22014,91.80430635050429
80,0.1086842105263158,0.30000000000000004,150.0,4.279601990049756,38190,35.80151872217849
81,0.1086842105263158,0.5,30.0,5.1867032050518285,8393,75.87012987012967
82,0.1086842105263158,0.5,90.0,6.7413298565840885,19175,89.92338983050836
83,0.1086842105263158,0.5,150.0,4.4397235153054115,35445,37.82017209761611
84,0.1086842105263158,0.7000000000000001,30.0,4.512599077250695,8453,51.56973855435938
85,0.1086842105263158,0.7000000000000001,90.0,6.143068173424916,13539,72.86808479208209
86,0.1086842105263158,0.7000000000000001,150.0,4.5926652452025625,11725,37.04179104477601
87,0.1086842105263158,0.9,30.0,3.0116402116402083,6615,26.13424036281181
88,0.1086842105263158,0.9,90.0,4.637212196639696,4821,45.34743829081094
89,0.1086842105263158,0.9,150.0,3.7027220630372497,1396,39.725644699140496
90,0.13026315789473686,0.1,30.0,5.0120631341601,8870,73.09864712514106
91,0.13026315789473686,0.1,90.0,6.4698569959809555,10699,87.3368539115802
92,0.13026315789473686,0.1,150.0,4.60686213349968,8015,41.46749844042416
93,0.13026315789473686,0.30000000000000004,30.0,5.567520574939168,8627,90.72852671844228
94,0.13026315789473686,0.30000000000000004,90.0,6.887671073996747,17244,94.60571793087458
95,0.13026315789473686,0.30000000000000004,150.0,4.4016254656281895,29530,37.48479512360302
96,0.13026315789473686,0.5,30.0,5.4143994691440005,6028,76.84007962840099
97,0.13026315789473686,0.5,90.0,6.7957725060827325,13152,91.13488442822424
98,0.13026315789473686,0.5,150.0,4.564940641576157,19795,38.44662793634767
99,0.13026315789473686,0.7000000000000001,30.0,4.807594936708851,5530,61.3721518987342
100,0.13026315789473686,0.7000000000000001,90.0,6.326065078832617,8943,78.09236274180924
101,0.13026315789473686,0.7000000000000001,150.0,4.558621617983576,7429,36.24767801857566
102,0.13026315789473686,0.9,30.0,2.7039131418231195,4421,23.67790092739197
103,0.13026315789473686,0.9,90.0,4.40980672870435,2794,37.31961345740868
104,0.13026315789473686,0.9,150.0,3.617784711388454,641,24.52886115444621
105,0.1518421052631579,0.1,30.0,5.062604620020084,5974,72.17944425845297
106,0.1518421052631579,0.1,90.0,6.6381587221733085,7951,91.11357062004816
107,0.1518421052631579,0.1,150.0,4.647058823529414,6443,40.99472295514509
108,0.1518421052631579,0.30000000000000004,30.0,5.415368163764142,6546,75.15352887259384
109,0.1518421052631579,0.30000000000000004,90.0,7.164461247637044,13225,102.20899810964058
110,0.1518421052631579,0.30000000000000004,150.0,4.458569199910856,22435,37.8255404501894
111,0.1518421052631579,0.5,30.0,5.462214411247802,4552,79.27504393673092
112,0.1518421052631579,0.5,90.0,6.9912141420556555,9447,98.70710278395254
113,0.1518421052631579,0.5,150.0,4.714180146153233,12179,40.54717136053865
114,0.1518421052631579,0.7000000000000001,30.0,4.930548436699139,3902,67.25756022552551
115,0.1518421052631579,0.7000000000000001,90.0,6.246445497630342,6119,75.21588494852105
116,0.1518421052631579,0.7000000000000001,150.0,4.5696461444058025,4889,37.18204131724286
117,0.1518421052631579,0.9,30.0,2.750877192982449,2850,22.90175438596486
118,0.1518421052631579,0.9,90.0,4.275616083009076,1542,41.793125810635516
119,0.1518421052631579,0.9,150.0,3.69529085872576,361,24.79778393351801
120,0.17342105263157898,0.1,30.0,5.4269588313412855,4518,85.88468348826888
121,0.17342105263157898,0.1,90.0,7.15447545717038,6234,105.67709335899923
122,0.17342105263157898,0.1,150.0,4.7717431877566305,5358,42.993094438223274
123,0.17342105263157898,0.30000000000000004,30.0,5.716506717850301,5210,85.74299424184252
124,0.17342105263157898,0.30000000000000004,90.0,7.227250934893069,10429,102.3253427941315
125,0.17342105263157898,0.30000000000000004,150.0,4.55794343268725,17077,39.93898225683685
126,0.17342105263157898,0.5,30.0,5.170000000000001,3700,67.68891891891916
127,0.17342105263157898,0.5,90.0,7.039321939697092,7197,98.67361400583538
128,0.17342105263157898,0.5,150.0,4.7584213172448395,7956,41.950729009552504
129,0.17342105263157898,0.7000000000000001,30.0,4.713120326308626,2942,58.47246770904144
130,0.17342105263157898,0.7000000000000001,90.0,6.312249232947825,4237,80.14987019117278
131,0.17342105263157898,0.7000000000000001,150.0,4.693454120397441,3422,39.44097019286975
132,0.17342105263157898,0.9,30.0,2.2673139158576037,1545,16.41100323624595
133,0.17342105263157898,0.9,90.0,3.860169491525424,708,32.07768361581921
134,0.17342105263157898,0.9,150.0,3.8778625954198476,131,29.572519083969464
135,0.195,0.1,30.0,5.835469448584207,3355,95.9761549925486
136,0.195,0.1,90.0,7.341372912801494,4851,108.96248196248209
137,0.195,0.1,150.0,4.655727803503122,4967,41.045902959532974
138,0.195,0.30000000000000004,30.0,5.740591715976328,4225,88.63952662721884
139,0.195,0.30000000000000004,90.0,7.330827950675279,8515,110.32554315913077
140,0.195,0.30000000000000004,150.0,4.6544451164197085,13228,41.87775929845787
141,0.195,0.5,30.0,5.233167082294258,3208,74.63840399002501
142,0.195,0.5,90.0,6.97662247034193,5732,93.25854849965103
143,0.195,0.5,150.0,4.733516956446901,5809,39.92167326562225
144,0.195,0.7000000000000001,30.0,4.34788029925187,2406,48.185785536159585
145,0.195,0.7000000000000001,90.0,6.01115995941831,2957,69.15962123774091
146,0.195,0.7000000000000001,150.0,4.68077276908924,2174,39.6172953081878
147,0.195,0.9,30.0,1.9644670050761401,591,15.869712351945859
148,0.195,0.9,90.0,3.562130177514791,169,26.82840236686392
149,0.195,0.9,150.0,3.6250000000000004,16,30.250000000000004
150,0.2165789473684211,0.1,30.0,5.635728155339816,2575,88.048932038835
151,0.2165789473684211,0.1,90.0,7.381234567901239,4050,107.96839506172834
152,0.2165789473684211,0.1,150.0,4.635081533715294,4538,39.03525782282938
153,0.2165789473684211,0.30000000000000004,30.0,5.994560549670753,3493,102.80933295161721
154,0.2165789473684211,0.30000000000000004,90.0,7.2893642305407065,6732,108.75787284610811
155,0.2165789473684211,0.30000000000000004,150.0,4.674751183689245,10349,41.8941926756209
156,0.2165789473684211,0.5,30.0,5.416874332502669,2809,79.98077607689551
157,0.2165789473684211,0.5,90.0,6.658722005342103,4867,83.35853708650087
158,0.2165789473684211,0.5,150.0,4.7081834532374165,4448,41.22077338129497
159,0.2165789473684211,0.7000000000000001,30.0,4.144012127337024,1979,52.13592723597769
160,0.2165789473684211,0.7000000000000001,90.0,6.058341862845437,1954,74.86079836233357
161,0.2165789473684211,0.7000000000000001,150.0,4.595729013254778,1358,37.788659793814396
162,0.2165789473684211,0.9,30.0,1.0,1,1.0
163,0.2165789473684211,0.9,90.0,0.0,0,0.0
164,0.2165789473684211,0.9,150.0,6.0,3,38.666666666666664
165,0.23815789473684212,0.1,30.0,6.078624078624085,2035,97.09877149877146
166,0.23815789473684212,0.1,90.0,7.38355787737144,3637,108.8380533406653
167,0.23815789473684212,0.1,150.0,4.686348501664819,4505,41.382019977802635
168,0.23815789473684212,0.30000000000000004,30.0,5.916841369671559,2862,98.1705101327745
169,0.23815789473684212,0.30000000000000004,90.0,7.417388167388158,5544,109.74639249639232
170,0.23815789473684212,0.30000000000000004,150.0,4.674717805558946,8239,40.852409272970064
171,0.23815789473684212,0.5,30.0,5.453338696701529,2486,78.50160901045864
172,0.23815789473684212,0.5,90.0,6.860223048327145,4035,92.39776951672846
173,0.23815789473684212,0.5,150.0,4.736974087489552,3589,39.23572025633897
174,0.23815789473684212,0.7000000000000001,30.0,4.034399999999996,1250,48.88240000000002
175,0.23815789473684212,0.7000000000000001,90.0,6.24338624338623,1134,81.62257495590828
176,0.23815789473684212,0.7000000000000001,150.0,4.812415654520911,741,42.828609986504816
177,0.23815789473684212,0.9,30.0,3.0,2,10.0
178,0.23815789473684212,0.9,90.0,7.0,1,49.0
179,0.23815789473684212,0.9,150.0,6.0,2,40.0
180,0.25973684210526315,0.1,30.0,6.303064066852366,1795,111.36267409470749
181,0.25973684210526315,0.1,90.0,7.613636363636364,3256,112.0485257985259
182,0.25973684210526315,0.1,150.0,4.719036697247705,4360,42.85022935779829
183,0.25973684210526315,0.30000000000000004,30.0,5.93435360451067,2483,93.09101892871556
184,0.25973684210526315,0.30000000000000004,90.0,7.485623678646925,4730,109.87885835095119
185,0.25973684210526315,0.30000000000000004,150.0,4.473991734359418,7017,39.423115291435
186,0.25973684210526315,0.5,30.0,5.554832713754653,2152,77.30947955390339
187,0.25973684210526315,0.5,90.0,6.64154302670622,3370,84.64213649851634
188,0.25973684210526315,0.5,150.0,4.815672913117534,2935,43.266098807495695
189,0.25973684210526315,0.7000000000000001,30.0,3.7163120567375887,846,40.0307328605201
190,0.25973684210526315,0.7000000000000001,90.0,5.849999999999991,680,68.33529411764714
191,0.25973684210526315,0.7000000000000001,150.0,4.863874345549742,382,40.76439790575911
192,0.25973684210526315,0.9,30.0,0.0,0,0.0
193,0.25973684210526315,0.9,90.0,1.0,1,1.0
194,0.25973684210526315,0.9,150.0,0.0,0,0.0
195,0.28131578947368424,0.1,30.0,6.756842775302351,1571,136.34945894334842
196,0.28131578947368424,0.1,90.0,7.871942934782602,2944,128.30740489130457
197,0.28131578947368424,0.1,150.0,4.697590361445779,4150,42.736626506024045
198,0.28131578947368424,0.30000000000000004,30.0,6.065565307176026,1937,104.22147651006685
199,0.28131578947368424,0.30000000000000004,90.0,7.245590230664857,3685,108.16716417910443
200,0.28131578947368424,0.30000000000000004,150.0,4.84464431725265,4892,44.12959934587086
201,0.28131578947368424,0.5,30.0,5.314332247557003,1842,69.31433224755693
202,0.28131578947368424,0.5,90.0,6.84783400072806,2747,91.57298871496202
203,0.28131578947368424,0.5,150.0,4.713181818181821,2200,39.452272727272685
204,0.28131578947368424,0.7000000000000001,30.0,3.675728155339807,515,46.759223300970866
205,0.28131578947368424,0.7000000000000001,90.0,5.815461346633414,401,70.06982543640903
206,0.28131578947368424,0.7000000000000001,150.0,4.464285714285713,168,37.250000000000014
207,0.28131578947368424,0.9,30.0,0.0,0,0.0
208,0.28131578947368424,0.9,90.0,0.0,0,0.0
209,0.28131578947368424,0.9,150.0,2.0,1,4.0
210,0.3028947368421053,0.1,30.0,5.850000000000003,1720,86.32093023255803
211,0.3028947368421053,0.1,90.0,7.486629134412386,2842,112.02638986629135
212,0.3028947368421053,0.1,150.0,4.697881559942229,4154,42.30115551275877
213,0.3028947368421053,0.30000000000000004,30.0,6.584485407066046,1302,109.99462365591407
214,0.3028947368421053,0.30000000000000004,90.0,7.509992598075505,2702,109.21539600296065
215,0.3028947368421053,0.30000000000000004,150.0,4.750806215186158,3411,42.77191439460568
216,0.3028947368421053,0.5,30.0,5.260307692307696,1625,69.82892307692318
217,0.3028947368421053,0.5,90.0,6.920253738106032,2207,98.18078840054375
218,0.3028947368421053,0.5,150.0,4.591283863368661,1698,38.68433451118972
219,0.3028947368421053,0.7000000000000001,30.0,3.6891566265060263,415,44.73493975903615
220,0.3028947368421053,0.7000000000000001,90.0,6.30855018587361,269,103.89962825278815
221,0.3028947368421053,0.7000000000000001,150.0,4.257142857142857,140,38.4428571428572
222,0.3028947368421053,0.9,30.0,0.0,1,0.0
223,0.3028947368421053,0.9,90.0,7.5,2,56.5
224,0.3028947368421053,0.9,150.0,0.0,0,0.0
225,0.32447368421052636,0.1,30.0,5.96634026927786,1634,98.99694002447988
226,0.32447368421052636,0.1,90.0,7.4781943381790414,2614,111.6128538638104
227,0.32447368421052636,0.1,150.0,4.603298611111112,3456,42.15769675925918
228,0.32447368421052636,0.30000000000000004,30.0,6.813397129186591,836,113.49282296650713
229,0.32447368421052636,0.30000000000000004,90.0,7.682564917859016,1887,119.07737148913606
230,0.32447368421052636,0.30000000000000004,150.0,5.041578277471361,2357,53.82817140432752
231,0.32447368421052636,0.5,30.0,5.505058365758743,1285,76.8435797665371
232,0.32447368421052636,0.5,90.0,6.707259953161576,1708,88.48829039812632
233,0.32447368421052636,0.5,150.0,4.801687763713076,1185,39.73164556962026
234,0.32447368421052636,0.7000000000000001,30.0,3.603278688524588,305,40.40983606557378
235,0.32447368421052636,0.7000000000000001,90.0,4.918032786885245,183,49.5846994535519
236,0.32447368421052636,0.7000000000000001,150.0,4.481012658227845,79,35.949367088607595
237,0.32447368421052636,0.9,30.0,0.0,0,0.0
238,0.32447368421052636,0.9,90.0,9.0,1,81.0
239,0.32447368421052636,0.9,150.0,0.0,0,0.0
240,0.3460526315789474,0.1,30.0,6.040989945862329,1293,104.198762567672
241,0.3460526315789474,0.1,90.0,7.551898734177202,1975,112.26075949367088
242,0.3460526315789474,0.1,150.0,4.54633956386291,2568,40.849299065420574
243,0.3460526315789474,0.30000000000000004,30.0,6.680397727272723,704,103.61221590909096
244,0.3460526315789474,0.30000000000000004,90.0,7.9648173207036495,1478,125.00541271989177
245,0.3460526315789474,0.30000000000000004,150.0,5.149377593360992,1687,50.8304682868998
246,0.3460526315789474,0.5,30.0,5.020648967551623,1017,68.14159292035393
247,0.3460526315789474,0.5,90.0,6.7216876387860856,1351,84.539600296077
248,0.3460526315789474,0.5,150.0,4.835411471321704,802,41.553615960099755
249,0.3460526315789474,0.7000000000000001,30.0,3.4242424242424225,231,36.89610389610393
250,0.3460526315789474,0.7000000000000001,90.0,6.086419753086427,162,67.91358024691363
251,0.3460526315789474,0.7000000000000001,150.0,4.281690140845067,71,38.59154929577464
252,0.3460526315789474,0.9,30.0,0.0,0,0.0
253,0.3460526315789474,0.9,90.0,0.0,0,0.0
254,0.3460526315789474,0.9,150.0,8.5,2,128.5
255,0.3676315789473684,0.1,30.0,5.405730129390011,1082,82.11922365988899
256,0.3676315789473684,0.1,90.0,7.237785016286649,1535,108.58501628664482
257,0.3676315789473684,0.1,150.0,4.701783723522845,1794,43.12764771460418
258,0.3676315789473684,0.30000000000000004,30.0,6.963779527559051,635,128.98897637795287
259,0.3676315789473684,0.30000000000000004,90.0,7.675717610550822,1289,111.4057408844065
260,0.3676315789473684,0.30000000000000004,150.0,5.277360066833752,1197,49.62489557226404
261,0.3676315789473684,0.5,30.0,5.5330788804071345,786,93.60687022900747
262,0.3676315789473684,0.5,90.0,6.809941520467832,1026,92.17641325536073
263,0.3676315789473684,0.5,150.0,4.568665377176008,517,37.98839458413931
264,0.3676315789473684,0.7000000000000001,30.0,3.0479452054794516,146,30.047945205479476
265,0.3676315789473684,0.7000000000000001,90.0,4.68888888888889,90,39.64444444444445
266,0.3676315789473684,0.7000000000000001,150.0,3.3846153846153846,39,17.743589743589734
267,0.3676315789473684,0.9,30.0,0.0,0,0.0
268,0.3676315789473684,0.9,90.0,0.0,0,0.0
269,0.3676315789473684,0.9,150.0,0.0,0,0.0
270,0.3892105263157895,0.1,30.0,5.883084577114434,804,103.10945273631842
271,0.3892105263157895,0.1,90.0,7.5682593856655425,1172,113.12798634812296
272,0.3892105263157895,0.1,150.0,4.768936495791894,1307,44.323641928079624
273,0.3892105263157895,0.30000000000000004,30.0,6.541509433962267,530,102.25094339622639
274,0.3892105263157895,0.30000000000000004,90.0,7.197729422894991,1057,98.48249763481543
275,0.3892105263157895,0.30000000000000004,150.0,5.066217732884409,891,46.73625140291811
276,0.3892105263157895,0.5,30.0,5.484552845528457,615,91.8878048780487
277,0.3892105263157895,0.5,90.0,6.318620689655176,725,80.95034482758624
278,0.3892105263157895,0.5,150.0,4.862842892768084,401,44.97755610972574
279,0.3892105263157895,0.7000000000000001,30.0,1.3478260869565215,69,4.0434782608695645
280,0.3892105263157895,0.7000000000000001,90.0,2.75,20,14.55
281,0.3892105263157895,0.7000000000000001,150.0,26.0,1,676.0
282,0.3892105263157895,0.9,30.0,1.0,1,1.0
283,0.3892105263157895,0.9,90.0,0.0,0,0.0
284,0.3892105263157895,0.9,150.0,9.0,1,81.0
285,0.7,0.1,30.0,6.1409068746952995,6153,101.51974646513908
286,0.7,0.1,90.0,7.3504273504273545,7254,110.35621725944284
287,0.7,0.1,150.0,5.128692525044946,3893,49.292062676598974
288,0.7,0.30000000000000004,30.0,6.130290668026513,3922,91.90948495665441
289,0.7,0.30000000000000004,90.0,7.0265189660960035,5958,93.12252433702562
290,0.7,0.30000000000000004,150.0,5.120522161505772,3294,47.466605950212546
291,0.7,0.5,30.0,3.8594083562061603,3279,49.484293992070796
292,0.7,0.5,90.0,5.867491976157724,2181,74.64419990829907
293,0.7,0.5,150.0,4.2714113389626025,829,34.55850422195418
294,0.7,0.7000000000000001,30.0,4.0,4,19.0
295,0.7,0.7000000000000001,90.0,6.666666666666666,3,56.0
296,0.7,0.7000000000000001,150.0,2.5,2,6.5
297,0.7,0.9,30.0,5.4,5,85.0
298,0.7,0.9,90.0,16.0,2,260.0
299,0.7,0.9,150.0,5.333333333333333,3,39.333333333333336
