,voc_bin,rtmean,rtcount,rt_squaredmean
0,0.0007894736842105274,6.461473065254155,7030510,101.92282906929897
1,0.022368421052631583,7.521597493961288,1702767,121.1793110860145
2,0.04394736842105264,7.9802586591663465,943249,137.98870605746743
3,0.0655263157894737,8.365082757121264,538141,145.87470569980724
4,0.08710526315789476,8.669976472585697,329828,156.71698279103072
5,0.1086842105263158,8.903216276921473,213259,164.30775254502814
6,0.13026315789473686,9.112029065526949,146703,174.9278065206571
7,0.1518421052631579,9.325115150125153,104646,179.7957685912505
8,0.17342105263157898,9.387293744159601,78119,181.5861954198085
9,0.195,9.515072214124796,60376,199.26775539949614
10,0.2165789473684211,9.62780231511525,47773,187.61955497875346
11,0.23815789473684212,9.754306093026756,39537,195.6390722614258
12,0.25973684210526315,9.778706149781938,32554,199.45450635866473
13,0.28131578947368424,9.865830297111538,26623,200.1614393569465
14,0.3028947368421053,9.778073394495445,21800,194.90036697247706
15,0.32447368421052636,9.98775462828624,17231,206.5631129940225
16,0.3460526315789474,10.063897521412857,13193,209.43098612900695
17,0.3676315789473684,10.18367141996382,9958,209.11357702349915
18,0.3892105263157895,10.204914835522032,7691,212.32323494994125
19,0.7,10.403654805545623,36281,226.8719439927241
