,voc_bin,elo_bin,rtmean,rtcount,rt_squaredmean
0,0.0007894736842105274,625.0,4.635010606587678,586428,45.82899520486728
1,0.0007894736842105274,1387.5,4.131685364745566,977284,41.9296130909747
2,0.0007894736842105274,1662.5,3.9658659249446,1274152,37.43637022898373
3,0.0007894736842105274,2400.0,3.820257951428528,1848410,36.55168658468635
4,0.022368421052631583,625.0,5.315086957191487,129834,54.38431381610364
5,0.022368421052631583,1387.5,4.718799035307586,232613,58.796430122134055
6,0.022368421052631583,1662.5,4.5146586924224605,315683,43.3157217841951
7,0.022368421052631583,2400.0,4.43897653162628,473957,47.701770413771534
8,0.04394736842105264,625.0,5.564257675181625,68272,59.92812573236455
9,0.04394736842105264,1387.5,4.988499128237118,125034,54.46016283570876
10,0.04394736842105264,1662.5,4.841769376355997,173304,48.82047731154516
11,0.04394736842105264,2400.0,4.893287544322437,268769,54.35914856252036
12,0.0655263157894737,625.0,5.75014943215782,36806,63.88376895071457
13,0.0655263157894737,1387.5,5.173572645168678,69867,53.47786508652163
14,0.0655263157894737,1662.5,5.102881029712506,99756,54.28664942459612
15,0.0655263157894737,2400.0,5.216536377757858,158366,59.529393935567064
16,0.08710526315789476,625.0,5.864633469085524,21608,66.05956127360221
17,0.08710526315789476,1387.5,5.350738536420816,41501,57.09137129225806
18,0.08710526315789476,1662.5,5.307588907881004,60259,57.520204450787496
19,0.08710526315789476,2400.0,5.426211145337442,99988,64.08799055886712
20,0.1086842105263158,625.0,6.051155115511539,13332,72.37113711371113
21,0.1086842105263158,1387.5,5.580917555697968,26527,61.85972782448059
22,0.1086842105263158,1662.5,5.539108536892457,39710,62.62447746159651
23,0.1086842105263158,2400.0,5.721442498027944,67189,71.75290598163376
24,0.13026315789473686,625.0,6.062685582316078,9093,70.50434400087991
25,0.13026315789473686,1387.5,5.680128061109859,17804,65.05420130307783
26,0.13026315789473686,1662.5,5.6639693982639425,27188,65.27769604237162
27,0.13026315789473686,2400.0,5.822513299845267,47181,72.85962569678438
28,0.1518421052631579,625.0,6.293086970372717,6278,75.10385473080606
29,0.1518421052631579,1387.5,5.729602633435232,12759,63.78509287561737
30,0.1518421052631579,1662.5,5.78804821749168,19495,68.24826878686851
31,0.1518421052631579,2400.0,5.962923268545615,34523,75.33180778032039
32,0.17342105263157898,625.0,6.3992239706833445,4639,77.78616081051925
33,0.17342105263157898,1387.5,5.848870812372892,9343,66.1051054265226
34,0.17342105263157898,1662.5,5.895628036086057,14410,71.3621096460791
35,0.17342105263157898,2400.0,6.17247995088446,26061,83.49944361306146
36,0.195,625.0,6.639032815198601,3474,82.44041450777189
37,0.195,1387.5,5.872301907812268,7181,69.46762289374749
38,0.195,1662.5,6.014900221729488,11275,74.24372505543236
39,0.195,2400.0,6.156644869462615,20339,82.90279758100178
40,0.2165789473684211,625.0,6.449353448275867,2784,79.72952586206881
41,0.2165789473684211,1387.5,6.040358744394606,5798,71.0855467402554
42,0.2165789473684211,1662.5,5.9693210015790665,8866,69.80058651026378
43,0.2165789473684211,2400.0,6.254102964118559,16025,86.72748829953214
44,0.23815789473684212,625.0,6.51179673321233,2204,80.27858439201464
45,0.23815789473684212,1387.5,6.053827487315243,4533,71.74101036840959
46,0.23815789473684212,1662.5,6.021202399218855,7169,74.06611800809011
47,0.23815789473684212,2400.0,6.321533258173612,13305,87.46005261180004
48,0.25973684210526315,625.0,6.564329099944784,1811,81.51076753175032
49,0.25973684210526315,1387.5,6.0116772823779385,3768,69.99734607218689
50,0.25973684210526315,1662.5,6.227189017244266,5973,79.62749037334665
51,0.25973684210526315,2400.0,6.419022906227627,11176,88.81308160343552
52,0.28131578947368424,625.0,6.665562913907279,1510,91.44304635761567
53,0.28131578947368424,1387.5,6.225408469489828,2999,75.2790930310104
54,0.28131578947368424,1662.5,6.33581164807931,4842,84.27054935976875
55,0.28131578947368424,2400.0,6.486220266163684,9543,91.78141045792756
56,0.3028947368421053,625.0,6.635585970915307,1169,89.1402908468777
57,0.3028947368421053,1387.5,6.094354838709662,2480,70.11451612903211
58,0.3028947368421053,1662.5,6.107315891472869,4128,77.2880329457363
59,0.3028947368421053,2400.0,6.359151193633954,7540,86.61034482758636
60,0.32447368421052636,625.0,6.345300950369585,947,80.60295670538545
61,0.32447368421052636,1387.5,6.091180866965621,2007,70.95914299950165
62,0.32447368421052636,1662.5,6.294303797468349,3160,81.78164556962021
63,0.32447368421052636,2400.0,6.272163265306106,6125,86.89387755102037
64,0.3460526315789474,625.0,6.670470756062768,701,83.22967189728975
65,0.3460526315789474,1387.5,6.519118600129619,1543,88.65910563836678
66,0.3460526315789474,1662.5,6.36188524590164,2440,83.06680327868857
67,0.3460526315789474,2400.0,6.364099299809037,4713,88.28262253341823
68,0.3676315789473684,625.0,6.842300556586265,539,84.47495361781077
69,0.3676315789473684,1387.5,6.251351351351344,1110,74.10540540540543
70,0.3676315789473684,1662.5,6.665754923413555,1828,90.3812910284461
71,0.3676315789473684,2400.0,6.485428051001812,3294,89.85579842137214
72,0.3892105263157895,625.0,6.342995169082127,414,68.84057971014491
73,0.3892105263157895,1387.5,6.676156583629887,843,81.91696322657172
74,0.3892105263157895,1662.5,6.550432276657059,1388,83.19884726224771
75,0.3892105263157895,2400.0,6.830622768742563,2521,102.27925426418112
76,0.7,625.0,6.89764129951045,2247,97.2910547396528
77,0.7,1387.5,6.456064947468959,4188,81.53104106972319
78,0.7,1662.5,6.914330462020347,6385,97.12451057165228
79,0.7,2400.0,6.931812032109675,11087,105.16938757102915
