,voc_bin,U_bin,clock_bin,rtmean,rtcount,rt_squaredmean
0,0.0007894736842105274,0.1,10.0,1.9152849607395106,232804,18.484991666809837
1,0.0007894736842105274,0.1,30.0,3.344681766495605,162695,36.75019515043486
2,0.0007894736842105274,0.1,50.0,3.7377977657796264,166322,39.07979702023778
3,0.0007894736842105274,0.1,70.0,3.9450364010558356,175407,39.264801290712526
4,0.0007894736842105274,0.1,90.0,4.03989283534176,176924,37.30033234609244
5,0.0007894736842105274,0.1,110.0,3.930294589047986,169083,32.915952520359845
6,0.0007894736842105274,0.1,130.0,3.595982626819313,142979,25.694388686450516
7,0.0007894736842105274,0.1,150.0,3.0047920513496904,90984,17.11426184823697
8,0.0007894736842105274,0.1,170.0,1.9428273343766214,28755,8.127699530516438
9,0.0007894736842105274,0.30000000000000004,10.0,2.2036768739538384,71093,19.682500386817246
10,0.0007894736842105274,0.30000000000000004,30.0,3.9568097827719746,66566,46.79898146200753
11,0.0007894736842105274,0.30000000000000004,50.0,4.518567899298078,76503,53.74455903690063
12,0.0007894736842105274,0.30000000000000004,70.0,4.743327892716937,90676,55.06740482597389
13,0.0007894736842105274,0.30000000000000004,90.0,4.93154994547543,103623,55.808150700134085
14,0.0007894736842105274,0.30000000000000004,110.0,4.82506049200161,119024,49.35303804274774
15,0.0007894736842105274,0.30000000000000004,130.0,4.370026679885115,137182,38.003724978495754
16,0.0007894736842105274,0.30000000000000004,150.0,3.497474676618296,142556,22.638752490249498
17,0.0007894736842105274,0.30000000000000004,170.0,2.0940366414442457,82202,7.873141772706253
18,0.0007894736842105274,0.5,10.0,1.6137057377607453,161509,14.211257576977122
19,0.0007894736842105274,0.5,30.0,3.2673542940483418,142616,38.160928647557114
20,0.0007894736842105274,0.5,50.0,4.12101241018946,153100,51.647857609405655
21,0.0007894736842105274,0.5,70.0,4.414170559677562,196506,54.108469970382735
22,0.0007894736842105274,0.5,90.0,4.213643810759243,266729,50.38733321086193
23,0.0007894736842105274,0.5,110.0,5.3093991224727395,275547,62.31188508675432
24,0.0007894736842105274,0.5,130.0,4.996086888425703,415015,50.43767815621105
25,0.0007894736842105274,0.5,150.0,4.046474906505371,758065,30.17704682316155
26,0.0007894736842105274,0.5,170.0,1.7979639724543126,2508414,6.23285071762478
27,0.0007894736842105274,0.7000000000000001,10.0,2.1057090699162275,64091,20.091791359161302
28,0.0007894736842105274,0.7000000000000001,30.0,3.801272401942675,70418,41.61410434832003
29,0.0007894736842105274,0.7000000000000001,50.0,4.398345085457751,86651,49.539728335506986
30,0.0007894736842105274,0.7000000000000001,70.0,4.680034952940968,109862,52.89741675920686
31,0.0007894736842105274,0.7000000000000001,90.0,5.021474363998289,127594,55.286831669200545
32,0.0007894736842105274,0.7000000000000001,110.0,5.028583678719462,153934,51.146023620512516
33,0.0007894736842105274,0.7000000000000001,130.0,4.637372446284853,189332,40.854028901611926
34,0.0007894736842105274,0.7000000000000001,150.0,3.807858995049589,220588,25.406087366493185
35,0.0007894736842105274,0.7000000000000001,170.0,2.3888885343204405,156685,9.543230047547599
36,0.0007894736842105274,0.9,10.0,1.4667123978760397,275523,9.418963208153224
37,0.0007894736842105274,0.9,30.0,3.0278836905319855,202735,25.885180161294297
38,0.0007894736842105274,0.9,50.0,3.61098224533801,208227,32.009787395486725
39,0.0007894736842105274,0.9,70.0,3.9450197004446705,221061,35.55280216772754
40,0.0007894736842105274,0.9,90.0,4.143811452217606,226192,36.31131516587664
41,0.0007894736842105274,0.9,110.0,4.078394032817747,227377,32.98946243463493
42,0.0007894736842105274,0.9,130.0,3.7375004150322333,210827,25.97690997832347
43,0.0007894736842105274,0.9,150.0,3.1911701506706165,155903,17.742538629789003
44,0.0007894736842105274,0.9,170.0,2.291679948995845,53329,8.724577621931767
45,0.022368421052631583,0.1,10.0,2.5977573948916106,45572,27.861998595628815
46,0.022368421052631583,0.1,30.0,4.573476610586771,38992,55.698374025441
47,0.022368421052631583,0.1,50.0,5.052654532099995,43567,62.531526155117255
48,0.022368421052631583,0.1,70.0,5.140264620058342,50034,57.82999560299005
49,0.022368421052631583,0.1,90.0,5.112985899564036,54821,53.76766202732536
50,0.022368421052631583,0.1,110.0,4.821582658107953,57018,45.519046616858006
51,0.022368421052631583,0.1,130.0,4.260928881872575,51309,33.47042429203453
52,0.022368421052631583,0.1,150.0,3.4408614702191644,34267,21.26909271310595
53,0.022368421052631583,0.1,170.0,2.1911980440097896,10225,8.694865525672391
54,0.022368421052631583,0.30000000000000004,10.0,2.3345522196561377,15588,20.58808057480104
55,0.022368421052631583,0.30000000000000004,30.0,4.4306574165840855,15135,55.106442021803595
56,0.022368421052631583,0.30000000000000004,50.0,5.17803502523005,16845,64.78598990798459
57,0.022368421052631583,0.30000000000000004,70.0,5.482410611303331,20808,67.84707804690508
58,0.022368421052631583,0.30000000000000004,90.0,5.733275520317145,24216,68.17455401387514
59,0.022368421052631583,0.30000000000000004,110.0,5.728896672504361,28550,63.26535901926442
60,0.022368421052631583,0.30000000000000004,130.0,5.172323833829578,35265,48.11671629094002
61,0.022368421052631583,0.30000000000000004,150.0,4.019886151781054,40229,27.287528897064433
62,0.022368421052631583,0.30000000000000004,170.0,2.2606993199148073,29114,8.691419935426234
63,0.022368421052631583,0.5,10.0,2.232718776982071,19689,24.306567118695725
64,0.022368421052631583,0.5,30.0,4.367447485107745,22327,52.394589510458275
65,0.022368421052631583,0.5,50.0,5.247050042649993,28136,72.29922519192493
66,0.022368421052631583,0.5,70.0,5.2951491741510575,42199,67.34202232280411
67,0.022368421052631583,0.5,90.0,5.188162691908889,59794,69.03055490517433
68,0.022368421052631583,0.5,110.0,6.360125430798585,67607,79.54825683730971
69,0.022368421052631583,0.5,130.0,5.829894037438288,109567,62.21992023145666
70,0.022368421052631583,0.5,150.0,4.511288268004119,212743,34.6367636067932
71,0.022368421052631583,0.5,170.0,2.0093317208426336,556489,7.280947152594198
72,0.022368421052631583,0.7000000000000001,10.0,2.0557529379611994,14636,17.70921016671219
73,0.022368421052631583,0.7000000000000001,30.0,3.9546277145811746,15472,40.04356256463309
74,0.022368421052631583,0.7000000000000001,50.0,4.692655667908472,18790,49.56237360298039
75,0.022368421052631583,0.7000000000000001,70.0,5.144600129338239,23195,56.93041603793914
76,0.022368421052631583,0.7000000000000001,90.0,5.512417345840382,26012,60.31550822697237
77,0.022368421052631583,0.7000000000000001,110.0,5.425367719807388,30322,53.76683596068864
78,0.022368421052631583,0.7000000000000001,130.0,5.0060296846010806,34496,44.155554267161136
79,0.022368421052631583,0.7000000000000001,150.0,4.033347415856927,35505,26.923700887198983
80,0.022368421052631583,0.7000000000000001,170.0,2.5025253867829336,18809,9.880908075921123
81,0.022368421052631583,0.9,10.0,1.8970416569389372,29983,12.097822099189564
82,0.022368421052631583,0.9,30.0,3.8843952689813075,28831,37.58860254587075
83,0.022368421052631583,0.9,50.0,4.511506402512671,33112,44.22291012321821
84,0.022368421052631583,0.9,70.0,4.860466924053617,38593,48.36566216671405
85,0.022368421052631583,0.9,90.0,4.9694717281656375,41437,46.58044742621358
86,0.022368421052631583,0.9,110.0,4.76195504947314,43559,41.14116485686099
87,0.022368421052631583,0.9,130.0,4.187118644067811,41300,30.316125907990315
88,0.022368421052631583,0.9,150.0,3.44891791433634,28787,19.48275263139608
89,0.022368421052631583,0.9,170.0,2.404240766073858,7310,9.430232558139556
90,0.04394736842105264,0.1,10.0,2.5972629144178954,25940,26.188627602158974
91,0.04394736842105264,0.1,30.0,4.772232098090149,21939,61.477642554355256
92,0.04394736842105264,0.1,50.0,5.382289960952245,23817,69.67426628038785
93,0.04394736842105264,0.1,70.0,5.476141910104181,27454,66.38704742478336
94,0.04394736842105264,0.1,90.0,5.440614437267813,29881,61.10227234697646
95,0.04394736842105264,0.1,110.0,5.219331095041309,30976,53.34207128099168
96,0.04394736842105264,0.1,130.0,4.574885893217287,28263,39.0351342744933
97,0.04394736842105264,0.1,150.0,3.591032472102129,19894,23.07871720116611
98,0.04394736842105264,0.1,170.0,2.162396006655573,6010,12.785357737104777
99,0.04394736842105264,0.30000000000000004,10.0,2.5956843940714953,9176,24.03378378378385
100,0.04394736842105264,0.30000000000000004,30.0,4.94720276170171,9849,65.27393644024787
101,0.04394736842105264,0.30000000000000004,50.0,5.751277968658336,11933,81.54211011480788
102,0.04394736842105264,0.30000000000000004,70.0,5.988950276243088,15023,80.29488118218698
103,0.04394736842105264,0.30000000000000004,90.0,6.163046512926431,17909,79.00128427047834
104,0.04394736842105264,0.30000000000000004,110.0,6.035369917796027,22505,68.77876027549436
105,0.04394736842105264,0.30000000000000004,130.0,5.421379761558581,27512,52.42094358825224
106,0.04394736842105264,0.30000000000000004,150.0,4.198636447392664,32562,29.994594926601682
107,0.04394736842105264,0.30000000000000004,170.0,2.3371570482497614,25368,9.235611794386628
108,0.04394736842105264,0.5,10.0,2.60516723842195,9328,26.580724699828465
109,0.04394736842105264,0.5,30.0,4.899957716701901,11825,65.09243128964047
110,0.04394736842105264,0.5,50.0,5.830993930197286,15816,80.06657814871002
111,0.04394736842105264,0.5,70.0,5.8382623582281195,23365,79.11692702760546
112,0.04394736842105264,0.5,90.0,6.099417098445596,30880,84.24054404145086
113,0.04394736842105264,0.5,110.0,6.678331466965311,39292,85.03535070752304
114,0.04394736842105264,0.5,130.0,5.922216329101339,60334,62.71129048297819
115,0.04394736842105264,0.5,150.0,4.576062876846914,103822,35.118240835275714
116,0.04394736842105264,0.5,170.0,2.201257141548644,174682,8.38907271499069
117,0.04394736842105264,0.7000000000000001,10.0,2.2162603395733584,9188,16.99531998258592
118,0.04394736842105264,0.7000000000000001,30.0,4.319152976925281,10531,48.72557212040653
119,0.04394736842105264,0.7000000000000001,50.0,5.123976700251876,12704,59.70599811083144
120,0.04394736842105264,0.7000000000000001,70.0,5.519382288055469,15865,64.92221872045378
121,0.04394736842105264,0.7000000000000001,90.0,5.703619784470842,18095,62.63028460900806
122,0.04394736842105264,0.7000000000000001,110.0,5.618840925351764,20965,58.08285237300237
123,0.04394736842105264,0.7000000000000001,130.0,5.082118582481946,23393,45.03689137776255
124,0.04394736842105264,0.7000000000000001,150.0,4.0597701149424985,22185,27.177913004282146
125,0.04394736842105264,0.7000000000000001,170.0,2.5917172139719695,9562,11.918427107299697
126,0.04394736842105264,0.9,10.0,1.6760622132173344,16781,10.281628031702514
127,0.04394736842105264,0.9,30.0,3.7154076030300986,14389,35.88428660782541
128,0.04394736842105264,0.9,50.0,4.581355821402874,15297,48.014447277243704
129,0.04394736842105264,0.9,70.0,4.8588340807174815,16725,48.66463378176392
130,0.04394736842105264,0.9,90.0,4.981328277605422,17406,46.61363897506612
131,0.04394736842105264,0.9,110.0,4.799028468142803,17704,42.38014008133755
132,0.04394736842105264,0.9,130.0,4.2947976878612515,15570,32.52639691714836
133,0.04394736842105264,0.9,150.0,3.5147394446557625,10516,20.52691137314564
134,0.04394736842105264,0.9,170.0,2.4504680187207493,2564,9.278081123244915
135,0.0655263157894737,0.1,10.0,2.8561398153094775,13103,31.180798290467898
136,0.0655263157894737,0.1,30.0,5.191792509171558,11721,72.34067059124656
137,0.0655263157894737,0.1,50.0,5.7342052929478475,13074,79.07044515832955
138,0.0655263157894737,0.1,70.0,5.886728997107697,14867,76.81280688773796
139,0.0655263157894737,0.1,90.0,5.891163593759623,16217,71.54794351606304
140,0.0655263157894737,0.1,110.0,5.471841176130116,17277,59.829542165885336
141,0.0655263157894737,0.1,130.0,4.738126690570535,15897,42.51481411587089
142,0.0655263157894737,0.1,150.0,3.7253694581280836,11368,24.521991555242845
143,0.0655263157894737,0.1,170.0,2.2905649874756517,3593,9.396047870859993
144,0.0655263157894737,0.30000000000000004,10.0,2.8228695797756598,5973,30.45220157374854
145,0.0655263157894737,0.30000000000000004,30.0,5.310860325370078,6823,73.89594020225675
146,0.0655263157894737,0.30000000000000004,50.0,6.0257366205652545,8315,85.51509320505099
147,0.0655263157894737,0.30000000000000004,70.0,6.149676596520017,10977,80.5920561173365
148,0.0655263157894737,0.30000000000000004,90.0,6.490196078431369,13209,86.44734650616982
149,0.0655263157894737,0.30000000000000004,110.0,6.311434362704187,16774,74.82508644330508
150,0.0655263157894737,0.30000000000000004,130.0,5.600494155659028,21046,56.372517342963086
151,0.0655263157894737,0.30000000000000004,150.0,4.36767538930808,24916,32.36004976721802
152,0.0655263157894737,0.30000000000000004,170.0,2.3324976977386744,19546,9.66893482042359
153,0.0655263157894737,0.5,10.0,2.7846872082166207,5355,32.58375350140069
154,0.0655263157894737,0.5,30.0,5.233642195295797,7015,71.31233071988603
155,0.0655263157894737,0.5,50.0,6.110747811412315,9481,88.49361881658056
156,0.0655263157894737,0.5,70.0,6.138530002871072,13932,86.06718346253221
157,0.0655263157894737,0.5,90.0,6.509765512473346,17357,89.59589790862483
158,0.0655263157894737,0.5,110.0,6.6527063540486475,22946,83.5994508846855
159,0.0655263157894737,0.5,130.0,6.047939622641493,33125,65.79586415094363
160,0.0655263157894737,0.5,150.0,4.63088452815301,50705,35.937698451829355
161,0.0655263157894737,0.5,170.0,2.3715703913127326,62252,9.423809676797545
162,0.0655263157894737,0.7000000000000001,10.0,2.510089876208231,5897,26.111921315923382
163,0.0655263157894737,0.7000000000000001,30.0,4.447122407245104,6846,48.75854513584567
164,0.0655263157894737,0.7000000000000001,50.0,5.277405457156537,8356,62.85495452369538
165,0.0655263157894737,0.7000000000000001,70.0,5.705514387450684,10391,67.78211914156479
166,0.0655263157894737,0.7000000000000001,90.0,5.9953465181984305,12034,69.96160877513766
167,0.0655263157894737,0.7000000000000001,110.0,5.7824740783410125,13888,61.28434619815655
168,0.0655263157894737,0.7000000000000001,130.0,5.207601944369446,14812,46.83857682959754
169,0.0655263157894737,0.7000000000000001,150.0,4.1199726817422615,13178,27.89565943238728
170,0.0655263157894737,0.7000000000000001,170.0,2.603795734689885,5111,10.341616122089592
171,0.0655263157894737,0.9,10.0,1.9687810415779847,7047,13.503050943663945
172,0.0655263157894737,0.9,30.0,3.866957470010916,6419,39.71116996416879
173,0.0655263157894737,0.9,50.0,4.682649086005398,6674,50.628408750374525
174,0.0655263157894737,0.9,70.0,4.941224489795896,7350,51.78068027210889
175,0.0655263157894737,0.9,90.0,5.037434627029993,7266,48.878612716763065
176,0.0655263157894737,0.9,110.0,4.782823297137214,7091,42.504442250740404
177,0.0655263157894737,0.9,130.0,4.154757929883155,5990,29.816193656093528
178,0.0655263157894737,0.9,150.0,3.5005431830526987,3682,20.746061922868
179,0.0655263157894737,0.9,170.0,2.5100133511348455,749,9.612817089452612
180,0.08710526315789476,0.1,10.0,2.966145496834206,7739,33.31476935004504
181,0.08710526315789476,0.1,30.0,5.498925039415223,6977,83.31775834886062
182,0.08710526315789476,0.1,50.0,5.858015672732093,7529,80.8329127374152
183,0.08710526315789476,0.1,70.0,5.99327021786244,8767,79.38302726132105
184,0.08710526315789476,0.1,90.0,5.928170836928389,9272,71.48964624676442
185,0.08710526315789476,0.1,110.0,5.63035019455253,10023,62.27546642721752
186,0.08710526315789476,0.1,130.0,4.935961664125473,9182,46.02548464386832
187,0.08710526315789476,0.1,150.0,3.8036637612645907,6769,25.79716353966616
188,0.08710526315789476,0.1,170.0,2.3187382297551773,2124,9.65677966101697
189,0.08710526315789476,0.30000000000000004,10.0,3.0531264692054467,4254,38.72778561354006
190,0.08710526315789476,0.30000000000000004,30.0,5.356551584898044,4953,70.81425398748172
191,0.08710526315789476,0.30000000000000004,50.0,6.226933460377953,6297,86.45339050341391
192,0.08710526315789476,0.30000000000000004,70.0,6.515943418844415,8342,90.33852793095161
193,0.08710526315789476,0.30000000000000004,90.0,6.7317121004118565,10198,90.90919788193779
194,0.08710526315789476,0.30000000000000004,110.0,6.52493438320207,12573,80.60319732760644
195,0.08710526315789476,0.30000000000000004,130.0,5.727668845315904,16065,58.51322751322739
196,0.08710526315789476,0.30000000000000004,150.0,4.450402007476829,19527,33.46366569365518
197,0.08710526315789476,0.30000000000000004,170.0,2.3289913159652524,14970,9.174281897127605
198,0.08710526315789476,0.5,10.0,2.8262008733624446,3435,31.82823871906829
199,0.08710526315789476,0.5,30.0,5.483322140138776,4467,82.49518692634858
200,0.08710526315789476,0.5,50.0,6.438011012848326,5993,97.8563323877858
201,0.08710526315789476,0.5,70.0,6.270625145247492,8606,86.91227050894734
202,0.08710526315789476,0.5,90.0,6.735402468226186,10858,93.56520537852256
203,0.08710526315789476,0.5,110.0,6.827871208854383,13914,88.14093718556798
204,0.08710526315789476,0.5,130.0,6.127150297227648,19009,66.97011941711794
205,0.08710526315789476,0.5,150.0,4.685578042278375,26633,36.639544925468385
206,0.08710526315789476,0.5,170.0,2.405655075518101,28470,9.814014752370973
207,0.08710526315789476,0.7000000000000001,10.0,2.511739594450371,3748,21.116862326574083
208,0.08710526315789476,0.7000000000000001,30.0,4.837765363128473,4475,61.639106145251155
209,0.08710526315789476,0.7000000000000001,50.0,5.606230755297938,5521,70.37348306466198
210,0.08710526315789476,0.7000000000000001,70.0,5.837738077661296,6773,71.22914513509508
211,0.08710526315789476,0.7000000000000001,90.0,6.187419603807561,7774,74.05466941085693
212,0.08710526315789476,0.7000000000000001,110.0,5.89368397392673,8898,63.97774780849605
213,0.08710526315789476,0.7000000000000001,130.0,5.2920933178507426,9473,48.50987015728939
214,0.08710526315789476,0.7000000000000001,150.0,4.1312430288759225,8069,28.030858842483507
215,0.08710526315789476,0.7000000000000001,170.0,2.591524216524218,2808,10.317307692307686
216,0.08710526315789476,0.9,10.0,1.8547289368692779,4261,10.999061253226913
217,0.08710526315789476,0.9,30.0,3.7981072555205038,3487,35.95010037281332
218,0.08710526315789476,0.9,50.0,4.596115958345067,3553,50.04446946242624
219,0.08710526315789476,0.9,70.0,4.836993243243257,3552,47.41075450450451
220,0.08710526315789476,0.9,90.0,4.852140077821015,3341,46.82340616581872
221,0.08710526315789476,0.9,110.0,4.5604825562438815,3067,39.5673296380828
222,0.08710526315789476,0.9,130.0,4.092367736339985,2306,30.277103209019955
223,0.08710526315789476,0.9,150.0,3.4913863822805555,1219,20.7694831829368
224,0.08710526315789476,0.9,170.0,2.2396313364055302,217,6.921658986175118
225,0.1086842105263158,0.1,10.0,2.8996783273019706,4974,30.942299959790954
226,0.1086842105263158,0.1,30.0,5.596067917783719,4476,83.458891867739
227,0.1086842105263158,0.1,50.0,6.134770889487858,4823,92.60833506116528
228,0.1086842105263158,0.1,70.0,6.477595220313646,5356,96.7793129200896
229,0.1086842105263158,0.1,90.0,6.252124154673155,5767,79.48916247615749
230,0.1086842105263158,0.1,110.0,5.801715765619935,6178,67.30932340563282
231,0.1086842105263158,0.1,130.0,5.21068548387098,5952,51.81586021505367
232,0.1086842105263158,0.1,150.0,4.0309232480533765,4495,32.485205784204744
233,0.1086842105263158,0.1,170.0,2.4773203070481467,1433,10.294487090020935
234,0.1086842105263158,0.30000000000000004,10.0,3.113207547169804,3339,30.816711590296443
235,0.1086842105263158,0.30000000000000004,30.0,5.6409307244843925,3782,84.71655208884157
236,0.1086842105263158,0.30000000000000004,50.0,6.434276206322788,4808,94.03410981697161
237,0.1086842105263158,0.30000000000000004,70.0,6.660271052230862,6567,97.15912897822439
238,0.1086842105263158,0.30000000000000004,90.0,6.921731358529093,7832,96.82086312563807
239,0.1086842105263158,0.30000000000000004,110.0,6.7855766304899,9859,85.88670250532542
240,0.1086842105263158,0.30000000000000004,130.0,5.929022204908465,12835,63.221114141020706
241,0.1086842105263158,0.30000000000000004,150.0,4.5749058808256535,15406,35.42379592366616
242,0.1086842105263158,0.30000000000000004,170.0,2.379649228908368,13228,9.597822800120904
243,0.1086842105263158,0.5,10.0,3.031457687195392,2257,31.572884359769535
244,0.1086842105263158,0.5,30.0,5.5731382978723465,3008,81.32047872340442
245,0.1086842105263158,0.5,50.0,6.533064109035839,3962,96.65673902069675
246,0.1086842105263158,0.5,70.0,6.577351040918877,5572,97.11647523330922
247,0.1086842105263158,0.5,90.0,6.759675967596758,6666,92.26162616261607
248,0.1086842105263158,0.5,110.0,6.845057364700409,8629,86.01019816896505
249,0.1086842105263158,0.5,130.0,6.072448714619562,11553,65.33930580801528
250,0.1086842105263158,0.5,150.0,4.685195264661863,14698,36.64532589467968
251,0.1086842105263158,0.5,170.0,2.536813368630048,12088,10.60944738583716
252,0.1086842105263158,0.7000000000000001,10.0,2.5271132376395404,2508,20.81259968102076
253,0.1086842105263158,0.7000000000000001,30.0,5.02815468113974,2948,62.79816824966087
254,0.1086842105263158,0.7000000000000001,50.0,5.734936503647673,3701,75.51715752499314
255,0.1086842105263158,0.7000000000000001,70.0,6.227421823748065,4573,80.06691449814102
256,0.1086842105263158,0.7000000000000001,90.0,6.394885219492547,4966,78.24184454289151
257,0.1086842105263158,0.7000000000000001,110.0,5.954907161803711,5655,64.65977011494246
258,0.1086842105263158,0.7000000000000001,130.0,5.281621712179622,5969,48.65237058133686
259,0.1086842105263158,0.7000000000000001,150.0,4.249999999999982,5048,29.85895404120432
260,0.1086842105263158,0.7000000000000001,170.0,2.661680092059841,1738,10.810126582278475
261,0.1086842105263158,0.9,10.0,1.6927753934191676,2796,11.6212446351931
262,0.1086842105263158,0.9,30.0,3.730086481565771,2197,41.16568047337274
263,0.1086842105263158,0.9,50.0,4.425048355899421,2068,44.63781431334618
264,0.1086842105263158,0.9,70.0,4.56033630069239,2022,44.62166172106817
265,0.1086842105263158,0.9,90.0,4.6709539121114645,1866,44.762057877813504
266,0.1086842105263158,0.9,110.0,4.36209150326798,1530,35.53856209150329
267,0.1086842105263158,0.9,130.0,4.041922290388531,978,30.297546012269958
268,0.1086842105263158,0.9,150.0,3.191446028513239,491,16.714867617107913
269,0.1086842105263158,0.9,170.0,2.507936507936506,63,9.936507936507931
270,0.13026315789473686,0.1,10.0,3.1136014737488473,3257,38.793675161191246
271,0.13026315789473686,0.1,30.0,5.796869796869783,3003,97.52847152847131
272,0.13026315789473686,0.1,50.0,6.233406731676632,3179,91.75526895250124
273,0.13026315789473686,0.1,70.0,6.623212321232106,3636,98.80638063806357
274,0.13026315789473686,0.1,90.0,6.650525236997177,3903,89.17115039713042
275,0.13026315789473686,0.1,110.0,6.225642268540952,4126,77.11415414444983
276,0.13026315789473686,0.1,130.0,5.438448566610454,4151,56.21271982654787
277,0.13026315789473686,0.1,150.0,4.209503885236108,3346,30.853855349671218
278,0.13026315789473686,0.1,170.0,2.5337895637296852,1169,11.004277159965786
279,0.13026315789473686,0.30000000000000004,10.0,3.170821413976304,2447,35.79934613812834
280,0.13026315789473686,0.30000000000000004,30.0,5.928075052119546,2878,93.5806115357886
281,0.13026315789473686,0.30000000000000004,50.0,6.443925233644852,3852,91.75129802699878
282,0.13026315789473686,0.30000000000000004,70.0,6.9060762509928475,5036,105.80877680698947
283,0.13026315789473686,0.30000000000000004,90.0,7.05424336211108,6139,98.5926046587391
284,0.13026315789473686,0.30000000000000004,110.0,7.008408714485934,7849,93.12179895528068
285,0.13026315789473686,0.30000000000000004,130.0,6.073443481765052,9926,66.52337295990323
286,0.13026315789473686,0.30000000000000004,150.0,4.642554274084122,11792,36.54452170963392
287,0.13026315789473686,0.30000000000000004,170.0,2.4712258573117905,10148,10.161214032321656
288,0.13026315789473686,0.5,10.0,2.9016189290161862,1606,29.28268991282687
289,0.13026315789473686,0.5,30.0,5.809256661991596,2139,84.67040673211808
290,0.13026315789473686,0.5,50.0,6.505950234403171,2773,92.22971510998914
291,0.13026315789473686,0.5,70.0,6.509033778476049,3819,86.5902068604345
292,0.13026315789473686,0.5,90.0,7.269354492815775,4663,106.05382800772044
293,0.13026315789473686,0.5,110.0,6.752376015206496,5787,86.91204423708274
294,0.13026315789473686,0.5,130.0,6.029227841218037,7356,63.856307775965206
295,0.13026315789473686,0.5,150.0,4.64593136692296,8713,34.9856536210259
296,0.13026315789473686,0.5,170.0,2.6449470472087517,5571,11.144677795727842
297,0.13026315789473686,0.7000000000000001,10.0,2.692122669873719,1663,24.42032471437163
298,0.13026315789473686,0.7000000000000001,30.0,4.944501018329933,1964,57.50967413441953
299,0.13026315789473686,0.7000000000000001,50.0,5.902040816326523,2450,71.50938775510213
300,0.13026315789473686,0.7000000000000001,70.0,6.368823938761323,2874,83.37926235212247
301,0.13026315789473686,0.7000000000000001,90.0,6.382053654024035,3243,78.75701510946637
302,0.13026315789473686,0.7000000000000001,110.0,6.210310965630135,3666,71.82678668848845
303,0.13026315789473686,0.7000000000000001,130.0,5.311254711900913,3714,48.26278944534202
304,0.13026315789473686,0.7000000000000001,150.0,4.173551072686508,3123,28.5968619916747
305,0.13026315789473686,0.7000000000000001,170.0,2.8044485634847054,1079,12.29101019462466
306,0.13026315789473686,0.9,10.0,1.5580163697640814,2077,9.543572460279247
307,0.13026315789473686,0.9,30.0,3.3014354066985643,1463,37.244019138755945
308,0.13026315789473686,0.9,50.0,4.100681302043903,1321,37.475397426192224
309,0.13026315789473686,0.9,70.0,4.418046357615891,1208,42.75745033112587
310,0.13026315789473686,0.9,90.0,4.686180422264874,1042,48.02591170825334
311,0.13026315789473686,0.9,110.0,4.221921515561572,739,32.16779431664412
312,0.13026315789473686,0.9,130.0,3.705394190871368,482,25.54771784232368
313,0.13026315789473686,0.9,150.0,3.3224299065420544,214,19.107476635514026
314,0.13026315789473686,0.9,170.0,2.56,25,11.440000000000003
315,0.1518421052631579,0.1,10.0,3.0825767401642903,2313,41.42585386943363
316,0.1518421052631579,0.1,30.0,6.169055857637192,2023,115.26643598615877
317,0.1518421052631579,0.1,50.0,6.896302975653755,2218,120.859332732191
318,0.1518421052631579,0.1,70.0,7.0027844073190115,2514,108.0377883850434
319,0.1518421052631579,0.1,90.0,6.67197682838522,2762,93.47067342505433
320,0.1518421052631579,0.1,110.0,6.653771131339408,3076,85.18107932379687
321,0.1518421052631579,0.1,130.0,5.671920231585712,3109,60.05403666773895
322,0.1518421052631579,0.1,150.0,4.3013023583245396,2841,32.35973248856031
323,0.1518421052631579,0.1,170.0,2.636550308008217,974,11.913757700205347
324,0.1518421052631579,0.30000000000000004,10.0,3.099169262720664,1926,29.367082035306304
325,0.1518421052631579,0.30000000000000004,30.0,6.2596412556053895,2230,110.68116591928263
326,0.1518421052631579,0.30000000000000004,50.0,6.944804088586021,2935,110.56524701873924
327,0.1518421052631579,0.30000000000000004,70.0,7.057900154400409,3886,105.18244981986601
328,0.1518421052631579,0.30000000000000004,90.0,7.225141896153036,4757,102.86651250788337
329,0.1518421052631579,0.30000000000000004,110.0,6.96022632717589,6009,93.46313862539485
330,0.1518421052631579,0.30000000000000004,130.0,6.1869897287332165,7594,68.47353173558078
331,0.1518421052631579,0.30000000000000004,150.0,4.6625109361329695,9144,36.60476815398063
332,0.1518421052631579,0.30000000000000004,170.0,2.480389429763569,7190,10.054798331015315
333,0.1518421052631579,0.5,10.0,3.0652340752110563,1303,31.353798925556383
334,0.1518421052631579,0.5,30.0,5.806633291614503,1598,82.64518147684599
335,0.1518421052631579,0.5,50.0,6.59752616555662,2102,97.64795432921038
336,0.1518421052631579,0.5,70.0,6.752757025969433,2811,96.15795090715048
337,0.1518421052631579,0.5,90.0,7.365356192728334,3383,115.71475022169655
338,0.1518421052631579,0.5,110.0,6.912366114897748,4108,89.01411879259986
339,0.1518421052631579,0.5,130.0,5.932654659357854,5108,61.37509788566952
340,0.1518421052631579,0.5,150.0,4.714552936775154,5346,37.04863449307893
341,0.1518421052631579,0.5,170.0,2.72615894039735,3020,11.511589403973547
342,0.1518421052631579,0.7000000000000001,10.0,2.574882995319812,1282,22.372074882995314
343,0.1518421052631579,0.7000000000000001,30.0,5.2318214542836365,1389,68.62275017998553
344,0.1518421052631579,0.7000000000000001,50.0,6.02193548387096,1550,79.54193548387101
345,0.1518421052631579,0.7000000000000001,70.0,6.174934725848573,1915,76.65953002610951
346,0.1518421052631579,0.7000000000000001,90.0,6.639222941720622,2162,85.56521739130449
347,0.1518421052631579,0.7000000000000001,110.0,6.183048149621965,2513,71.27019498607248
348,0.1518421052631579,0.7000000000000001,130.0,5.324157764995894,2434,47.77115858668841
349,0.1518421052631579,0.7000000000000001,150.0,4.158518518518515,2025,28.677037037036996
350,0.1518421052631579,0.7000000000000001,170.0,2.721728081321475,787,11.443456162642953
351,0.1518421052631579,0.9,10.0,1.4606918238993707,1272,7.624213836477976
352,0.1518421052631579,0.9,30.0,3.526371308016882,948,34.31962025316456
353,0.1518421052631579,0.9,50.0,3.8919597989949755,796,33.37688442211063
354,0.1518421052631579,0.9,70.0,4.286085825747727,769,40.616384915474654
355,0.1518421052631579,0.9,90.0,4.443082311733797,571,41.945709281961506
356,0.1518421052631579,0.9,110.0,4.246575342465747,438,36.17808219178091
357,0.1518421052631579,0.9,130.0,3.9012345679012377,243,29.49794238683127
358,0.1518421052631579,0.9,150.0,3.3658536585365875,123,20.731707317073184
359,0.1518421052631579,0.9,170.0,2.5714285714285716,14,9.428571428571427
360,0.17342105263157898,0.1,10.0,3.1352334748332327,1649,32.47058823529415
361,0.17342105263157898,0.1,30.0,6.317073170731704,1517,112.96440342781808
362,0.17342105263157898,0.1,50.0,7.442985074626856,1675,137.69492537313386
363,0.17342105263157898,0.1,70.0,7.262345679012348,1944,113.94341563786031
364,0.17342105263157898,0.1,90.0,7.456333973128592,2084,111.6981765834933
365,0.17342105263157898,0.1,110.0,6.773794808405448,2427,85.18005768438407
366,0.17342105263157898,0.1,130.0,5.817877094972063,2685,59.94599627560524
367,0.17342105263157898,0.1,150.0,4.204545454545452,2288,30.200174825174813
368,0.17342105263157898,0.1,170.0,2.464155528554077,823,10.439854191980563
369,0.17342105263157898,0.30000000000000004,10.0,3.5256154357950704,1503,51.74517631403854
370,0.17342105263157898,0.30000000000000004,30.0,6.006600660065992,1818,98.61386138613845
371,0.17342105263157898,0.30000000000000004,50.0,6.917001338688084,2241,112.0914770191878
372,0.17342105263157898,0.30000000000000004,70.0,7.034915254237295,2950,105.61322033898283
373,0.17342105263157898,0.30000000000000004,90.0,7.10517799352753,3708,106.67853290183379
374,0.17342105263157898,0.30000000000000004,110.0,7.209760273972607,4672,96.22474315068487
375,0.17342105263157898,0.30000000000000004,130.0,6.1989616479651435,5971,67.91023279182713
376,0.17342105263157898,0.30000000000000004,150.0,4.761727688787162,6992,38.69021739130443
377,0.17342105263157898,0.30000000000000004,170.0,2.5045378773847085,5399,10.50713095017596
378,0.17342105263157898,0.5,10.0,3.1004608294930844,1085,27.911520737327162
379,0.17342105263157898,0.5,30.0,6.081709145427298,1334,89.9422788605697
380,0.17342105263157898,0.5,50.0,6.663647342995148,1656,103.24335748792241
381,0.17342105263157898,0.5,70.0,6.909090909090917,2233,98.32333184057322
382,0.17342105263157898,0.5,90.0,7.252943564758436,2463,102.547300040601
383,0.17342105263157898,0.5,110.0,6.619386106623588,3095,82.57415185783529
384,0.17342105263157898,0.5,130.0,5.931746486951551,3487,62.27014625752795
385,0.17342105263157898,0.5,150.0,4.489049071250348,3607,33.4726919878015
386,0.17342105263157898,0.5,170.0,2.715869311551927,1714,11.732205367561253
387,0.17342105263157898,0.7000000000000001,10.0,2.3513513513513487,962,16.44906444906445
388,0.17342105263157898,0.7000000000000001,30.0,5.454456415279151,1021,72.57492654260525
389,0.17342105263157898,0.7000000000000001,50.0,6.409090909090901,1166,86.09519725557452
390,0.17342105263157898,0.7000000000000001,70.0,6.503434065934062,1456,92.16826923076923
391,0.17342105263157898,0.7000000000000001,90.0,6.617237008871977,1578,83.6463878326996
392,0.17342105263157898,0.7000000000000001,110.0,6.077883472057058,1682,67.95778834720556
393,0.17342105263157898,0.7000000000000001,130.0,5.47452606635071,1688,52.66646919431266
394,0.17342105263157898,0.7000000000000001,150.0,4.240398293029869,1406,28.61308677098148
395,0.17342105263157898,0.7000000000000001,170.0,2.7176470588235326,510,11.333333333333329
396,0.17342105263157898,0.9,10.0,1.3754646840148694,807,7.786864931846328
397,0.17342105263157898,0.9,30.0,2.9936708860759427,474,23.660337552742615
398,0.17342105263157898,0.9,50.0,3.4893617021276575,423,42.85106382978719
399,0.17342105263157898,0.9,70.0,3.2450980392156867,306,21.205882352941185
400,0.17342105263157898,0.9,90.0,4.246861924686191,239,46.430962343096255
401,0.17342105263157898,0.9,110.0,3.3959731543624168,149,23.798657718120815
402,0.17342105263157898,0.9,130.0,4.039473684210525,76,32.618421052631575
403,0.17342105263157898,0.9,150.0,3.678571428571429,28,19.32142857142857
404,0.17342105263157898,0.9,170.0,1.2000000000000002,5,2.0
405,0.195,0.1,10.0,3.442930153321976,1174,46.144804088586085
406,0.195,0.1,30.0,6.364203027604632,1123,106.09884238646475
407,0.195,0.1,50.0,7.418211120064458,1241,129.71958098307852
408,0.195,0.1,70.0,7.1268068331143,1522,107.16228646517725
409,0.195,0.1,90.0,7.640416907932828,1727,120.8135495078167
410,0.195,0.1,110.0,6.899900398406361,2008,89.77440239043815
411,0.195,0.1,130.0,5.856945085371471,2167,60.72173511767433
412,0.195,0.1,150.0,4.499762695775984,2107,33.68723303274795
413,0.195,0.1,170.0,2.653012048192769,830,11.61686746987951
414,0.195,0.30000000000000004,10.0,3.322103533278552,1217,46.63023829087917
415,0.195,0.30000000000000004,30.0,6.271276595744691,1504,104.91090425531917
416,0.195,0.30000000000000004,50.0,6.745689655172407,1856,96.83728448275852
417,0.195,0.30000000000000004,70.0,7.241638795986619,2392,110.7683946488294
418,0.195,0.30000000000000004,90.0,7.540300546448093,2928,113.54644808743178
419,0.195,0.30000000000000004,110.0,7.147699090658588,3629,97.60071645081264
420,0.195,0.30000000000000004,130.0,6.24848620766987,4459,71.58241758241739
421,0.195,0.30000000000000004,150.0,4.809076404892762,5641,39.42598829994683
422,0.195,0.30000000000000004,170.0,2.5098842815814737,4148,10.376808100289326
423,0.195,0.5,10.0,3.466049382716047,972,49.93518518518525
424,0.195,0.5,30.0,5.677816901408448,1136,80.48591549295779
425,0.195,0.5,50.0,6.792592592592585,1350,101.0592592592593
426,0.195,0.5,70.0,6.568009340338585,1713,89.71103327495616
427,0.195,0.5,90.0,7.015094339622655,2120,91.86226415094313
428,0.195,0.5,110.0,6.7319545823195375,2466,84.16098945660984
429,0.195,0.5,130.0,5.850428944423715,2681,60.265945542707925
430,0.195,0.5,150.0,4.5812574139976245,2529,35.32305258995655
431,0.195,0.5,170.0,2.7114384748700155,1154,11.321490467937608
432,0.195,0.7000000000000001,10.0,2.3303269447576094,887,19.074408117249153
433,0.195,0.7000000000000001,30.0,4.920329670329675,728,64.10989010989
434,0.195,0.7000000000000001,50.0,6.345986984815624,922,90.53470715835142
435,0.195,0.7000000000000001,70.0,5.963184079601987,1005,70.2656716417911
436,0.195,0.7000000000000001,90.0,6.564547206165707,1038,87.32947976878609
437,0.195,0.7000000000000001,110.0,6.1578947368420955,1102,68.61161524500896
438,0.195,0.7000000000000001,130.0,5.447519083969465,1048,51.315839694656546
439,0.195,0.7000000000000001,150.0,4.275499474237641,951,29.509989484752918
440,0.195,0.7000000000000001,170.0,2.881458966565349,329,13.01519756838906
441,0.195,0.9,10.0,1.0349854227405249,343,2.580174927113703
442,0.195,0.9,30.0,2.706806282722511,191,17.33507853403139
443,0.195,0.9,50.0,2.8333333333333344,156,17.85897435897435
444,0.195,0.9,70.0,2.7187499999999987,96,14.656249999999998
445,0.195,0.9,90.0,2.8382352941176454,68,15.867647058823525
446,0.195,0.9,110.0,3.6,30,28.133333333333333
447,0.195,0.9,130.0,1.4545454545454544,11,3.090909090909091
448,0.195,0.9,150.0,2.0,3,4.666666666666666
449,0.195,0.9,170.0,0.0,0,0.0
450,0.2165789473684211,0.1,10.0,3.6625282167042905,886,55.538374717833065
451,0.2165789473684211,0.1,30.0,6.614949037372585,883,112.12570781426942
452,0.2165789473684211,0.1,50.0,7.847127555988311,1027,139.42843232716666
453,0.2165789473684211,0.1,70.0,7.571659919028333,1235,121.20728744939234
454,0.2165789473684211,0.1,90.0,7.088295687885001,1461,98.46543463381227
455,0.2165789473684211,0.1,110.0,6.961494252873567,1740,90.81896551724115
456,0.2165789473684211,0.1,130.0,6.100297914597802,2014,68.28103277060572
457,0.2165789473684211,0.1,150.0,4.386375190645658,1967,32.706659888154505
458,0.2165789473684211,0.1,170.0,2.486486486486486,888,17.48423423423423
459,0.2165789473684211,0.30000000000000004,10.0,3.541709577754892,971,32.69104016477862
460,0.2165789473684211,0.30000000000000004,30.0,6.213930348258712,1206,108.73963515754556
461,0.2165789473684211,0.30000000000000004,50.0,7.098202824133503,1558,110.64890885750938
462,0.2165789473684211,0.30000000000000004,70.0,6.957873620862594,1994,106.08024072216655
463,0.2165789473684211,0.30000000000000004,90.0,7.677284157585914,2386,121.04023470243072
464,0.2165789473684211,0.30000000000000004,110.0,7.1266711229946385,2992,94.94084224598897
465,0.2165789473684211,0.30000000000000004,130.0,6.3395728974426735,3793,72.14500395465338
466,0.2165789473684211,0.30000000000000004,150.0,4.701337638376401,4336,37.70871771217719
467,0.2165789473684211,0.30000000000000004,170.0,2.5899165061014777,3114,11.15446371226715
468,0.2165789473684211,0.5,10.0,2.9319248826291058,852,26.507042253521142
469,0.2165789473684211,0.5,30.0,5.862001943634586,1029,81.35471331389716
470,0.2165789473684211,0.5,50.0,6.459415584415572,1232,88.6574675324675
471,0.2165789473684211,0.5,70.0,6.520182291666658,1536,84.59960937499993
472,0.2165789473684211,0.5,90.0,6.860759493670873,1659,89.81916817359829
473,0.2165789473684211,0.5,110.0,6.539261570462814,1923,79.37857514300573
474,0.2165789473684211,0.5,130.0,5.747848101265818,1975,57.93417721518982
475,0.2165789473684211,0.5,150.0,4.6208425720620765,1804,36.412416851441144
476,0.2165789473684211,0.5,170.0,2.7466827503015696,829,11.593486127864885
477,0.2165789473684211,0.7000000000000001,10.0,2.045395590142674,771,16.833981841763983
478,0.2165789473684211,0.7000000000000001,30.0,4.6975609756097585,615,55.673170731707295
479,0.2165789473684211,0.7000000000000001,50.0,5.880062305295956,642,81.2071651090343
480,0.2165789473684211,0.7000000000000001,70.0,6.284470246734394,689,79.25689404934693
481,0.2165789473684211,0.7000000000000001,90.0,6.231520223152022,717,77.81311018131117
482,0.2165789473684211,0.7000000000000001,110.0,6.169736842105261,760,68.9565789473685
483,0.2165789473684211,0.7000000000000001,130.0,5.616314199395771,662,56.39879154078547
484,0.2165789473684211,0.7000000000000001,150.0,4.417721518987339,553,32.26582278481011
485,0.2165789473684211,0.7000000000000001,170.0,2.807860262008733,229,12.78165938864629
486,0.2165789473684211,0.9,10.0,0.0,0,0.0
487,0.2165789473684211,0.9,30.0,0.0,0,0.0
488,0.2165789473684211,0.9,50.0,0.0,0,0.0
489,0.2165789473684211,0.9,70.0,0.0,0,0.0
490,0.2165789473684211,0.9,90.0,0.0,0,0.0
491,0.2165789473684211,0.9,110.0,0.0,0,0.0
492,0.2165789473684211,0.9,130.0,0.0,0,0.0
493,0.2165789473684211,0.9,150.0,0.0,0,0.0
494,0.2165789473684211,0.9,170.0,0.0,0,0.0
495,0.23815789473684212,0.1,10.0,3.9383954154727787,698,61.92693409742124
496,0.23815789473684212,0.1,30.0,6.45923913043478,736,118.60054347826093
497,0.23815789473684212,0.1,50.0,7.700814901047729,859,141.803259604191
498,0.23815789473684212,0.1,70.0,7.873626373626369,1092,132.08608058608044
499,0.23815789473684212,0.1,90.0,7.791833466773415,1249,120.78943154523618
500,0.23815789473684212,0.1,110.0,7.180503144654084,1590,97.45094339622632
501,0.23815789473684212,0.1,130.0,6.189434364994651,1874,69.25453575240141
502,0.23815789473684212,0.1,150.0,4.619263741805343,1983,35.74583963691381
503,0.23815789473684212,0.1,170.0,2.5347432024169088,993,10.786505538771387
504,0.23815789473684212,0.30000000000000004,10.0,3.493119266055046,872,47.91284403669723
505,0.23815789473684212,0.30000000000000004,30.0,7.100591715976326,1014,146.00591715976316
506,0.23815789473684212,0.30000000000000004,50.0,7.401263823064773,1266,121.24960505529207
507,0.23815789473684212,0.30000000000000004,70.0,7.1082725060827245,1644,105.42944038929423
508,0.23815789473684212,0.30000000000000004,90.0,7.496338912133891,1912,112.58838912133875
509,0.23815789473684212,0.30000000000000004,110.0,7.141982864137078,2451,95.02774377804953
510,0.23815789473684212,0.30000000000000004,130.0,6.173986486486501,2960,67.47398648648651
511,0.23815789473684212,0.30000000000000004,150.0,4.7685211876621665,3469,38.452003459210204
512,0.23815789473684212,0.30000000000000004,170.0,2.539457202505217,2395,10.546972860125244
513,0.23815789473684212,0.5,10.0,3.2997198879551806,714,51.74509803921573
514,0.23815789473684212,0.5,30.0,5.691712707182321,905,80.74364640883952
515,0.23815789473684212,0.5,50.0,6.853440571939228,1119,107.97408400357469
516,0.23815789473684212,0.5,70.0,6.9367088607594996,1343,98.54504839910646
517,0.23815789473684212,0.5,90.0,7.033738191632914,1482,94.86504723346833
518,0.23815789473684212,0.5,110.0,6.419001218026787,1642,75.91961023142487
519,0.23815789473684212,0.5,130.0,5.8927137119908215,1743,62.18187033849686
520,0.23815789473684212,0.5,150.0,4.558014755197848,1491,34.63447350771299
521,0.23815789473684212,0.5,170.0,2.7835051546391685,679,11.97349042709867
522,0.23815789473684212,0.7000000000000001,10.0,1.951515151515149,495,19.02222222222225
523,0.23815789473684212,0.7000000000000001,30.0,4.775862068965517,406,61.29802955665025
524,0.23815789473684212,0.7000000000000001,50.0,5.8442822384428315,411,91.74695863746963
525,0.23815789473684212,0.7000000000000001,70.0,6.169265033407567,449,91.0022271714921
526,0.23815789473684212,0.7000000000000001,90.0,6.112709832134289,417,74.09352517985606
527,0.23815789473684212,0.7000000000000001,110.0,6.43333333333334,420,81.08571428571433
528,0.23815789473684212,0.7000000000000001,130.0,5.591666666666675,360,53.41388888888894
529,0.23815789473684212,0.7000000000000001,150.0,4.38110749185668,307,29.618892508143315
530,0.23815789473684212,0.7000000000000001,170.0,2.9014084507042273,142,12.394366197183103
531,0.23815789473684212,0.9,10.0,0.0,0,0.0
532,0.23815789473684212,0.9,30.0,0.0,0,0.0
533,0.23815789473684212,0.9,50.0,0.0,0,0.0
534,0.23815789473684212,0.9,70.0,0.0,0,0.0
535,0.23815789473684212,0.9,90.0,0.0,0,0.0
536,0.23815789473684212,0.9,110.0,0.0,0,0.0
537,0.23815789473684212,0.9,130.0,0.0,0,0.0
538,0.23815789473684212,0.9,150.0,0.0,0,0.0
539,0.23815789473684212,0.9,170.0,0.0,0,0.0
540,0.25973684210526315,0.1,10.0,3.4801444043321252,554,37.657039711191416
541,0.25973684210526315,0.1,30.0,7.547546012269941,652,151.37576687116527
542,0.25973684210526315,0.1,50.0,7.359108781127141,763,115.73656618610758
543,0.25973684210526315,0.1,70.0,7.707291666666665,960,122.33020833333325
544,0.25973684210526315,0.1,90.0,7.789797713280561,1137,118.34740545294633
545,0.25973684210526315,0.1,110.0,7.1033236994219715,1384,99.22615606936417
546,0.25973684210526315,0.1,130.0,6.202939513849628,1769,72.60090446579981
547,0.25973684210526315,0.1,150.0,4.829078801331847,1802,40.71365149833511
548,0.25973684210526315,0.1,170.0,2.5555555555555522,1233,11.09245742092461
549,0.25973684210526315,0.30000000000000004,10.0,3.39509536784741,734,42.83106267029979
550,0.25973684210526315,0.30000000000000004,30.0,6.753810082063297,853,119.2297772567409
551,0.25973684210526315,0.30000000000000004,50.0,6.674881516587669,1055,96.4303317535546
552,0.25973684210526315,0.30000000000000004,70.0,7.395431834404001,1401,110.42755174875089
553,0.25973684210526315,0.30000000000000004,90.0,7.305389221556887,1670,105.47305389221549
554,0.25973684210526315,0.30000000000000004,110.0,7.369065100342633,2043,104.3176700930005
555,0.25973684210526315,0.30000000000000004,130.0,6.193680755026667,2437,68.91259745588826
556,0.25973684210526315,0.30000000000000004,150.0,4.713909774436077,2660,37.79661654135337
557,0.25973684210526315,0.30000000000000004,170.0,2.2092924126172133,2346,8.295396419437346
558,0.25973684210526315,0.5,10.0,3.307692307692308,624,35.03525641025645
559,0.25973684210526315,0.5,30.0,5.702426564495542,783,87.50830140485326
560,0.25973684210526315,0.5,50.0,6.500554938956716,901,95.24861265260822
561,0.25973684210526315,0.5,70.0,6.742154368108558,1179,94.124681933842
562,0.25973684210526315,0.5,90.0,7.439282803585991,1227,106.95843520782392
563,0.25973684210526315,0.5,110.0,6.581325301204805,1328,77.34939759036136
564,0.25973684210526315,0.5,130.0,5.640252454417953,1426,56.49438990182328
565,0.25973684210526315,0.5,150.0,4.297818791946317,1192,30.932046979865742
566,0.25973684210526315,0.5,170.0,2.813909774436089,532,12.077067669172925
567,0.25973684210526315,0.7000000000000001,10.0,2.166144200626958,319,44.41692789968654
568,0.25973684210526315,0.7000000000000001,30.0,4.646153846153847,260,62.16153846153849
569,0.25973684210526315,0.7000000000000001,50.0,5.686792452830186,265,75.4301886792454
570,0.25973684210526315,0.7000000000000001,70.0,5.760869565217386,230,70.96956521739133
571,0.25973684210526315,0.7000000000000001,90.0,6.657142857142854,245,87.26938775510212
572,0.25973684210526315,0.7000000000000001,110.0,6.131999999999996,250,66.012
573,0.25973684210526315,0.7000000000000001,130.0,4.729281767955797,181,36.04419889502762
574,0.25973684210526315,0.7000000000000001,150.0,4.435114503816794,131,30.893129770992385
575,0.25973684210526315,0.7000000000000001,170.0,2.5593220338983045,59,9.338983050847453
576,0.25973684210526315,0.9,10.0,0.0,0,0.0
577,0.25973684210526315,0.9,30.0,0.0,0,0.0
578,0.25973684210526315,0.9,50.0,0.0,0,0.0
579,0.25973684210526315,0.9,70.0,0.0,0,0.0
580,0.25973684210526315,0.9,90.0,0.0,0,0.0
581,0.25973684210526315,0.9,110.0,0.0,0,0.0
582,0.25973684210526315,0.9,130.0,0.0,0,0.0
583,0.25973684210526315,0.9,150.0,0.0,0,0.0
584,0.25973684210526315,0.9,170.0,0.0,0,0.0
585,0.28131578947368424,0.1,10.0,3.4937759336099607,482,56.95850622406644
586,0.28131578947368424,0.1,30.0,6.795570698466761,587,109.28960817717206
587,0.28131578947368424,0.1,50.0,7.384272997032628,674,122.90059347181014
588,0.28131578947368424,0.1,70.0,7.956130483689533,889,129.38695163104572
589,0.28131578947368424,0.1,90.0,7.372881355932201,1062,109.49529190207159
590,0.28131578947368424,0.1,110.0,7.307275541795658,1292,102.16640866873054
591,0.28131578947368424,0.1,130.0,6.306825297432666,1597,74.16280525986188
592,0.28131578947368424,0.1,150.0,4.749999999999994,1856,39.09913793103448
593,0.28131578947368424,0.1,170.0,2.5293617021276606,1175,10.413617021276592
594,0.28131578947368424,0.30000000000000004,10.0,3.0575657894736845,608,28.373355263157855
595,0.28131578947368424,0.30000000000000004,30.0,6.5482954545454515,704,109.74715909090902
596,0.28131578947368424,0.30000000000000004,50.0,7.483977900552489,905,115.21878453038677
597,0.28131578947368424,0.30000000000000004,70.0,7.236775818639803,1191,111.35768261964738
598,0.28131578947368424,0.30000000000000004,90.0,7.49076923076922,1300,114.17384615384626
599,0.28131578947368424,0.30000000000000004,110.0,7.442874692874695,1628,107.15909090909061
600,0.28131578947368424,0.30000000000000004,130.0,6.258848388800845,1893,70.66877971473839
601,0.28131578947368424,0.30000000000000004,150.0,4.591662719090469,2111,35.522974893415494
602,0.28131578947368424,0.30000000000000004,170.0,2.538577912254159,1322,10.562783661119527
603,0.28131578947368424,0.5,10.0,2.9516407599309162,579,27.50777202072536
604,0.28131578947368424,0.5,30.0,6.371040723981905,663,90.94117647058829
605,0.28131578947368424,0.5,50.0,6.169469598965067,773,79.1345407503235
606,0.28131578947368424,0.5,70.0,6.922105263157888,950,97.34947368421037
607,0.28131578947368424,0.5,90.0,7.42311661506707,969,105.36532507739928
608,0.28131578947368424,0.5,110.0,6.378500451671177,1107,73.475158084914
609,0.28131578947368424,0.5,130.0,5.6992882562277565,1124,57.165480427046276
610,0.28131578947368424,0.5,150.0,4.41666666666666,960,32.29583333333329
611,0.28131578947368424,0.5,170.0,2.7530562347188265,409,12.06356968215161
612,0.28131578947368424,0.7000000000000001,10.0,1.6896551724137947,290,14.117241379310348
613,0.28131578947368424,0.7000000000000001,30.0,5.037037037037042,162,79.4567901234568
614,0.28131578947368424,0.7000000000000001,50.0,5.453333333333337,150,66.78666666666665
615,0.28131578947368424,0.7000000000000001,70.0,6.622641509433963,159,104.76100628930817
616,0.28131578947368424,0.7000000000000001,90.0,6.115384615384614,156,75.87179487179493
617,0.28131578947368424,0.7000000000000001,110.0,6.727891156462585,147,88.75510204081634
618,0.28131578947368424,0.7000000000000001,130.0,4.824175824175824,91,44.53846153846155
619,0.28131578947368424,0.7000000000000001,150.0,3.7536231884057956,69,24.188405797101442
620,0.28131578947368424,0.7000000000000001,170.0,2.3888888888888893,18,7.833333333333334
621,0.28131578947368424,0.9,10.0,0.0,0,0.0
622,0.28131578947368424,0.9,30.0,0.0,0,0.0
623,0.28131578947368424,0.9,50.0,0.0,0,0.0
624,0.28131578947368424,0.9,70.0,0.0,0,0.0
625,0.28131578947368424,0.9,90.0,0.0,0,0.0
626,0.28131578947368424,0.9,110.0,0.0,0,0.0
627,0.28131578947368424,0.9,130.0,0.0,0,0.0
628,0.28131578947368424,0.9,150.0,0.0,0,0.0
629,0.28131578947368424,0.9,170.0,0.0,0,0.0
630,0.3028947368421053,0.1,10.0,3.606217616580312,579,43.60276338514684
631,0.3028947368421053,0.1,30.0,5.973404255319144,564,89.83865248226958
632,0.3028947368421053,0.1,50.0,7.521551724137944,696,126.75431034482747
633,0.3028947368421053,0.1,70.0,7.6047619047619115,840,129.73809523809538
634,0.3028947368421053,0.1,90.0,7.650650650650656,999,109.96096096096086
635,0.3028947368421053,0.1,110.0,7.3252427184465985,1236,101.46116504854366
636,0.3028947368421053,0.1,130.0,6.307481125600536,1457,69.77625257378163
637,0.3028947368421053,0.1,150.0,4.765177548682687,1746,37.86254295532637
638,0.3028947368421053,0.1,170.0,2.5047701647875114,1153,10.79098005203816
639,0.3028947368421053,0.30000000000000004,10.0,3.6205962059620598,369,43.01355013550138
640,0.3028947368421053,0.30000000000000004,30.0,6.905241935483873,496,106.99395161290325
641,0.3028947368421053,0.30000000000000004,50.0,7.804958677685964,605,129.54710743801684
642,0.3028947368421053,0.30000000000000004,70.0,7.867245657568239,806,130.5248138957816
643,0.3028947368421053,0.30000000000000004,90.0,7.544642857142865,1008,113.87202380952375
644,0.3028947368421053,0.30000000000000004,110.0,7.633601429848073,1119,106.04468275245749
645,0.3028947368421053,0.30000000000000004,130.0,6.082897684839428,1339,65.02539208364433
646,0.3028947368421053,0.30000000000000004,150.0,4.801724137931025,1508,38.065649867373956
647,0.3028947368421053,0.30000000000000004,170.0,2.492622020431326,881,10.276958002270142
648,0.3028947368421053,0.5,10.0,3.056680161943324,494,33.89878542510122
649,0.3028947368421053,0.5,30.0,5.840070298769767,569,77.60808435852373
650,0.3028947368421053,0.5,50.0,6.648241206030143,597,85.78726968174207
651,0.3028947368421053,0.5,70.0,6.885714285714289,735,88.50204081632656
652,0.3028947368421053,0.5,90.0,6.7256097560975565,820,81.32560975609756
653,0.3028947368421053,0.5,110.0,6.4032634032634075,858,74.90909090909093
654,0.3028947368421053,0.5,130.0,5.655819774718401,799,56.70212765957457
655,0.3028947368421053,0.5,150.0,4.24466571834993,703,31.146514935988662
656,0.3028947368421053,0.5,170.0,2.5111940298507447,268,9.369402985074627
657,0.3028947368421053,0.7000000000000001,10.0,1.7058823529411777,187,12.229946524064172
658,0.3028947368421053,0.7000000000000001,30.0,3.838461538461542,130,28.792307692307716
659,0.3028947368421053,0.7000000000000001,50.0,5.211382113821136,123,76.26829268292688
660,0.3028947368421053,0.7000000000000001,70.0,6.026315789473687,114,76.86842105263162
661,0.3028947368421053,0.7000000000000001,90.0,5.908333333333335,120,82.47500000000005
662,0.3028947368421053,0.7000000000000001,110.0,5.749999999999999,72,75.24999999999994
663,0.3028947368421053,0.7000000000000001,130.0,6.4507042253521085,71,79.54929577464786
664,0.3028947368421053,0.7000000000000001,150.0,3.8823529411764706,34,28.294117647058826
665,0.3028947368421053,0.7000000000000001,170.0,3.8823529411764706,17,24.0
666,0.3028947368421053,0.9,10.0,0.0,0,0.0
667,0.3028947368421053,0.9,30.0,0.0,0,0.0
668,0.3028947368421053,0.9,50.0,0.0,0,0.0
669,0.3028947368421053,0.9,70.0,0.0,0,0.0
670,0.3028947368421053,0.9,90.0,0.0,0,0.0
671,0.3028947368421053,0.9,110.0,0.0,0,0.0
672,0.3028947368421053,0.9,130.0,0.0,0,0.0
673,0.3028947368421053,0.9,150.0,0.0,0,0.0
674,0.3028947368421053,0.9,170.0,0.0,0,0.0
675,0.32447368421052636,0.1,10.0,3.586879432624116,564,49.59397163120565
676,0.32447368421052636,0.1,30.0,6.43261231281198,601,109.08818635607325
677,0.32447368421052636,0.1,50.0,7.389324960753523,637,130.40659340659334
678,0.32447368421052636,0.1,70.0,7.480600750938681,799,113.49061326658337
679,0.32447368421052636,0.1,90.0,7.533560864618888,879,117.7883959044369
680,0.32447368421052636,0.1,110.0,7.397031539888681,1078,100.6363636363637
681,0.32447368421052636,0.1,130.0,6.109237536656895,1364,67.10043988269797
682,0.32447368421052636,0.1,150.0,4.726675427069623,1522,38.51642575558485
683,0.32447368421052636,0.1,170.0,2.4929709465791916,1067,10.83786316776007
684,0.32447368421052636,0.30000000000000004,10.0,3.889447236180902,199,31.748743718592962
685,0.32447368421052636,0.30000000000000004,30.0,7.5649122807017575,285,128.9543859649123
686,0.32447368421052636,0.30000000000000004,50.0,8.28054298642534,442,151.67873303167428
687,0.32447368421052636,0.30000000000000004,70.0,7.9347442680776075,567,133.49735449735454
688,0.32447368421052636,0.30000000000000004,90.0,7.762318840579706,690,116.24927536231877
689,0.32447368421052636,0.30000000000000004,110.0,7.170533642691418,862,92.08236658932707
690,0.32447368421052636,0.30000000000000004,130.0,6.4748201438848945,973,77.94861253854052
691,0.32447368421052636,0.30000000000000004,150.0,4.921001926782266,1038,43.019267822735976
692,0.32447368421052636,0.30000000000000004,170.0,2.8901960784313676,510,14.560784313725488
693,0.32447368421052636,0.5,10.0,3.488721804511278,399,55.1027568922305
694,0.32447368421052636,0.5,30.0,5.497826086956518,460,72.08043478260868
695,0.32447368421052636,0.5,50.0,6.13690476190476,504,88.56547619047619
696,0.32447368421052636,0.5,70.0,7.058928571428567,560,104.35535714285717
697,0.32447368421052636,0.5,90.0,7.35085007727975,647,103.82380216383307
698,0.32447368421052636,0.5,110.0,6.52721617418351,643,75.77138413685852
699,0.32447368421052636,0.5,130.0,5.607999999999995,625,53.89599999999999
700,0.32447368421052636,0.5,150.0,4.39622641509433,477,33.440251572327014
701,0.32447368421052636,0.5,170.0,2.6943005181347095,193,10.766839378238345
702,0.32447368421052636,0.7000000000000001,10.0,1.5407407407407403,135,9.466666666666672
703,0.32447368421052636,0.7000000000000001,30.0,4.348623853211011,109,43.54128440366974
704,0.32447368421052636,0.7000000000000001,50.0,4.164948453608248,97,32.57731958762886
705,0.32447368421052636,0.7000000000000001,70.0,5.252873563218391,87,50.90804597701149
706,0.32447368421052636,0.7000000000000001,90.0,5.192982456140348,57,49.54385964912278
707,0.32447368421052636,0.7000000000000001,110.0,5.9242424242424185,66,65.46969696969697
708,0.32447368421052636,0.7000000000000001,130.0,5.846153846153845,52,70.42307692307688
709,0.32447368421052636,0.7000000000000001,150.0,2.9666666666666677,30,15.433333333333337
710,0.32447368421052636,0.7000000000000001,170.0,1.3333333333333335,9,3.5555555555555554
711,0.32447368421052636,0.9,10.0,0.0,0,0.0
712,0.32447368421052636,0.9,30.0,0.0,0,0.0
713,0.32447368421052636,0.9,50.0,0.0,0,0.0
714,0.32447368421052636,0.9,70.0,0.0,0,0.0
715,0.32447368421052636,0.9,90.0,0.0,0,0.0
716,0.32447368421052636,0.9,110.0,0.0,0,0.0
717,0.32447368421052636,0.9,130.0,0.0,0,0.0
718,0.32447368421052636,0.9,150.0,0.0,0,0.0
719,0.32447368421052636,0.9,170.0,0.0,0,0.0
720,0.3460526315789474,0.1,10.0,3.2766439909297067,441,38.5918367346939
721,0.3460526315789474,0.1,30.0,7.403765690376563,478,133.2698744769876
722,0.3460526315789474,0.1,50.0,7.495741056218057,587,127.91141396933533
723,0.3460526315789474,0.1,70.0,7.598387096774185,620,122.21774193548394
724,0.3460526315789474,0.1,90.0,7.683423913043479,736,127.34918478260879
725,0.3460526315789474,0.1,110.0,7.003831417624532,783,95.70114942528738
726,0.3460526315789474,0.1,130.0,6.43230174081238,1034,77.8210831721469
727,0.3460526315789474,0.1,150.0,4.81748318924112,1041,38.60806916426513
728,0.3460526315789474,0.1,170.0,2.4716732542819457,759,9.97101449275363
729,0.3460526315789474,0.30000000000000004,10.0,4.945355191256829,183,76.28961748633878
730,0.3460526315789474,0.30000000000000004,30.0,6.670454545454546,264,97.48106060606065
731,0.3460526315789474,0.30000000000000004,50.0,8.025495750708217,353,143.81019830028345
732,0.3460526315789474,0.30000000000000004,70.0,8.137787056367427,479,128.59290187891446
733,0.3460526315789474,0.30000000000000004,90.0,7.761732851985555,554,118.91696750902527
734,0.3460526315789474,0.30000000000000004,110.0,7.387596899224805,645,101.04961240310068
735,0.3460526315789474,0.30000000000000004,130.0,6.3083109919571125,746,69.15281501340476
736,0.3460526315789474,0.30000000000000004,150.0,4.708737864077666,721,39.43550624133152
737,0.3460526315789474,0.30000000000000004,170.0,2.5634517766497438,394,11.568527918781724
738,0.3460526315789474,0.5,10.0,2.7072463768115917,345,21.52463768115943
739,0.3460526315789474,0.5,30.0,5.504347826086948,345,68.28115942028985
740,0.3460526315789474,0.5,50.0,7.097297297297295,370,117.42162162162175
741,0.3460526315789474,0.5,70.0,6.960954446854655,461,96.70498915401309
742,0.3460526315789474,0.5,90.0,6.794055201698515,471,86.7685774946922
743,0.3460526315789474,0.5,110.0,6.79595959595959,495,84.21414141414155
744,0.3460526315789474,0.5,130.0,5.607565011820335,423,57.011820330969336
745,0.3460526315789474,0.5,150.0,4.567307692307688,312,33.09935897435898
746,0.3460526315789474,0.5,170.0,2.7377049180327875,122,11.213114754098362
747,0.3460526315789474,0.7000000000000001,10.0,2.1512605042016806,119,30.907563025210102
748,0.3460526315789474,0.7000000000000001,30.0,4.820895522388054,67,64.044776119403
749,0.3460526315789474,0.7000000000000001,50.0,5.736842105263157,57,79.35087719298247
750,0.3460526315789474,0.7000000000000001,70.0,4.826923076923073,52,47.48076923076922
751,0.3460526315789474,0.7000000000000001,90.0,6.381818181818183,55,79.76363636363632
752,0.3460526315789474,0.7000000000000001,110.0,5.428571428571425,42,63.23809523809527
753,0.3460526315789474,0.7000000000000001,130.0,3.5666666666666655,30,20.43333333333334
754,0.3460526315789474,0.7000000000000001,150.0,3.6153846153846145,26,19.384615384615387
755,0.3460526315789474,0.7000000000000001,170.0,3.0,4,11.499999999999998
756,0.3460526315789474,0.9,10.0,0.0,0,0.0
757,0.3460526315789474,0.9,30.0,0.0,0,0.0
758,0.3460526315789474,0.9,50.0,0.0,0,0.0
759,0.3460526315789474,0.9,70.0,0.0,0,0.0
760,0.3460526315789474,0.9,90.0,0.0,0,0.0
761,0.3460526315789474,0.9,110.0,0.0,0,0.0
762,0.3460526315789474,0.9,130.0,0.0,0,0.0
763,0.3460526315789474,0.9,150.0,0.0,0,0.0
764,0.3460526315789474,0.9,170.0,0.0,0,0.0
765,0.3676315789473684,0.1,10.0,3.628491620111733,358,45.84636871508382
766,0.3676315789473684,0.1,30.0,6.655612244897962,392,99.67091836734701
767,0.3676315789473684,0.1,50.0,8.097674418604656,430,167.9860465116278
768,0.3676315789473684,0.1,70.0,7.359922178988332,514,108.97470817120613
769,0.3676315789473684,0.1,90.0,6.844827586206899,580,86.45517241379316
770,0.3676315789473684,0.1,110.0,7.210210210210213,666,100.79579579579587
771,0.3676315789473684,0.1,130.0,6.33065595716199,747,68.05756358768407
772,0.3676315789473684,0.1,150.0,4.901428571428573,700,41.13285714285707
773,0.3676315789473684,0.1,170.0,2.6337209302325575,516,11.529069767441863
774,0.3676315789473684,0.30000000000000004,10.0,4.419161676646703,167,87.58083832335333
775,0.3676315789473684,0.30000000000000004,30.0,7.97379912663755,229,164.585152838428
776,0.3676315789473684,0.30000000000000004,50.0,8.081560283687942,282,148.71985815602838
777,0.3676315789473684,0.30000000000000004,70.0,7.705426356589144,387,111.3850129198966
778,0.3676315789473684,0.30000000000000004,90.0,7.680089485458607,447,102.58389261744962
779,0.3676315789473684,0.30000000000000004,110.0,6.988349514563107,515,89.96699029126205
780,0.3676315789473684,0.30000000000000004,130.0,6.091726618705035,556,66.24280575539568
781,0.3676315789473684,0.30000000000000004,150.0,4.711111111111114,495,37.317171717171725
782,0.3676315789473684,0.30000000000000004,170.0,2.7142857142857144,182,10.62637362637362
783,0.3676315789473684,0.5,10.0,2.8439999999999985,250,22.33200000000001
784,0.3676315789473684,0.5,30.0,6.1453900709219855,282,122.04609929078025
785,0.3676315789473684,0.5,50.0,6.75886524822695,282,95.53900709219864
786,0.3676315789473684,0.5,70.0,6.461095100864554,347,81.48126801152739
787,0.3676315789473684,0.5,90.0,6.790884718498659,373,88.96782841823055
788,0.3676315789473684,0.5,110.0,6.2046109510086405,347,70.11815561959645
789,0.3676315789473684,0.5,130.0,5.513793103448279,290,58.05862068965519
790,0.3676315789473684,0.5,150.0,4.3581395348837235,215,30.67441860465116
791,0.3676315789473684,0.5,170.0,2.706896551724136,58,13.431034482758614
792,0.3676315789473684,0.7000000000000001,10.0,1.6268656716417906,67,5.358208955223882
793,0.3676315789473684,0.7000000000000001,30.0,3.9166666666666634,48,34.79166666666668
794,0.3676315789473684,0.7000000000000001,50.0,4.757575757575757,33,49.060606060606055
795,0.3676315789473684,0.7000000000000001,70.0,6.93103448275862,29,95.48275862068965
796,0.3676315789473684,0.7000000000000001,90.0,6.585365853658537,41,87.3170731707317
797,0.3676315789473684,0.7000000000000001,110.0,5.1428571428571415,28,48.64285714285712
798,0.3676315789473684,0.7000000000000001,130.0,3.833333333333334,18,19.833333333333336
799,0.3676315789473684,0.7000000000000001,150.0,4.615384615384616,13,29.692307692307693
800,0.3676315789473684,0.7000000000000001,170.0,2.857142857142857,7,13.999999999999998
801,0.3676315789473684,0.9,10.0,0.0,0,0.0
802,0.3676315789473684,0.9,30.0,0.0,0,0.0
803,0.3676315789473684,0.9,50.0,0.0,0,0.0
804,0.3676315789473684,0.9,70.0,0.0,0,0.0
805,0.3676315789473684,0.9,90.0,0.0,0,0.0
806,0.3676315789473684,0.9,110.0,0.0,0,0.0
807,0.3676315789473684,0.9,130.0,0.0,0,0.0
808,0.3676315789473684,0.9,150.0,0.0,0,0.0
809,0.3676315789473684,0.9,170.0,0.0,0,0.0
810,0.3892105263157895,0.1,10.0,3.8396946564885504,262,54.75572519083974
811,0.3892105263157895,0.1,30.0,6.702702702702713,296,102.29729729729728
812,0.3892105263157895,0.1,50.0,8.52976190476191,336,170.67857142857153
813,0.3892105263157895,0.1,70.0,7.881868131868129,364,135.56868131868137
814,0.3892105263157895,0.1,90.0,8.143884892086328,417,135.7697841726619
815,0.3892105263157895,0.1,110.0,7.209876543209874,486,91.72427983539106
816,0.3892105263157895,0.1,130.0,6.371196754563895,493,72.44016227180529
817,0.3892105263157895,0.1,150.0,5.043763676148795,457,44.479212253829374
818,0.3892105263157895,0.1,170.0,2.6446991404011437,349,11.664756446991404
819,0.3892105263157895,0.30000000000000004,10.0,4.992957746478879,142,99.16197183098593
820,0.3892105263157895,0.30000000000000004,30.0,7.28947368421053,190,122.83684210526313
821,0.3892105263157895,0.30000000000000004,50.0,8.103305785123968,242,138.75619834710758
822,0.3892105263157895,0.30000000000000004,70.0,8.856666666666674,300,192.61000000000007
823,0.3892105263157895,0.30000000000000004,90.0,7.806045340050372,397,117.71536523929467
824,0.3892105263157895,0.30000000000000004,110.0,7.208333333333334,432,96.26851851851852
825,0.3892105263157895,0.30000000000000004,130.0,5.6497695852534555,434,51.14746543778809
826,0.3892105263157895,0.30000000000000004,150.0,4.717717717717715,333,36.00300300300305
827,0.3892105263157895,0.30000000000000004,170.0,2.534883720930232,129,10.596899224806203
828,0.3892105263157895,0.5,10.0,2.8295964125560538,223,23.05381165919281
829,0.3892105263157895,0.5,30.0,6.141630901287553,233,79.66952789699579
830,0.3892105263157895,0.5,50.0,7.207317073170728,246,127.13414634146353
831,0.3892105263157895,0.5,70.0,6.671999999999998,250,91.71199999999992
832,0.3892105263157895,0.5,90.0,6.589743589743594,273,86.21611721611717
833,0.3892105263157895,0.5,110.0,6.417857142857141,280,80.90357142857144
834,0.3892105263157895,0.5,130.0,5.318777292576411,229,50.27947598253278
835,0.3892105263157895,0.5,150.0,3.985714285714287,140,25.742857142857154
836,0.3892105263157895,0.5,170.0,2.8085106382978724,47,11.06382978723404
837,0.3892105263157895,0.7000000000000001,10.0,1.0681818181818177,44,2.431818181818182
838,0.3892105263157895,0.7000000000000001,30.0,1.8333333333333333,12,4.333333333333333
839,0.3892105263157895,0.7000000000000001,50.0,2.076923076923077,13,6.999999999999999
840,0.3892105263157895,0.7000000000000001,70.0,2.5555555555555554,9,13.888888888888888
841,0.3892105263157895,0.7000000000000001,90.0,5.2,5,44.0
842,0.3892105263157895,0.7000000000000001,110.0,2.6666666666666665,3,7.333333333333333
843,0.3892105263157895,0.7000000000000001,130.0,7.0,2,74.0
844,0.3892105263157895,0.7000000000000001,150.0,0.0,0,0.0
845,0.3892105263157895,0.7000000000000001,170.0,0.0,0,0.0
846,0.3892105263157895,0.9,10.0,0.0,0,0.0
847,0.3892105263157895,0.9,30.0,0.0,0,0.0
848,0.3892105263157895,0.9,50.0,0.0,0,0.0
849,0.3892105263157895,0.9,70.0,0.0,0,0.0
850,0.3892105263157895,0.9,90.0,0.0,0,0.0
851,0.3892105263157895,0.9,110.0,0.0,0,0.0
852,0.3892105263157895,0.9,130.0,0.0,0,0.0
853,0.3892105263157895,0.9,150.0,0.0,0,0.0
854,0.3892105263157895,0.9,170.0,0.0,0,0.0
855,0.7,0.1,10.0,3.9711538461538547,2184,56.949175824175796
856,0.7,0.1,30.0,7.317663167503423,2191,140.9780921953449
857,0.7,0.1,50.0,7.432242022378781,2413,120.73518441773754
858,0.7,0.1,70.0,7.689934438873886,2593,126.62630158117989
859,0.7,0.1,90.0,7.382579933847853,2721,111.89195148842327
860,0.7,0.1,110.0,6.923531730390213,2537,92.73117855735102
861,0.7,0.1,130.0,6.0797202797202985,2145,65.78228438228426
862,0.7,0.1,150.0,4.8348432055749075,1435,40.05714285714297
863,0.7,0.1,170.0,2.5887708649468886,659,10.840667678300449
864,0.7,0.30000000000000004,10.0,4.062226117440836,1141,56.32865907099039
865,0.7,0.30000000000000004,30.0,6.791371994342286,1414,105.72347949080613
866,0.7,0.30000000000000004,50.0,7.55954631379961,1587,127.05545053560147
867,0.7,0.30000000000000004,70.0,7.587728194726167,1972,121.7814401622719
868,0.7,0.30000000000000004,90.0,7.361462093862808,2216,103.19900722021652
869,0.7,0.30000000000000004,110.0,6.464236902050102,2195,75.33621867881534
870,0.7,0.30000000000000004,130.0,5.599693251533751,1956,55.06492842535779
871,0.7,0.30000000000000004,150.0,4.396551724137921,1334,32.392053973013454
872,0.7,0.30000000000000004,170.0,2.707395498392285,311,12.463022508038586
873,0.7,0.5,10.0,1.99743918053777,1562,15.974391805377733
874,0.7,0.5,30.0,4.595463137996214,1058,56.965973534971674
875,0.7,0.5,50.0,5.604229607250746,993,77.37663645518622
876,0.7,0.5,70.0,5.788671023965143,918,74.29847494553383
877,0.7,0.5,90.0,5.849154746423923,769,67.32119635890778
878,0.7,0.5,110.0,5.582945736434113,645,64.03255813953493
879,0.7,0.5,130.0,4.9121093749999964,512,43.341796875000036
880,0.7,0.5,150.0,3.9869706840390857,307,29.43322475570031
881,0.7,0.5,170.0,2.6956521739130412,69,11.59420289855072
882,0.7,0.7000000000000001,10.0,0.0,0,0.0
883,0.7,0.7000000000000001,30.0,0.0,0,0.0
884,0.7,0.7000000000000001,50.0,0.0,0,0.0
885,0.7,0.7000000000000001,70.0,0.0,0,0.0
886,0.7,0.7000000000000001,90.0,0.0,0,0.0
887,0.7,0.7000000000000001,110.0,0.0,0,0.0
888,0.7,0.7000000000000001,130.0,0.0,0,0.0
889,0.7,0.7000000000000001,150.0,0.0,0,0.0
890,0.7,0.7000000000000001,170.0,0.0,0,0.0
891,0.7,0.9,10.0,0.0,0,0.0
892,0.7,0.9,30.0,0.0,0,0.0
893,0.7,0.9,50.0,0.0,0,0.0
894,0.7,0.9,70.0,0.0,0,0.0
895,0.7,0.9,90.0,0.0,0,0.0
896,0.7,0.9,110.0,0.0,0,0.0
897,0.7,0.9,130.0,0.0,0,0.0
898,0.7,0.9,150.0,0.0,0,0.0
899,0.7,0.9,170.0,0.0,0,0.0
