,voc_bin,rtmean,rtcount,rt_squaredmean
0,0.0007894736842105274,15.141189761240007,170841,678.858868772717
1,0.022368421052631583,18.206323946585456,43359,784.0315505431372
2,0.04394736842105264,19.761561710760574,24153,924.8750465780655
3,0.0655263157894737,20.685133887349917,14079,981.2792101711783
4,0.08710526315789476,21.240355726475205,8321,1018.290469895445
5,0.1086842105263158,21.97969355731966,5417,1083.3121654052052
6,0.13026315789473686,22.527900337399426,3853,1201.076044640538
7,0.1518421052631579,23.03050969131367,2786,1188.3499641062422
8,0.17342105263157898,24.55801636976407,2077,1385.1088107847831
9,0.195,22.898022249690975,1618,1117.0203955500617
10,0.2165789473684211,24.072353389185018,1313,1445.5757806549882
11,0.23815789473684212,23.570482497634856,1057,1270.7814569536417
12,0.25973684210526315,23.68323699421968,865,1212.628901734104
13,0.28131578947368424,25.351198871650215,709,1744.2256699576863
14,0.3028947368421053,24.324873096446687,591,1214.1319796954308
15,0.32447368421052636,23.35974304068525,467,1310.8715203426154
16,0.3460526315789474,21.841807909604537,354,942.084745762712
17,0.3676315789473684,26.654320987654327,243,1488.563786008231
18,0.3892105263157895,22.34285714285714,210,1211.019047619048
19,0.7,24.049278846153832,832,1373.7752403846152
