,voc_bin,rtmean,rtcount,rt_squaredmean
0,0.0007894736842105274,23.7486411339986,135591,1909.5243489612108
1,0.022368421052631583,28.622491820366616,34537,2332.0453716304282
2,0.04394736842105264,31.083917547347543,19114,2717.354086010258
3,0.0655263157894737,32.938050660793145,10896,3205.084526431718
4,0.08710526315789476,33.49586279524588,6647,2949.0652926132116
5,0.1086842105263158,34.38345684915132,4183,2974.064068850108
6,0.13026315789473686,36.03712534059941,2936,3082.6481607629466
7,0.1518421052631579,35.06515444015444,2072,2847.6655405405445
8,0.17342105263157898,39.166982922201086,1581,4349.64516129031
9,0.195,37.456666666666635,1200,4352.678333333327
10,0.2165789473684211,36.2431332655137,983,3452.0661241098674
11,0.23815789473684212,36.82762691853603,847,3611.1038961038953
12,0.25973684210526315,37.69069069069074,666,3755.4054054054072
13,0.28131578947368424,36.60878661087867,478,3199.0815899581603
14,0.3028947368421053,39.27365728900249,391,3602.5166240409194
15,0.32447368421052636,40.886850152905225,327,4606.587155963303
16,0.3460526315789474,41.61087866108788,239,3780.9916317991674
17,0.3676315789473684,41.30569948186528,193,6325.844559585495
18,0.3892105263157895,45.66666666666671,144,8695.305555555562
19,0.7,41.21348314606744,623,4328.192616372387
