,voc_bin,rtmean,rtcount,rt_squaredmean
0,0.0007894736842105274,4.120285677905306,2371762,36.31776249050287
1,0.022368421052631583,4.710906177576973,581652,44.03560204383369
2,0.04394736842105264,5.03172320446663,319167,50.235945445487744
3,0.0655263157894737,5.266808315212274,180729,55.03290008797708
4,0.08710526315789476,5.437923168504002,110033,59.030518117292225
5,0.1086842105263158,5.5802204829493975,71933,61.21451906635339
6,0.13026315789473686,5.748796114920005,49008,66.76132468168431
7,0.1518421052631579,5.819670749522427,35596,67.23078435779279
8,0.17342105263157898,5.9967239042024465,26556,70.99280765175484
9,0.195,6.110376249265148,20412,73.85709386635307
10,0.2165789473684211,6.094026951560036,16474,73.5801262595606
11,0.23815789473684212,5.997239835882122,13405,70.47019768743016
12,0.25973684210526315,6.077518001600143,11249,73.32669570628478
13,0.28131578947368424,6.109936346962996,9269,72.52810443413513
14,0.3028947368421053,6.067269488971092,7299,72.11165913138765
15,0.32447368421052636,6.174072224995856,6009,77.54934265268764
16,0.3460526315789474,6.207419135942103,4421,75.03347658900685
17,0.3676315789473684,6.3893153208474045,3257,84.44089653054967
18,0.3892105263157895,6.342157250098797,2531,78.14934808376135
19,0.7,6.286279683377305,11370,79.76051011433594
