,voc_bin,elo_bin,rtmean,rtcount,rt_squaredmean
0,0.0007894736842105274,625.0,22.169811320754718,53,915.6415094339623
1,0.0007894736842105274,1387.5,37.37201365187713,879,4379.194539249145
2,0.0007894736842105274,1662.5,44.4075117370892,2130,5957.677934272301
3,0.0007894736842105274,2400.0,44.20309477756288,517,6155.673114119922
4,0.022368421052631583,625.0,32.5,12,1859.8333333333333
5,0.022368421052631583,1387.5,40.05617977528089,178,4046.393258426966
6,0.022368421052631583,1662.5,53.76297577854672,578,7042.098615916959
7,0.022368421052631583,2400.0,56.26573426573424,143,8186.461538461536
8,0.04394736842105264,625.0,31.545454545454547,11,1764.4545454545455
9,0.04394736842105264,1387.5,43.71000000000001,100,4844.410000000003
10,0.04394736842105264,1662.5,56.55068493150685,365,6630.479452054791
11,0.04394736842105264,2400.0,70.74157303370785,89,10590.629213483142
12,0.0655263157894737,625.0,15.428571428571429,7,292.85714285714283
13,0.0655263157894737,1387.5,42.5,76,3556.815789473685
14,0.0655263157894737,1662.5,65.7106598984772,197,9276.837563451787
15,0.0655263157894737,2400.0,42.64444444444444,45,3652.5999999999985
16,0.08710526315789476,625.0,28.0,2,865.0
17,0.08710526315789476,1387.5,48.0204081632653,49,3620.6326530612237
18,0.08710526315789476,1662.5,55.19626168224301,107,6350.448598130842
19,0.08710526315789476,2400.0,58.74285714285713,35,5365.028571428572
20,0.1086842105263158,625.0,16.0,3,456.66666666666663
21,0.1086842105263158,1387.5,50.33333333333332,18,3844.333333333333
22,0.1086842105263158,1662.5,77.55208333333336,96,15816.697916666672
23,0.1086842105263158,2400.0,42.74074074074075,27,2952.666666666667
24,0.13026315789473686,625.0,15.0,1,225.0
25,0.13026315789473686,1387.5,50.125000000000014,16,4313.625
26,0.13026315789473686,1662.5,75.93939393939394,66,11531.636363636366
27,0.13026315789473686,2400.0,71.9090909090909,22,9525.818181818182
28,0.1518421052631579,625.0,15.0,1,225.0
29,0.1518421052631579,1387.5,56.16666666666667,12,6635.333333333332
30,0.1518421052631579,1662.5,49.617647058823536,34,4573.2058823529405
31,0.1518421052631579,2400.0,51.5,8,6073.249999999999
32,0.17342105263157898,625.0,0.0,0,0.0
33,0.17342105263157898,1387.5,43.72727272727273,11,3098.4545454545455
34,0.17342105263157898,1662.5,58.12500000000001,24,5134.458333333333
35,0.17342105263157898,2400.0,65.54545454545455,11,11829.363636363636
36,0.195,625.0,26.0,2,845.0
37,0.195,1387.5,65.44444444444444,9,6858.1111111111095
38,0.195,1662.5,82.7272727272727,22,20837.545454545452
39,0.195,2400.0,45.75,4,4507.25
40,0.2165789473684211,625.0,0.0,0,0.0
41,0.2165789473684211,1387.5,45.0,4,3546.5
42,0.2165789473684211,1662.5,39.125,16,2199.25
43,0.2165789473684211,2400.0,17.5,2,306.5
44,0.23815789473684212,625.0,0.0,0,0.0
45,0.23815789473684212,1387.5,63.00000000000001,9,6967.444444444444
46,0.23815789473684212,1662.5,72.45454545454545,11,8977.181818181818
47,0.23815789473684212,2400.0,68.60000000000001,5,8994.2
48,0.25973684210526315,625.0,0.0,0,0.0
49,0.25973684210526315,1387.5,7.0,1,49.0
50,0.25973684210526315,1662.5,63.81818181818181,11,6105.999999999998
51,0.25973684210526315,2400.0,40.0,4,3065.5
52,0.28131578947368424,625.0,0.0,0,0.0
53,0.28131578947368424,1387.5,61.25,4,7963.25
54,0.28131578947368424,1662.5,152.5,2,33558.5
55,0.28131578947368424,2400.0,41.60000000000001,5,2703.6
56,0.3028947368421053,625.0,0.0,0,0.0
57,0.3028947368421053,1387.5,24.999999999999996,3,635.6666666666666
58,0.3028947368421053,1662.5,126.75,4,28107.75
59,0.3028947368421053,2400.0,18.666666666666664,3,353.99999999999994
60,0.32447368421052636,625.0,0.0,0,0.0
61,0.32447368421052636,1387.5,77.5,2,9086.5
62,0.32447368421052636,1662.5,58.28571428571428,7,4407.142857142856
63,0.32447368421052636,2400.0,43.0,1,1849.0
64,0.3460526315789474,625.0,0.0,0,0.0
65,0.3460526315789474,1387.5,16.5,2,428.5
66,0.3460526315789474,1662.5,36.0,2,2257.0
67,0.3460526315789474,2400.0,45.75,4,3034.25
68,0.3676315789473684,625.0,0.0,0,0.0
69,0.3676315789473684,1387.5,93.0,1,8649.0
70,0.3676315789473684,1662.5,54.666666666666664,3,5458.666666666666
71,0.3676315789473684,2400.0,0.0,0,0.0
72,0.3892105263157895,625.0,0.0,0,0.0
73,0.3892105263157895,1387.5,114.0,1,12996.0
74,0.3892105263157895,1662.5,52.0,2,3929.0
75,0.3892105263157895,2400.0,0.0,0,0.0
76,0.7,625.0,0.0,0,0.0
77,0.7,1387.5,60.33333333333333,3,6873.666666666666
78,0.7,1662.5,155.0,3,56367.0
79,0.7,2400.0,44.85714285714286,7,2981.428571428571
