,voc_bin,U_bin,clock_bin,rtmean,rtcount,rt_squaredmean
0,0.0007894736842105274,0.1,30.0,1.6251805335726397,1400709,5.097679103939492
1,0.0007894736842105274,0.30000000000000004,30.0,1.7356627073973798,700045,5.65108528737436
2,0.0007894736842105274,0.5,30.0,1.345819605765764,3518771,3.672009630635236
3,0.0007894736842105274,0.7000000000000001,30.0,1.7618474420224899,964512,5.287124473308785
4,0.0007894736842105274,0.9,30.0,1.619871490170311,1828187,4.369258724627163
5,0.022368421052631583,0.1,30.0,1.8468510865675476,407982,6.250265943105315
6,0.022368421052631583,0.30000000000000004,30.0,1.8295524964589214,180736,6.036937854107649
7,0.022368421052631583,0.5,30.0,1.4990186280656221,805505,4.22922638593181
8,0.022368421052631583,0.7000000000000001,30.0,1.8508590879619604,185080,5.569532094229508
9,0.022368421052631583,0.9,30.0,1.7901403700420544,335043,5.077730321182642
10,0.04394736842105264,0.1,30.0,1.9030182732205603,200512,6.699010533035431
11,0.04394736842105264,0.30000000000000004,30.0,1.9013844499310804,132038,6.403103651978983
12,0.04394736842105264,0.5,30.0,1.7169426298824675,326372,5.260334832644944
13,0.04394736842105264,0.7000000000000001,30.0,1.9216773944495233,119161,6.074932234539819
14,0.04394736842105264,0.9,30.0,1.7868175397653976,130264,5.1897070564392225
15,0.0655263157894737,0.1,30.0,1.9759321661050513,100009,7.313771760541564
16,0.0655263157894737,0.30000000000000004,30.0,1.9358038976204968,93339,6.626726234478618
17,0.0655263157894737,0.5,30.0,1.855337172481058,149686,5.970244378231768
18,0.0655263157894737,0.7000000000000001,30.0,1.9685355005216636,72844,6.3157157761792275
19,0.0655263157894737,0.9,30.0,1.798717896701427,49294,5.2493204041059895
20,0.08710526315789476,0.1,30.0,2.0125089349535377,53162,7.651235845152564
21,0.08710526315789476,0.30000000000000004,30.0,1.9720923238854204,66505,6.7749492519359436
22,0.08710526315789476,0.5,30.0,1.9460326314321557,78881,6.49911892597709
23,0.08710526315789476,0.7000000000000001,30.0,2.016894681634563,44807,6.680853438078864
24,0.08710526315789476,0.9,30.0,1.7453681249393704,20618,5.097875642642348
25,0.1086842105263158,0.1,30.0,2.0661836061331402,30914,8.05039787798408
26,0.1086842105263158,0.30000000000000004,30.0,2.013855945604047,50592,7.168228178368126
27,0.1086842105263158,0.5,30.0,2.024603210696251,43978,6.980945017963526
28,0.1086842105263158,0.7000000000000001,30.0,2.025278242525649,27494,6.656543245799072
29,0.1086842105263158,0.9,30.0,1.6588042252076707,9751,4.863398625781985
30,0.13026315789473686,0.1,30.0,2.115484645393613,19994,8.451085325597676
31,0.13026315789473686,0.30000000000000004,30.0,2.0487041036717,37040,7.367764578833709
32,0.13026315789473686,0.5,30.0,2.0738857313790087,26744,7.267424469039767
33,0.13026315789473686,0.7000000000000001,30.0,2.0650302466263373,17192,6.97661703117728
34,0.13026315789473686,0.9,30.0,1.6053189439198243,5189,4.515320871073418
35,0.1518421052631579,0.1,30.0,2.1599659042477652,14078,8.619974428185827
36,0.1518421052631579,0.30000000000000004,30.0,2.0724027492892856,27789,7.456835438482837
37,0.1518421052631579,0.5,30.0,2.1377810007251603,17927,7.754113906398162
38,0.1518421052631579,0.7000000000000001,30.0,2.115696586148506,11219,7.487298333184775
39,0.1518421052631579,0.9,30.0,1.5342605156038005,2948,4.379579375848035
40,0.17342105263157898,0.1,30.0,2.2145656121571196,10463,9.246965497467245
41,0.17342105263157898,0.30000000000000004,30.0,2.099990403991936,20842,7.582381729200664
42,0.17342105263157898,0.5,30.0,2.1604002188696927,12793,8.107715156726346
43,0.17342105263157898,0.7000000000000001,30.0,2.0998691099476403,7640,7.4299738219895195
44,0.17342105263157898,0.9,30.0,1.3818797629127855,1181,3.4513124470787404
45,0.195,0.1,30.0,2.234195568959513,8621,9.224103932258444
46,0.195,0.30000000000000004,30.0,2.1116459914830616,16203,7.768869962352652
47,0.195,0.5,30.0,2.1462595419847306,9825,7.696386768447838
48,0.195,0.7000000000000001,30.0,2.074230769230768,5200,7.083076923076912
49,0.195,0.9,30.0,1.0791788856304991,341,2.2756598240469215
50,0.2165789473684211,0.1,30.0,2.226937772925759,7328,9.163073144104763
51,0.2165789473684211,0.30000000000000004,30.0,2.1744095711622085,12872,8.450823492852681
52,0.2165789473684211,0.5,30.0,2.170781111533101,7899,8.082415495632366
53,0.2165789473684211,0.7000000000000001,30.0,2.093230403800473,3368,7.587292161520188
54,0.2165789473684211,0.9,30.0,0.0,0,0.0
55,0.23815789473684212,0.1,30.0,2.2253717472118986,6456,8.801579925650543
56,0.23815789473684212,0.30000000000000004,30.0,2.174371373307543,10340,8.435299806576374
57,0.23815789473684212,0.5,30.0,2.1853422168382775,6604,7.998788612961826
58,0.23815789473684212,0.7000000000000001,30.0,2.035993740219089,1917,8.261345852895161
59,0.23815789473684212,0.9,30.0,0.0,0,0.0
60,0.25973684210526315,0.1,30.0,2.2003891050583637,6168,8.919909208819728
61,0.25973684210526315,0.30000000000000004,30.0,2.1379147479041105,8469,8.140748612587089
62,0.25973684210526315,0.5,30.0,2.2039101041476346,5473,8.26859126621593
63,0.25973684210526315,0.7000000000000001,30.0,1.9532619279454742,1027,6.92502434274586
64,0.25973684210526315,0.9,30.0,0.0,0,0.0
65,0.28131578947368424,0.1,30.0,2.217304552875031,5513,8.783239615454377
66,0.28131578947368424,0.30000000000000004,30.0,2.2206235011990354,6255,8.721342925659439
67,0.28131578947368424,0.5,30.0,2.1971153846153793,4368,7.947115384615396
68,0.28131578947368424,0.7000000000000001,30.0,1.8933121019108283,628,6.4984076433121025
69,0.28131578947368424,0.9,30.0,0.0,0,0.0
70,0.3028947368421053,0.1,30.0,2.1864901693595553,5137,8.766984621374325
71,0.3028947368421053,0.30000000000000004,30.0,2.237868284228779,4616,8.519064124783364
72,0.3028947368421053,0.5,30.0,2.1881188118811896,3434,8.237041351193955
73,0.3028947368421053,0.7000000000000001,30.0,1.8901734104046253,346,5.999999999999989
74,0.3028947368421053,0.9,30.0,0.0,0,0.0
75,0.32447368421052636,0.1,30.0,2.23491993858302,4559,9.223733274840972
76,0.32447368421052636,0.30000000000000004,30.0,2.351177039664623,3101,9.314737181554325
77,0.32447368421052636,0.5,30.0,2.2044111855061046,2539,8.680976762504908
78,0.32447368421052636,0.7000000000000001,30.0,2.0631970260223063,269,9.869888475836428
79,0.32447368421052636,0.9,30.0,0.0,0,0.0
80,0.3460526315789474,0.1,30.0,2.2648712636874806,3379,9.250369931932541
81,0.3460526315789474,0.30000000000000004,30.0,2.3425212809079907,2467,9.239967571949737
82,0.3460526315789474,0.5,30.0,2.131820637493246,1851,7.487844408427892
83,0.3460526315789474,0.7000000000000001,30.0,1.933628318584069,226,6.34070796460177
84,0.3460526315789474,0.9,30.0,0.0,0,0.0
85,0.3676315789473684,0.1,30.0,2.257279617072195,2507,9.828879138412448
86,0.3676315789473684,0.30000000000000004,30.0,2.3542234332425003,1835,9.568392370572194
87,0.3676315789473684,0.5,30.0,2.1822255414488385,1339,8.392830470500366
88,0.3676315789473684,0.7000000000000001,30.0,1.6890756302521008,119,5.016806722689078
89,0.3676315789473684,0.9,30.0,0.0,0,0.0
90,0.3892105263157895,0.1,30.0,2.2843249427917582,1748,9.664187643020592
91,0.3892105263157895,0.30000000000000004,30.0,2.356830941983778,1603,9.554585152838428
92,0.3892105263157895,0.5,30.0,2.259842519685041,1016,8.99409448818897
93,0.3892105263157895,0.7000000000000001,30.0,1.0370370370370374,27,2.4444444444444446
94,0.3892105263157895,0.9,30.0,0.0,0,0.0
95,0.7,0.1,30.0,2.3704023298457595,9271,10.618703483982339
96,0.7,0.30000000000000004,30.0,2.325127667932427,7637,9.22390991226917
97,0.7,0.5,30.0,1.9881956155143368,2965,7.4114671163575165
98,0.7,0.7000000000000001,30.0,0.0,0,0.0
99,0.7,0.9,30.0,0.0,0,0.0
