,voc_bin,rtmean,rtcount,rt_squaredmean
0,0.0007894736842105274,23.364902778611285,133304,1463.9692207285568
1,0.022368421052631583,28.45486605026078,33744,1905.8092994310173
2,0.04394736842105264,30.221936364591127,19046,2061.1568308306187
3,0.0655263157894737,31.638878809869325,11024,2298.312862844711
4,0.08710526315789476,32.33554716981135,6625,2369.884830188682
5,0.1086842105263158,33.588412514484325,4315,2609.5096176129773
6,0.13026315789473686,33.59797639123104,2965,2412.609106239462
7,0.1518421052631579,36.61258426966294,2225,3054.976629213476
8,0.17342105263157898,37.3886838868389,1626,3219.29766297663
9,0.195,33.806378132118404,1317,2727.4768413059983
10,0.2165789473684211,35.50346191889225,1011,3242.9297725024753
11,0.23815789473684212,33.838461538461594,780,2327.843589743591
12,0.25973684210526315,35.44034090909098,704,2717.6335227272725
13,0.28131578947368424,37.107508532423175,586,2798.6262798634802
14,0.3028947368421053,39.26190476190479,462,3547.9155844155816
15,0.32447368421052636,37.05352112676057,355,2974.9014084507025
16,0.3460526315789474,36.174825174825195,286,4268.909090909092
17,0.3676315789473684,33.765625000000014,192,2486.9322916666697
18,0.3892105263157895,37.70555555555558,180,2731.4500000000003
19,0.7,37.047112462006076,658,3094.5425531914925
