,voc_bin,elo_bin,rtmean,rtcount,rt_squaredmean
0,0.0007894736842105274,625.0,13.644292955776981,11442,487.6238419856669
1,0.0007894736842105274,1387.5,14.785752520296196,44836,667.2153180479991
2,0.0007894736842105274,1662.5,15.366980412854788,68208,781.2082600281481
3,0.0007894736842105274,2400.0,16.443302936501244,59765,766.6083828327605
4,0.022368421052631583,625.0,16.755646057015927,2701,651.1036653091438
5,0.022368421052631583,1387.5,17.49351234456659,11098,711.9501712020165
6,0.022368421052631583,1662.5,18.508318789994235,17190,781.3700988947068
7,0.022368421052631583,2400.0,20.7262891490036,15805,1086.6029104713693
8,0.04394736842105264,625.0,16.464100666173202,1351,665.1968911917094
9,0.04394736842105264,1387.5,18.104557640750674,5968,756.8016085790892
10,0.04394736842105264,1662.5,19.610029009531686,9652,863.1052631578942
11,0.04394736842105264,2400.0,22.261398176291856,8554,1187.350946925415
12,0.0655263157894737,625.0,17.877241379310362,725,686.2800000000001
13,0.0655263157894737,1387.5,19.183419374430603,3293,885.3880959611294
14,0.0655263157894737,1662.5,20.922381711855373,5643,962.7185894027973
15,0.0655263157894737,2400.0,23.6615445232467,5076,1420.2285263987367
16,0.08710526315789476,625.0,20.769953051643203,426,891.0798122065727
17,0.08710526315789476,1387.5,19.306395637084776,2017,775.649479424888
18,0.08710526315789476,1662.5,21.27469593592407,3371,1075.5606644912452
19,0.08710526315789476,2400.0,23.974836905871413,3219,1350.410375893137
20,0.1086842105263158,625.0,17.692307692307697,247,727.0202429149805
21,0.1086842105263158,1387.5,20.21593625498007,1255,990.6653386454175
22,0.1086842105263158,1662.5,22.460762823323154,2281,1102.4791758000888
23,0.1086842105263158,2400.0,25.19887693027609,2137,1545.548900327561
24,0.13026315789473686,625.0,19.815789473684227,190,1277.4052631578952
25,0.13026315789473686,1387.5,20.559954751131247,884,946.2341628959284
26,0.13026315789473686,1662.5,22.544579858883935,1559,1139.419499679282
27,0.13026315789473686,2400.0,26.161502966381,1517,1570.183915622938
28,0.1518421052631579,625.0,20.977611940298498,134,826.1716417910445
29,0.1518421052631579,1387.5,20.699685534591154,636,974.1745283018863
30,0.1518421052631579,1662.5,22.529200359389076,1113,1073.6666666666665
31,0.1518421052631579,2400.0,24.019730941704058,1115,1351.219730941702
32,0.17342105263157898,625.0,18.932692307692324,104,696.1057692307695
33,0.17342105263157898,1387.5,23.653061224489793,441,1112.8004535147386
34,0.17342105263157898,1662.5,23.66902237926979,849,1169.7114252061253
35,0.17342105263157898,2400.0,26.63163972286375,866,1689.1466512702088
36,0.195,625.0,16.929824561403507,57,650.719298245614
37,0.195,1387.5,22.190839694656486,393,921.9312977099245
38,0.195,1662.5,24.067484662576685,652,1160.7331288343548
39,0.195,2400.0,29.930303030303033,660,2006.6151515151519
40,0.2165789473684211,625.0,20.42372881355933,59,616.4576271186438
41,0.2165789473684211,1387.5,21.91739130434783,230,1030.8652173913038
42,0.2165789473684211,1662.5,23.501858736059503,538,1122.2118959107795
43,0.2165789473684211,2400.0,25.25714285714288,490,1615.1632653061233
44,0.23815789473684212,625.0,22.666666666666664,42,1131.2857142857142
45,0.23815789473684212,1387.5,23.19642857142855,224,1207.0982142857147
46,0.23815789473684212,1662.5,22.148401826484044,438,1015.9657534246583
47,0.23815789473684212,2400.0,24.918918918918923,444,1274.7612612612613
48,0.25973684210526315,625.0,24.837209302325576,43,1380.930232558139
49,0.25973684210526315,1387.5,21.98557692307694,208,941.0336538461539
50,0.25973684210526315,1662.5,25.550432276657048,347,2101.7867435158496
51,0.25973684210526315,2400.0,26.560906515580744,353,1479.6147308781858
52,0.28131578947368424,625.0,18.18181818181818,22,594.8181818181818
53,0.28131578947368424,1387.5,23.919540229885065,174,1088.9655172413798
54,0.28131578947368424,1662.5,22.722222222222257,306,1203.2581699346395
55,0.28131578947368424,2400.0,30.21090909090911,275,2327.54181818182
56,0.3028947368421053,625.0,24.04347826086956,23,1266.3043478260872
57,0.3028947368421053,1387.5,20.666666666666675,114,838.6842105263163
58,0.3028947368421053,1662.5,23.41634241245138,257,1239.657587548637
59,0.3028947368421053,2400.0,26.585152838427973,229,1747.5545851528386
60,0.32447368421052636,625.0,17.923076923076923,13,527.3076923076924
61,0.32447368421052636,1387.5,20.795454545454547,88,847.9545454545458
62,0.32447368421052636,1662.5,25.326424870466322,193,1330.4145077720207
63,0.32447368421052636,2400.0,27.41573033707866,178,1839.9101123595512
64,0.3460526315789474,625.0,16.772727272727266,22,441.2272727272727
65,0.3460526315789474,1387.5,22.476744186046517,86,1114.8720930232557
66,0.3460526315789474,1662.5,22.62500000000001,136,1116.477941176471
67,0.3460526315789474,2400.0,27.311594202898558,138,1699.166666666667
68,0.3676315789473684,625.0,16.23076923076923,13,421.3076923076923
69,0.3676315789473684,1387.5,19.000000000000004,56,550.9642857142857
70,0.3676315789473684,1662.5,23.20512820512821,117,1143.2222222222222
71,0.3676315789473684,2400.0,22.37037037037038,108,1228.1111111111125
72,0.3892105263157895,625.0,22.0,5,737.6
73,0.3892105263157895,1387.5,22.461538461538467,39,926.6153846153848
74,0.3892105263157895,1662.5,26.39080459770115,87,1278.6666666666667
75,0.3892105263157895,2400.0,24.324324324324316,74,1191.0
76,0.7,625.0,20.216216216216225,37,789.0810810810813
77,0.7,1387.5,25.76111111111111,180,1554.1722222222224
78,0.7,1662.5,25.43163538873996,373,1326.2841823056308
79,0.7,2400.0,25.188449848024316,329,1651.7659574468078
