,voc_bin,U_bin,clock_bin,rtmean,rtcount,rt_squaredmean
0,0.0007894736842105274,0.1,10.0,1.5535684849669902,879631,5.074526704947886
1,0.0007894736842105274,0.1,30.0,1.8289156018617765,792790,5.872102322178616
2,0.0007894736842105274,0.1,50.0,1.4070648356230728,357319,3.6840106459493946
3,0.0007894736842105274,0.30000000000000004,10.0,1.7185202692790469,245396,6.166180377838272
4,0.0007894736842105274,0.30000000000000004,30.0,2.042840464100376,358026,7.361269851910222
5,0.0007894736842105274,0.30000000000000004,50.0,1.488793007149242,358080,3.932939566577307
6,0.0007894736842105274,0.5,10.0,1.6614637779462382,375945,6.347149184056151
7,0.0007894736842105274,0.5,30.0,2.0807261786043107,759097,7.91654953187802
8,0.0007894736842105274,0.5,50.0,1.1858627744064156,3629425,2.6836851567397044
9,0.0007894736842105274,0.7000000000000001,10.0,1.744613092466722,268475,6.103201415401843
10,0.0007894736842105274,0.7000000000000001,30.0,2.0518291397985338,474540,7.055740295865458
11,0.0007894736842105274,0.7000000000000001,50.0,1.5818137974202975,584718,3.9685643335762046
12,0.0007894736842105274,0.9,10.0,1.491235241850543,1056789,4.307434123557311
13,0.0007894736842105274,0.9,30.0,1.824807098413975,1097710,5.264203660347487
14,0.0007894736842105274,0.9,50.0,1.59159973117845,494008,3.8244866479895068
15,0.022368421052631583,0.1,10.0,1.8043570860626241,211288,6.472487789178746
16,0.022368421052631583,0.1,30.0,2.065767459153534,242065,7.205081279821545
17,0.022368421052631583,0.1,50.0,1.544860416990442,122257,4.219243069926487
18,0.022368421052631583,0.30000000000000004,10.0,1.8258830705884619,52459,6.831506509845793
19,0.022368421052631583,0.30000000000000004,30.0,2.224431071948809,83754,8.29996179286959
20,0.022368421052631583,0.30000000000000004,50.0,1.544767366088886,107422,4.054439500288586
21,0.022368421052631583,0.5,10.0,1.9363501112142185,67887,8.042791697968658
22,0.022368421052631583,0.5,30.0,2.2845357649620923,181826,8.903864133842264
23,0.022368421052631583,0.5,50.0,1.3114708939208732,831304,3.0689434911897506
24,0.022368421052631583,0.7000000000000001,10.0,1.765420408163263,61250,5.939722448979586
25,0.022368421052631583,0.7000000000000001,30.0,2.118198647778492,99392,7.105139246619449
26,0.022368421052631583,0.7000000000000001,50.0,1.6601721990577736,92335,4.23406075702604
27,0.022368421052631583,0.9,10.0,1.7144813609285718,162830,5.3539826813241
28,0.022368421052631583,0.9,30.0,1.9833386571855784,216009,6.032132920387579
29,0.022368421052631583,0.9,50.0,1.651397498873852,93238,4.00833351208734
30,0.04394736842105264,0.1,10.0,1.8524486384363452,101097,6.96854506068428
31,0.04394736842105264,0.1,30.0,2.156421832244251,115847,7.9466969364765685
32,0.04394736842105264,0.1,50.0,1.5857445646937973,62278,4.474051832107647
33,0.04394736842105264,0.30000000000000004,10.0,1.962144190387311,34288,7.8762249183387665
34,0.04394736842105264,0.30000000000000004,30.0,2.3117695553077007,61863,8.949081033897505
35,0.04394736842105264,0.30000000000000004,50.0,1.5908381240544576,82625,4.280145234493188
36,0.04394736842105264,0.5,10.0,2.044740764399018,37572,8.391328648993918
37,0.04394736842105264,0.5,30.0,2.3601291299669254,100364,9.26999721015502
38,0.04394736842105264,0.5,50.0,1.4736882786061591,297567,3.657250299932444
39,0.04394736842105264,0.7000000000000001,10.0,1.8365053604799795,40668,6.354258876758144
40,0.04394736842105264,0.7000000000000001,30.0,2.1748530895708402,67388,7.467486792900796
41,0.04394736842105264,0.7000000000000001,50.0,1.7263266647882092,53235,4.490635859866616
42,0.04394736842105264,0.9,10.0,1.667444788704496,70683,5.231554970785069
43,0.04394736842105264,0.9,30.0,1.9980761592691894,80568,6.190733293615347
44,0.04394736842105264,0.9,50.0,1.6962639185783117,31343,4.208276170117778
45,0.0655263157894737,0.1,10.0,1.9686695097749505,47366,7.932525440189173
46,0.0655263157894737,0.1,30.0,2.2117634804347146,57602,8.454671712787798
47,0.0655263157894737,0.1,50.0,1.6155337415761406,32497,4.630827460996395
48,0.0655263157894737,0.30000000000000004,10.0,2.050233435087093,22276,8.515667085652701
49,0.0655263157894737,0.30000000000000004,30.0,2.3671991042252207,43761,9.272068737003254
50,0.0655263157894737,0.30000000000000004,50.0,1.610606238766362,59531,4.326199795064757
51,0.0655263157894737,0.5,10.0,2.103471354631471,22412,8.922496876673193
52,0.0655263157894737,0.5,30.0,2.3898278004615663,56330,9.46200958636607
53,0.0655263157894737,0.5,50.0,1.5879181584827946,120379,4.117429119696963
54,0.0655263157894737,0.7000000000000001,10.0,1.9258857696030929,25825,7.060290416263318
55,0.0655263157894737,0.7000000000000001,30.0,2.21960144505303,42905,7.823283999533858
56,0.0655263157894737,0.7000000000000001,50.0,1.7689264987193196,30843,4.8021593230230595
57,0.0655263157894737,0.9,10.0,1.6949898079605186,27963,5.350749204305707
58,0.0655263157894737,0.9,30.0,1.9945488783904346,30269,6.233539264594145
59,0.0655263157894737,0.9,50.0,1.7004783754759258,10243,4.192131211559123
60,0.08710526315789476,0.1,10.0,1.9949094353024697,25341,8.318653565368356
61,0.08710526315789476,0.1,30.0,2.2454702329594483,30134,8.843465852525425
62,0.08710526315789476,0.1,50.0,1.6196447823866496,17623,4.679963683822284
63,0.08710526315789476,0.30000000000000004,10.0,2.1279040719460434,16012,8.873344991256616
64,0.08710526315789476,0.30000000000000004,30.0,2.4116280529917695,31854,9.715451748603
65,0.08710526315789476,0.30000000000000004,50.0,1.6591594466516746,41782,4.546910152697347
66,0.08710526315789476,0.5,10.0,2.1225893363584842,14104,8.877694271128755
67,0.08710526315789476,0.5,30.0,2.396706231454005,33700,9.396646884272974
68,0.08710526315789476,0.5,50.0,1.6634186163653177,57573,4.452086915741744
69,0.08710526315789476,0.7000000000000001,10.0,1.9723095898859069,16215,7.400246685168061
70,0.08710526315789476,0.7000000000000001,30.0,2.242798353909458,26730,7.926898615787493
71,0.08710526315789476,0.7000000000000001,50.0,1.7924024757254053,17611,4.789847254556828
72,0.08710526315789476,0.9,10.0,1.6196376136933346,13963,4.853326649000942
73,0.08710526315789476,0.9,30.0,1.9670997834416122,12006,6.161335998667335
74,0.08710526315789476,0.9,50.0,1.6600126742712293,3156,4.1251584283903675
75,0.1086842105263158,0.1,10.0,2.0260453329579065,14206,8.869069407292717
76,0.1086842105263158,0.1,30.0,2.3094317854052426,17335,9.362099798096315
77,0.1086842105263158,0.1,50.0,1.6766813942071699,10185,4.852135493372625
78,0.1086842105263158,0.30000000000000004,10.0,2.1454684577452756,11762,9.10193844584248
79,0.1086842105263158,0.30000000000000004,30.0,2.463598815136217,23969,10.184655179606972
80,0.1086842105263158,0.30000000000000004,50.0,1.6602117061021162,32120,4.555666251556675
81,0.1086842105263158,0.5,10.0,2.1568501233773167,9321,8.858706147409064
82,0.1086842105263158,0.5,30.0,2.429822057284231,21018,9.594633171567219
83,0.1086842105263158,0.5,50.0,1.7288259193666045,28797,4.733722262735691
84,0.1086842105263158,0.7000000000000001,10.0,2.005193306405081,10398,7.613002500480855
85,0.1086842105263158,0.7000000000000001,30.0,2.29088616714697,16656,8.382504803073964
86,0.1086842105263158,0.7000000000000001,50.0,1.8203643157403089,10705,4.942830453059344
87,0.1086842105263158,0.9,10.0,1.5335131490222507,7415,4.482939986513807
88,0.1086842105263158,0.9,30.0,1.8805056290736677,5063,5.587003752715785
89,0.1086842105263158,0.9,50.0,1.7022357723577222,984,4.352642276422762
90,0.13026315789473686,0.1,10.0,2.106655974338404,8729,9.879825867797004
91,0.13026315789473686,0.1,30.0,2.4344314949068573,10897,10.625860328530756
92,0.13026315789473686,0.1,50.0,1.7726306842328945,7059,5.515937101572436
93,0.13026315789473686,0.30000000000000004,10.0,2.1826313405797095,8832,9.19848278985512
94,0.13026315789473686,0.30000000000000004,30.0,2.485159562597635,17924,10.417429145280108
95,0.13026315789473686,0.30000000000000004,50.0,1.7076529949326493,23089,4.769457317337262
96,0.13026315789473686,0.5,10.0,2.1785879808435062,6473,9.140120500540725
97,0.13026315789473686,0.5,30.0,2.4221603881278515,14016,9.570562214611858
98,0.13026315789473686,0.5,50.0,1.782354076838918,15539,4.979599716841484
99,0.13026315789473686,0.7000000000000001,10.0,2.046447669977082,6545,8.158899923605839
100,0.13026315789473686,0.7000000000000001,30.0,2.2912165335838437,10645,8.437200563644916
101,0.13026315789473686,0.7000000000000001,50.0,1.8627421534764954,6659,5.24102718125846
102,0.13026315789473686,0.9,10.0,1.4118717307254902,4397,3.8498976574937367
103,0.13026315789473686,0.9,30.0,1.8285221887117638,2321,5.49159844894443
104,0.13026315789473686,0.9,50.0,1.6880222841225636,359,4.646239554317548
105,0.1518421052631579,0.1,10.0,2.1930998063721097,5681,10.004400633691253
106,0.1518421052631579,0.1,30.0,2.447691103574217,7666,10.593268979911306
107,0.1518421052631579,0.1,50.0,1.8002988978143093,5353,5.44759947692882
108,0.1518421052631579,0.30000000000000004,10.0,2.2032409510828415,6603,9.886415265788266
109,0.1518421052631579,0.30000000000000004,30.0,2.4672479320366567,13419,10.009538713764082
110,0.1518421052631579,0.30000000000000004,50.0,1.7328438628693248,16889,4.813665699567775
111,0.1518421052631579,0.5,10.0,2.140924692105799,4953,8.724409448818927
112,0.1518421052631579,0.5,30.0,2.4440117869922062,9502,9.739528520311504
113,0.1518421052631579,0.5,50.0,1.8094457199081602,9147,5.030611129332019
114,0.1518421052631579,0.7000000000000001,10.0,2.0827751196172217,4180,8.247368421052611
115,0.1518421052631579,0.7000000000000001,30.0,2.3658957046401405,6961,9.073839965522218
116,0.1518421052631579,0.7000000000000001,50.0,1.8453703703703654,4320,5.196296296296293
117,0.1518421052631579,0.9,10.0,1.4241584158415839,2525,4.054653465346534
118,0.1518421052631579,0.9,30.0,1.7999999999999976,1220,5.477049180327856
119,0.1518421052631579,0.9,50.0,1.76056338028169,142,5.140845070422535
120,0.17342105263157898,0.1,10.0,2.2255676209279294,4052,10.641658440276386
121,0.17342105263157898,0.1,30.0,2.50804637480533,5779,10.372728845821058
122,0.17342105263157898,0.1,50.0,1.7940717628705156,4487,5.318029864051695
123,0.17342105263157898,0.30000000000000004,10.0,2.3694080875170895,5119,11.718109005665099
124,0.17342105263157898,0.30000000000000004,30.0,2.5181502220505885,10358,10.357501448156045
125,0.17342105263157898,0.30000000000000004,50.0,1.7493412121696084,12523,4.949373153397729
126,0.17342105263157898,0.5,10.0,2.1981684049860113,3931,9.749427626558154
127,0.17342105263157898,0.5,30.0,2.415871699156639,7233,9.665975390570996
128,0.17342105263157898,0.5,50.0,1.8257588187038478,6095,5.129450369155084
129,0.17342105263157898,0.7000000000000001,10.0,2.058451816745647,3165,8.124802527646109
130,0.17342105263157898,0.7000000000000001,30.0,2.2939649578195977,4623,8.214795587280957
131,0.17342105263157898,0.7000000000000001,50.0,1.8122756640344557,2786,4.969490308686291
132,0.17342105263157898,0.9,10.0,1.2186963979416805,1166,2.7590051457975986
133,0.17342105263157898,0.9,30.0,1.7570754716981138,424,5.25707547169811
134,0.17342105263157898,0.9,50.0,1.5272727272727271,55,4.072727272727272
135,0.195,0.1,10.0,2.4198499317871742,2932,12.941678035470687
136,0.195,0.1,30.0,2.6088066368857663,4701,11.965964688364178
137,0.195,0.1,50.0,1.8212765957446857,3995,5.90538172715895
138,0.195,0.30000000000000004,10.0,2.3689629811228152,4079,11.200539347879348
139,0.195,0.30000000000000004,30.0,2.5273327626268616,8177,10.549590314296216
140,0.195,0.30000000000000004,50.0,1.7690569139100047,9734,5.0782823094308736
141,0.195,0.5,10.0,2.2193688118811896,3232,9.468750000000009
142,0.195,0.5,30.0,2.455317642895065,5651,9.9177136789949
143,0.195,0.5,50.0,1.840265082266904,4376,5.255712979890306
144,0.195,0.7000000000000001,10.0,1.959568733153636,2226,7.285714285714284
145,0.195,0.7000000000000001,30.0,2.342139595564249,3066,8.62850619699935
146,0.195,0.7000000000000001,50.0,1.913254310344825,1856,5.589978448275859
147,0.195,0.9,10.0,0.9779951100244496,409,1.9462102689486545
148,0.195,0.9,30.0,1.5555555555555547,90,5.644444444444444
149,0.195,0.9,50.0,0.8333333333333334,6,1.1666666666666667
150,0.2165789473684211,0.1,10.0,2.3593952483801237,2315,11.995680345572357
151,0.2165789473684211,0.1,30.0,2.63321123321124,4095,11.614407814407826
152,0.2165789473684211,0.1,50.0,1.8444693992139214,3562,5.720943290286333
153,0.2165789473684211,0.30000000000000004,10.0,2.2642878742062265,3307,10.041124886604173
154,0.2165789473684211,0.30000000000000004,30.0,2.5643333850690606,6443,11.072171348750581
155,0.2165789473684211,0.30000000000000004,50.0,1.7797066343695351,7431,5.109271968779434
156,0.2165789473684211,0.5,10.0,2.133855464578136,2809,8.776788892844444
157,0.2165789473684211,0.5,30.0,2.37676810972996,4666,9.162451778825536
158,0.2165789473684211,0.5,50.0,1.8853130485664147,3418,5.662375658279699
159,0.2165789473684211,0.7000000000000001,10.0,1.928785158587668,1671,7.713345302214249
160,0.2165789473684211,0.7000000000000001,30.0,2.3648785425101195,1976,9.211032388663984
161,0.2165789473684211,0.7000000000000001,50.0,1.8164451827242531,1204,4.965946843853824
162,0.2165789473684211,0.9,10.0,0.0,0,0.0
163,0.2165789473684211,0.9,30.0,0.0,0,0.0
164,0.2165789473684211,0.9,50.0,0.0,0,0.0
165,0.23815789473684212,0.1,10.0,2.455005624296965,1778,12.425759280089983
166,0.23815789473684212,0.1,30.0,2.6055491990846584,3496,11.753718535469087
167,0.23815789473684212,0.1,50.0,1.7274537695590335,3515,4.84267425320056
168,0.23815789473684212,0.30000000000000004,10.0,2.3922756531616782,2641,11.853085952290764
169,0.23815789473684212,0.30000000000000004,30.0,2.527024464251841,5273,10.613502749857751
170,0.23815789473684212,0.30000000000000004,50.0,1.7822128851540575,5712,5.1806722689075535
171,0.23815789473684212,0.5,10.0,2.1995689655172384,2320,8.95387931034484
172,0.23815789473684212,0.5,30.0,2.4784404854118276,3873,9.869093725793947
173,0.23815789473684212,0.5,50.0,1.8289977046671773,2614,5.213083397092585
174,0.23815789473684212,0.7000000000000001,10.0,1.8776328986960875,997,7.460381143430276
175,0.23815789473684212,0.7000000000000001,30.0,2.3333333333333366,1119,9.586237712243081
176,0.23815789473684212,0.7000000000000001,50.0,1.8755760368663572,651,5.254992319508452
177,0.23815789473684212,0.9,10.0,0.0,0,0.0
178,0.23815789473684212,0.9,30.0,0.0,0,0.0
179,0.23815789473684212,0.9,50.0,0.0,0,0.0
180,0.25973684210526315,0.1,10.0,2.549578742709011,1543,14.535320803629274
181,0.25973684210526315,0.1,30.0,2.631899871630292,3116,11.578626444159154
182,0.25973684210526315,0.1,50.0,1.7542517006802696,3528,5.021258503401357
183,0.25973684210526315,0.30000000000000004,10.0,2.4127531236535975,2321,11.665661352865143
184,0.25973684210526315,0.30000000000000004,30.0,2.519369055903501,4311,10.556019485038275
185,0.25973684210526315,0.30000000000000004,50.0,1.7676950998185104,4959,5.136116152450094
186,0.25973684210526315,0.5,10.0,2.2163855421686818,2075,9.924337349397566
187,0.25973684210526315,0.5,30.0,2.474560592044405,3243,10.277212457600992
188,0.25973684210526315,0.5,50.0,1.8944365192581973,2103,5.7013789824061005
189,0.25973684210526315,0.7000000000000001,10.0,2.021466905187838,559,9.17710196779963
190,0.25973684210526315,0.7000000000000001,30.0,2.205782312925167,588,7.773809523809524
191,0.25973684210526315,0.7000000000000001,50.0,1.8513011152416343,269,4.907063197026018
192,0.25973684210526315,0.9,10.0,0.0,0,0.0
193,0.25973684210526315,0.9,30.0,0.0,0,0.0
194,0.25973684210526315,0.9,50.0,0.0,0,0.0
195,0.28131578947368424,0.1,10.0,2.472934472934468,1404,12.106837606837608
196,0.28131578947368424,0.1,30.0,2.6445850390770356,2687,12.005210271678441
197,0.28131578947368424,0.1,50.0,1.7534591194968545,3180,5.0981132075471525
198,0.28131578947368424,0.30000000000000004,10.0,2.2581344902386054,1844,9.497830802603042
199,0.28131578947368424,0.30000000000000004,30.0,2.5393356643356664,3432,10.758449883449881
200,0.28131578947368424,0.30000000000000004,50.0,1.8168130489335017,3188,5.336260978670015
201,0.28131578947368424,0.5,10.0,2.2059145673603506,1826,8.767798466593643
202,0.28131578947368424,0.5,30.0,2.4476699770817305,2618,9.712757830404904
203,0.28131578947368424,0.5,50.0,1.8934624697336533,1652,5.572639225181584
204,0.28131578947368424,0.7000000000000001,10.0,1.5862068965517229,348,4.8448275862068915
205,0.28131578947368424,0.7000000000000001,30.0,2.094936708860759,316,6.468354430379748
206,0.28131578947368424,0.7000000000000001,50.0,1.9252336448598144,107,5.700934579439253
207,0.28131578947368424,0.9,10.0,0.0,0,0.0
208,0.28131578947368424,0.9,30.0,0.0,0,0.0
209,0.28131578947368424,0.9,50.0,0.0,0,0.0
210,0.3028947368421053,0.1,10.0,2.340029761904761,1344,10.776041666666668
211,0.3028947368421053,0.1,30.0,2.6099263280341183,2579,11.616518030244295
212,0.3028947368421053,0.1,50.0,1.7372759856630846,2790,4.882078853046596
213,0.3028947368421053,0.30000000000000004,10.0,2.5550277117973126,1263,12.931908155186063
214,0.3028947368421053,0.30000000000000004,30.0,2.637380191693293,2504,11.35862619808307
215,0.3028947368421053,0.30000000000000004,50.0,1.7314974182444023,2324,4.842512908777956
216,0.3028947368421053,0.5,10.0,2.1381294964028825,1390,8.385611510791355
217,0.3028947368421053,0.5,30.0,2.420164013506992,2073,9.46116739025566
218,0.3028947368421053,0.5,50.0,1.817531305903401,1118,5.164579606440073
219,0.3028947368421053,0.7000000000000001,10.0,1.68,275,5.920000000000004
220,0.3028947368421053,0.7000000000000001,30.0,2.243902439024391,205,8.68292682926829
221,0.3028947368421053,0.7000000000000001,50.0,1.6666666666666667,75,4.013333333333333
222,0.3028947368421053,0.9,10.0,0.0,0,0.0
223,0.3028947368421053,0.9,30.0,0.0,0,0.0
224,0.3028947368421053,0.9,50.0,0.0,0,0.0
225,0.32447368421052636,0.1,10.0,2.2764350453172213,1324,10.406344410876127
226,0.32447368421052636,0.1,30.0,2.690850277264328,2164,12.069778188539686
227,0.32447368421052636,0.1,50.0,1.7466822794691634,2562,4.930913348946148
228,0.32447368421052636,0.30000000000000004,10.0,2.558665231431645,929,12.237890204520994
229,0.32447368421052636,0.30000000000000004,30.0,2.648423557406307,1681,11.948839976204646
230,0.32447368421052636,0.30000000000000004,50.0,1.8996677740863765,1505,5.798671096345508
231,0.32447368421052636,0.5,10.0,2.0958188153310036,1148,8.472125435540079
232,0.32447368421052636,0.5,30.0,2.5292479108635115,1436,10.474930362116993
233,0.32447368421052636,0.5,50.0,1.9707317073170751,820,5.617073170731701
234,0.32447368421052636,0.7000000000000001,10.0,1.5837563451776646,197,5.106598984771572
235,0.32447368421052636,0.7000000000000001,30.0,2.208695652173913,115,8.330434782608696
236,0.32447368421052636,0.7000000000000001,50.0,2.0749999999999993,40,10.225000000000001
237,0.32447368421052636,0.9,10.0,0.0,0,0.0
238,0.32447368421052636,0.9,30.0,0.0,0,0.0
239,0.32447368421052636,0.9,50.0,0.0,0,0.0
240,0.3460526315789474,0.1,10.0,2.414680648236411,1049,11.684461391801731
241,0.3460526315789474,0.1,30.0,2.5638173302107736,1708,11.074355971896944
242,0.3460526315789474,0.1,50.0,1.7525661804430008,1851,5.103187466234462
243,0.3460526315789474,0.30000000000000004,10.0,2.506139154160984,733,11.592087312414744
244,0.3460526315789474,0.30000000000000004,30.0,2.5843330980945614,1417,11.033168666196206
245,0.3460526315789474,0.30000000000000004,50.0,1.9327883742052698,1101,6.163487738419618
246,0.3460526315789474,0.5,10.0,2.296875,896,10.140625000000018
247,0.3460526315789474,0.5,30.0,2.3948620361560438,1051,9.586108468125571
248,0.3460526315789474,0.5,50.0,1.9981096408317558,529,6.0888468809073695
249,0.3460526315789474,0.7000000000000001,10.0,1.6621621621621623,148,6.0675675675675675
250,0.3460526315789474,0.7000000000000001,30.0,2.0535714285714293,112,6.35714285714286
251,0.3460526315789474,0.7000000000000001,50.0,1.8636363636363633,44,5.636363636363636
252,0.3460526315789474,0.9,10.0,0.0,0,0.0
253,0.3460526315789474,0.9,30.0,0.0,0,0.0
254,0.3460526315789474,0.9,50.0,0.0,0,0.0
255,0.3676315789473684,0.1,10.0,2.3216308040770053,883,10.998867497168737
256,0.3676315789473684,0.1,30.0,2.5178962746530287,1369,10.431701972242502
257,0.3676315789473684,0.1,50.0,1.7763272410791948,1149,4.897302001740635
258,0.3676315789473684,0.30000000000000004,10.0,2.39156626506024,664,11.605421686746997
259,0.3676315789473684,0.30000000000000004,30.0,2.4947552447552375,1144,10.103146853146844
260,0.3676315789473684,0.30000000000000004,50.0,2.0027548209366373,726,6.046831955922861
261,0.3676315789473684,0.5,10.0,2.3028064992614485,677,10.94977843426883
262,0.3676315789473684,0.5,30.0,2.5127551020408094,784,10.42602040816327
263,0.3676315789473684,0.5,50.0,1.8903743315508026,374,5.371657754010691
264,0.3676315789473684,0.7000000000000001,10.0,2.0821917808219177,73,8.84931506849315
265,0.3676315789473684,0.7000000000000001,30.0,1.7692307692307687,52,4.1538461538461515
266,0.3676315789473684,0.7000000000000001,50.0,1.6086956521739129,23,3.7826086956521743
267,0.3676315789473684,0.9,10.0,0.0,0,0.0
268,0.3676315789473684,0.9,30.0,0.0,0,0.0
269,0.3676315789473684,0.9,50.0,0.0,0,0.0
270,0.3892105263157895,0.1,10.0,2.4554597701149437,696,12.027298850574711
271,0.3892105263157895,0.1,30.0,2.602030456852794,985,10.97157360406092
272,0.3892105263157895,0.1,50.0,1.816686251468861,851,5.339600470035245
273,0.3892105263157895,0.30000000000000004,10.0,2.404536862003781,529,10.748582230623809
274,0.3892105263157895,0.30000000000000004,30.0,2.6680080482897335,994,11.983903420523134
275,0.3892105263157895,0.30000000000000004,50.0,1.8526522593320225,509,5.196463654223959
276,0.3892105263157895,0.5,10.0,1.9731800766283512,522,7.157088122605365
277,0.3892105263157895,0.5,30.0,2.400335008375207,597,9.663316582914565
278,0.3892105263157895,0.5,50.0,1.9176954732510294,243,5.802469135802467
279,0.3892105263157895,0.7000000000000001,10.0,0.9999999999999998,24,2.5000000000000004
280,0.3892105263157895,0.7000000000000001,30.0,1.5714285714285716,7,3.571428571428572
281,0.3892105263157895,0.7000000000000001,50.0,2.0,1,4.0
282,0.3892105263157895,0.9,10.0,0.0,0,0.0
283,0.3892105263157895,0.9,30.0,0.0,0,0.0
284,0.3892105263157895,0.9,50.0,0.0,0,0.0
285,0.7,0.1,10.0,2.4627322850724953,4897,12.19317949765163
286,0.7,0.1,30.0,2.596806387225551,5010,11.749700598802393
287,0.7,0.1,50.0,1.9621549421193232,2246,6.6896705253784425
288,0.7,0.30000000000000004,10.0,2.2630272952853545,3627,9.434794596084915
289,0.7,0.30000000000000004,30.0,2.4859169622365944,4793,9.944293761735864
290,0.7,0.30000000000000004,50.0,1.9505055880787612,1879,5.679084619478441
291,0.7,0.5,10.0,1.732637312755331,2203,6.742169768497502
292,0.7,0.5,30.0,2.3407665505226443,1435,10.372822299651572
293,0.7,0.5,50.0,1.7671568627450966,408,6.855392156862742
294,0.7,0.7000000000000001,10.0,0.0,0,0.0
295,0.7,0.7000000000000001,30.0,0.0,0,0.0
296,0.7,0.7000000000000001,50.0,0.0,0,0.0
297,0.7,0.9,10.0,0.0,0,0.0
298,0.7,0.9,30.0,0.0,0,0.0
299,0.7,0.9,50.0,0.0,0,0.0
