,voc_bin,elo_bin,rtmean,rtcount,rt_squaredmean
0,0.0007894736842105274,625.0,21.196723011510944,9643,1394.3803795499305
1,0.0007894736842105274,1387.5,22.466399156100668,48347,1655.5587523527818
2,0.0007894736842105274,1662.5,24.548502747656478,68058,1888.71195157072
3,0.0007894736842105274,2400.0,25.556175854849972,22928,2169.673325191908
4,0.022368421052631583,625.0,24.953976764968708,2238,2084.85656836461
5,0.022368421052631583,1387.5,26.609651339060132,11874,2031.169024759981
6,0.022368421052631583,1662.5,30.119721950939265,17407,2474.215890159131
7,0.022368421052631583,2400.0,31.654665314401676,5916,2893.120858688302
8,0.04394736842105264,625.0,27.359680284191793,1126,2143.0115452930722
9,0.04394736842105264,1387.5,28.296781148929618,6493,2234.9017403357484
10,0.04394736842105264,1662.5,32.11672383328128,9621,3328.130028063604
11,0.04394736842105264,2400.0,36.82741886563554,3297,3518.2942068547122
12,0.0655263157894737,625.0,26.297385620915033,612,1826.8333333333344
13,0.0655263157894737,1387.5,29.04588394062071,3705,3025.8874493927033
14,0.0655263157894737,1662.5,33.45449659620201,5582,3288.4634539591502
15,0.0655263157894737,2400.0,37.86724313326553,1966,3743.885554425233
16,0.08710526315789476,625.0,28.588075880758822,369,2218.3821138211392
17,0.08710526315789476,1387.5,30.00397702165277,2263,2318.5280600972183
18,0.08710526315789476,1662.5,35.202691096478695,3493,2978.8436873747455
19,0.08710526315789476,2400.0,40.04930156121613,1217,6291.78800328676
20,0.1086842105263158,625.0,27.77307692307692,260,2099.7423076923096
21,0.1086842105263158,1387.5,32.54744027303756,1465,3011.999999999998
22,0.1086842105263158,1662.5,36.64174589455495,2314,3319.8206568712167
23,0.1086842105263158,2400.0,40.915071770334976,836,4463.733253588518
24,0.13026315789473686,625.0,27.65753424657535,146,2586.534246575344
25,0.13026315789473686,1387.5,30.48509763617678,973,2226.840698869473
26,0.13026315789473686,1662.5,35.89370078740159,1524,3065.0774278215204
27,0.13026315789473686,2400.0,39.143897996357055,549,3917.417122040071
28,0.1518421052631579,625.0,30.26724137931035,116,2233.2672413793116
29,0.1518421052631579,1387.5,30.182596291012832,701,2039.7146932952928
30,0.1518421052631579,1662.5,36.62619502868072,1046,3229.99713193117
31,0.1518421052631579,2400.0,44.50966183574883,414,4647.451690821251
32,0.17342105263157898,625.0,33.81690140845068,71,3171.30985915493
33,0.17342105263157898,1387.5,30.415896487985208,541,2065.1959334565618
34,0.17342105263157898,1662.5,37.28065739570171,791,5110.140328697845
35,0.17342105263157898,2400.0,47.006289308176086,318,5999.798742138367
36,0.195,625.0,30.714285714285708,77,1992.4025974025976
37,0.195,1387.5,33.02676399026768,411,2596.8856447688586
38,0.195,1662.5,38.47715736040614,591,2908.3011844331636
39,0.195,2400.0,48.74672489082972,229,7038.056768558954
40,0.2165789473684211,625.0,39.26785714285715,56,2851.232142857142
41,0.2165789473684211,1387.5,28.198083067092664,313,1755.4504792332255
42,0.2165789473684211,1662.5,35.889108910891125,505,3283.9841584158435
43,0.2165789473684211,2400.0,48.092391304347835,184,12557.277173913059
44,0.23815789473684212,625.0,30.617647058823543,34,2046.3823529411764
45,0.23815789473684212,1387.5,38.13215859030844,227,5703.550660792946
46,0.23815789473684212,1662.5,39.56934306569348,411,3424.6447688564476
47,0.23815789473684212,2400.0,41.3766233766234,154,3749.480519480521
48,0.25973684210526315,625.0,33.08510638297873,47,2261.723404255319
49,0.25973684210526315,1387.5,33.00469483568072,213,2820.8826291079813
50,0.25973684210526315,1662.5,34.43843843843842,333,2999.645645645645
51,0.25973684210526315,2400.0,39.04545454545453,132,3630.8181818181843
52,0.28131578947368424,625.0,19.70967741935484,31,940.6774193548385
53,0.28131578947368424,1387.5,32.49681528662423,157,2443.2738853503197
54,0.28131578947368424,1662.5,40.136075949367054,316,4052.895569620254
55,0.28131578947368424,2400.0,55.156250000000036,96,7334.135416666667
56,0.3028947368421053,625.0,31.037037037037027,27,1858.6666666666665
57,0.3028947368421053,1387.5,36.121951219512205,123,3894.967479674796
58,0.3028947368421053,1662.5,35.81951219512198,205,2822.7268292682925
59,0.3028947368421053,2400.0,38.71276595744685,94,3285.925531914893
60,0.32447368421052636,625.0,28.549999999999994,20,2662.7499999999995
61,0.32447368421052636,1387.5,36.48543689320387,103,3422.563106796117
62,0.32447368421052636,1662.5,39.2737430167598,179,3398.837988826816
63,0.32447368421052636,2400.0,40.47500000000001,80,2876.649999999999
64,0.3460526315789474,625.0,36.157894736842096,19,2698.052631578947
65,0.3460526315789474,1387.5,31.02439024390242,82,3704.0487804878057
66,0.3460526315789474,1662.5,39.681159420289845,138,5199.4347826087
67,0.3460526315789474,2400.0,48.155172413793096,58,5667.913793103446
68,0.3676315789473684,625.0,22.533333333333342,15,788.4
69,0.3676315789473684,1387.5,24.344262295081958,61,1002.7377049180326
70,0.3676315789473684,1662.5,39.16326530612243,98,4767.530612244897
71,0.3676315789473684,2400.0,45.30769230769231,39,4366.179487179486
72,0.3892105263157895,625.0,27.857142857142854,7,1433.857142857143
73,0.3892105263157895,1387.5,40.303571428571416,56,5366.303571428569
74,0.3892105263157895,1662.5,40.97297297297297,74,3117.5135135135138
75,0.3892105263157895,2400.0,55.0,13,6360.384615384614
76,0.7,625.0,29.49999999999999,48,2023.7083333333342
77,0.7,1387.5,35.82089552238809,201,3011.8905472636816
78,0.7,1662.5,37.856304985337275,341,3572.5014662756607
79,0.7,2400.0,44.238095238095255,105,5551.590476190477
