,voc_bin,elo_bin,rtmean,rtcount,rt_squaredmean
0,0.0007894736842105274,625.0,4.626539452390647,947902,46.124820920306114
1,0.0007894736842105274,1387.5,4.145107814638477,1267685,37.716129006811656
2,0.0007894736842105274,1662.5,3.953450087240018,1613365,38.34018216584596
3,0.0007894736842105274,2400.0,3.777989665848574,2115897,36.04256114546234
4,0.022368421052631583,625.0,5.283445958954209,207768,54.48170555619731
5,0.022368421052631583,1387.5,4.710796009199347,302195,45.08722182696634
6,0.022368421052631583,1662.5,4.512354755860686,402598,44.95592874281548
7,0.022368421052631583,2400.0,4.401503992982582,547210,43.6200051168656
8,0.04394736842105264,625.0,5.536116796288698,109935,58.33129576567951
9,0.04394736842105264,1387.5,5.011370822665494,162873,50.456005599454734
10,0.04394736842105264,1662.5,4.857422365823022,222840,49.604667025668654
11,0.04394736842105264,2400.0,4.824441733274514,310649,51.773017135094555
12,0.0655263157894737,625.0,5.684966415769407,59254,61.37983933574106
13,0.0655263157894737,1387.5,5.247498113331348,91431,54.9307784011988
14,0.0655263157894737,1662.5,5.138182611813485,128294,55.17472368154382
15,0.0655263157894737,2400.0,5.175832367520393,183783,60.56290298885117
16,0.08710526315789476,625.0,5.845699733765481,34556,64.64770228035637
17,0.08710526315789476,1387.5,5.383517148991596,54493,57.10333437322229
18,0.08710526315789476,1662.5,5.320880134223048,78079,58.977279422123885
19,0.08710526315789476,2400.0,5.395999171170558,115826,64.13237960388867
20,0.1086842105263158,625.0,5.959394679951134,21278,68.4145126421656
21,0.1086842105263158,1387.5,5.5539948341411085,34457,61.766201352410185
22,0.1086842105263158,1662.5,5.514836094604687,50822,63.22141985754205
23,0.1086842105263158,2400.0,5.616362882107384,77138,69.07916979958
24,0.13026315789473686,625.0,6.1742253521126775,14200,75.31591549295788
25,0.13026315789473686,1387.5,5.691487091956469,23435,63.67228504373802
26,0.13026315789473686,1662.5,5.672775315376743,35196,67.63794181156926
27,0.13026315789473686,2400.0,5.761755831922881,54356,72.73684597836503
28,0.1518421052631579,625.0,6.1902026005443185,9921,71.70577562745726
29,0.1518421052631579,1387.5,5.805557244482293,16447,65.65051377150843
30,0.1518421052631579,1662.5,5.7714206961726,25396,68.15935580406325
31,0.1518421052631579,2400.0,5.927763250528019,39772,77.38421502564597
32,0.17342105263157898,625.0,6.374029933481158,7216,77.49514966740607
33,0.17342105263157898,1387.5,6.009101344703162,12196,70.95219744178428
34,0.17342105263157898,1662.5,5.934640875047132,18559,71.99552777628098
35,0.17342105263157898,2400.0,6.1010784801725695,30135,81.20258835241425
36,0.195,625.0,6.272244825756239,5653,71.1726516893684
37,0.195,1387.5,6.031119218800306,9319,71.57463247129515
38,0.195,1662.5,6.001784121320262,14573,74.37095999451043
39,0.195,2400.0,6.191866394696578,23532,84.51797552269258
40,0.2165789473684211,625.0,6.205855232826189,4338,70.85223605348075
41,0.2165789473684211,1387.5,6.088937389169264,7331,82.06165598144858
42,0.2165789473684211,1662.5,6.026769311521304,11431,76.2354999562592
43,0.2165789473684211,2400.0,6.179268876709402,18793,84.55302506252332
44,0.23815789473684212,625.0,6.534720269890347,3557,79.43829069440562
45,0.23815789473684212,1387.5,6.087790110998971,5946,75.70299360914882
46,0.23815789473684212,1662.5,6.0252844500632055,9492,73.7897176569744
47,0.23815789473684212,2400.0,6.257604254491218,15419,85.38595239639395
48,0.25973684210526315,625.0,6.362571141613646,2987,73.06963508536968
49,0.25973684210526315,1387.5,6.32608269645305,5103,78.97197726827346
50,0.25973684210526315,1662.5,6.061229773462775,7725,73.79482200647286
51,0.25973684210526315,2400.0,6.296307739842416,12946,85.71296153251986
52,0.28131578947368424,625.0,6.662835249042159,2349,88.05151128139636
53,0.28131578947368424,1387.5,6.141140373306054,3911,74.3523395551007
54,0.28131578947368424,1662.5,6.283634061411863,6318,84.24153213042118
55,0.28131578947368424,2400.0,6.39809594232372,10819,91.40003697199374
56,0.3028947368421053,625.0,6.581789306511371,1889,77.51244044467953
57,0.3028947368421053,1387.5,6.369072787677436,3311,78.42524916943519
58,0.3028947368421053,1662.5,6.275769230769223,5200,81.20769230769245
59,0.3028947368421053,2400.0,6.254323499491359,8847,86.24799367017037
60,0.32447368421052636,625.0,6.69917012448132,1446,80.03941908713675
61,0.32447368421052636,1387.5,6.182978723404258,2585,75.47040618955522
62,0.32447368421052636,1662.5,6.258327165062918,4053,82.14187021959017
63,0.32447368421052636,2400.0,6.425356988316746,6933,91.273474686283
64,0.3460526315789474,625.0,7.032258064516138,1147,93.33217088055773
65,0.3460526315789474,1387.5,6.176533333333334,1875,73.24959999999989
66,0.3460526315789474,1662.5,6.505505181347149,3088,87.66029792746096
67,0.3460526315789474,2400.0,6.522867025365086,5204,92.46944657955368
68,0.3676315789473684,625.0,6.799533799533804,858,93.48951048951056
69,0.3676315789473684,1387.5,6.574244415243106,1522,84.66097240473067
70,0.3676315789473684,1662.5,6.567796610169495,2360,92.30847457627115
71,0.3676315789473684,2400.0,6.416561792096631,3973,91.41026931789563
72,0.3892105263157895,625.0,6.480741797432245,701,80.9201141226819
73,0.3892105263157895,1387.5,6.444256756756759,1184,84.85304054054046
74,0.3892105263157895,1662.5,6.501154734411084,1732,85.40877598152403
75,0.3892105263157895,2400.0,6.597745685100373,2839,96.38358576963707
76,0.7,625.0,6.566393442622968,3660,80.3204918032786
77,0.7,1387.5,6.543453935098846,5362,84.4819097351735
78,0.7,1662.5,6.788822887622738,8249,94.39653291308049
79,0.7,2400.0,6.887882045768694,13022,105.68914145292585
