,voc_bin,rtmean,rtcount,rt_squaredmean
0,0.0007894736842105274,4.043011812735956,5862994,37.6363847549561
1,0.022368421052631583,4.622845970652184,1442355,47.63763081904264
2,0.04394736842105264,4.968284027835411,795246,51.72033810921395
3,0.0655263157894737,5.256841748529967,454416,57.832045966691126
4,0.08710526315789476,5.463383380652742,278603,62.46989802694139
5,0.1086842105263158,5.626549875571439,182434,65.95644452240266
6,0.13026315789473686,5.797256939718313,124897,70.21816376694413
7,0.1518421052631579,5.907941251909773,89671,72.47641935519847
8,0.17342105263157898,6.019328282526991,67052,74.88966772057516
9,0.195,6.084605892333802,51864,77.0466604966839
10,0.2165789473684211,6.210298340390317,41094,79.01664476565915
11,0.23815789473684212,6.2442110774959305,34376,82.60329881312542
12,0.25973684210526315,6.29629101283879,28040,83.26483594864486
13,0.28131578947368424,6.28042555016944,23311,81.99232122174091
14,0.3028947368421053,6.243133319247853,18932,81.44797168814657
15,0.32447368421052636,6.302180685358238,14766,81.6859000406336
16,0.3460526315789474,6.435915555162984,11321,86.37161028177712
17,0.3676315789473684,6.562649164677803,8380,91.05143198090704
18,0.3892105263157895,6.52005663048608,6357,87.03098946043762
19,0.7,6.778213088083911,30119,98.38636740927619
