,voc_bin,elo_bin,rtmean,rtcount,rt_squaredmean
0,0.0007894736842105274,625.0,4.6479387913686265,752835,44.78740095771313
1,0.0007894736842105274,1387.5,4.156265031265025,1247400,37.66895222061875
2,0.0007894736842105274,1662.5,3.963445845414801,1575416,35.97414016361365
3,0.0007894736842105274,2400.0,3.8230787107195208,2263402,36.107822649268655
4,0.022368421052631583,625.0,5.311842875153062,165779,54.59751838290734
5,0.022368421052631583,1387.5,4.736779460981147,299099,45.04562034644051
6,0.022368421052631583,1662.5,4.510853650122767,391343,42.70076889071738
7,0.022368421052631583,2400.0,4.427656900681145,583283,44.19547458094946
8,0.04394736842105264,625.0,5.55037472563716,87931,58.713673221048346
9,0.04394736842105264,1387.5,5.015258791334933,161153,50.631561311300466
10,0.04394736842105264,1662.5,4.8376133700193655,215886,48.480285891628
11,0.04394736842105264,2400.0,4.86757786106661,330043,52.023039422135994
12,0.0655263157894737,625.0,5.75080328454121,47617,63.8156960749313
13,0.0655263157894737,1387.5,5.2430931834905286,89694,54.853680290766405
14,0.0655263157894737,1662.5,5.1419336523643295,123290,54.86499310568591
15,0.0655263157894737,2400.0,5.207529881708585,194266,59.372231888235696
16,0.08710526315789476,625.0,5.8753193479903505,27791,65.35184052391064
17,0.08710526315789476,1387.5,5.365826903411729,53785,65.6053732453285
18,0.08710526315789476,1662.5,5.275909621300519,75416,56.81364697146485
19,0.08710526315789476,2400.0,5.483229632510205,123432,65.6298366712037
20,0.1086842105263158,625.0,5.9996517297422844,17228,67.32540051079668
21,0.1086842105263158,1387.5,5.564479538021854,33941,61.98974691376216
22,0.1086842105263158,1662.5,5.494009722758989,49163,61.67227386449158
23,0.1086842105263158,2400.0,5.64838388981839,82482,69.18867146771395
24,0.13026315789473686,625.0,6.083928571428583,11760,70.43784013605462
25,0.13026315789473686,1387.5,5.773955339376516,22615,66.42546982091537
26,0.13026315789473686,1662.5,5.626247623574139,33664,64.77400190114092
27,0.13026315789473686,2400.0,5.85800013835085,57824,74.38369881018247
28,0.1518421052631579,625.0,6.3235582822086025,8150,78.64773006134989
29,0.1518421052631579,1387.5,5.914914606325922,16219,69.71465565077983
30,0.1518421052631579,1662.5,5.719839252029852,24386,65.43114901992945
31,0.1518421052631579,2400.0,5.97500769905007,42213,77.29360623504594
32,0.17342105263157898,625.0,6.3111073598919605,5924,76.03629304523973
33,0.17342105263157898,1387.5,5.822274091363788,11996,65.61720573524515
34,0.17342105263157898,1662.5,5.949337227589298,17804,72.7410694226016
35,0.17342105263157898,2400.0,6.099249530956852,31980,80.29024390243877
36,0.195,625.0,6.331697523979471,4483,76.89426723176437
37,0.195,1387.5,5.962097840458342,9076,71.44182459233109
38,0.195,1662.5,5.916174138676678,13874,70.54108404209312
39,0.195,2400.0,6.265684142707575,24834,86.31199162438588
40,0.2165789473684211,625.0,6.568980050575988,3559,81.63051418937897
41,0.2165789473684211,1387.5,5.9568918176825685,7284,70.0071389346509
42,0.2165789473684211,1662.5,5.961134263453514,11038,74.10735640514586
43,0.2165789473684211,2400.0,6.281671569124665,19718,85.62521553910128
44,0.23815789473684212,625.0,6.5809957924263704,2852,79.65182328190738
45,0.23815789473684212,1387.5,6.03676851372348,5793,69.45399620231318
46,0.23815789473684212,1662.5,5.988005483207672,8754,73.4677861549005
47,0.23815789473684212,2400.0,6.349932787486236,16366,89.0670292068922
48,0.25973684210526315,625.0,6.5658747300215925,2315,79.09892008639302
49,0.25973684210526315,1387.5,5.973728813559316,4720,72.07966101694939
50,0.25973684210526315,1662.5,6.094768149249678,7397,76.14451804785702
51,0.25973684210526315,2400.0,6.5419063569504035,13733,93.66504041360207
52,0.28131578947368424,625.0,6.782795698924734,1860,86.98709677419362
53,0.28131578947368424,1387.5,5.998481012658221,3950,72.33873417721529
54,0.28131578947368424,1662.5,6.249831536388147,5936,78.69760781671147
55,0.28131578947368424,2400.0,6.389189661194554,11452,87.83924205378982
56,0.3028947368421053,625.0,6.601923076923078,1560,82.97371794871765
57,0.3028947368421053,1387.5,6.220281862745096,3264,76.17493872549025
58,0.3028947368421053,1662.5,6.3092353525322595,5035,81.42264150943362
59,0.3028947368421053,2400.0,6.433890987587694,9265,87.8143550998383
60,0.32447368421052636,625.0,6.606931530008454,1183,79.90363482671187
61,0.32447368421052636,1387.5,6.265891150810132,2407,72.63315330286666
62,0.32447368421052636,1662.5,6.129287598944603,3790,76.64591029023765
63,0.32447368421052636,2400.0,6.4941208640962325,7314,91.56822532130161
64,0.3460526315789474,625.0,6.7553551296505105,887,92.16234498308899
65,0.3460526315789474,1387.5,6.229999999999992,1900,79.71526315789438
66,0.3460526315789474,1662.5,6.433547514372662,2957,88.35035508961782
67,0.3460526315789474,2400.0,6.294138994737767,5511,85.6002540373799
68,0.3676315789473684,625.0,6.5454545454545405,715,83.25594405594406
69,0.3676315789473684,1387.5,6.580825752274311,1429,88.20153953813849
70,0.3676315789473684,1662.5,6.567592171142456,2197,89.75193445607634
71,0.3676315789473684,2400.0,6.692913385826778,4191,97.09711286089232
72,0.3892105263157895,625.0,7.021201413427571,566,92.99293286219076
73,0.3892105263157895,1387.5,6.608247422680412,1067,87.30365510777872
74,0.3892105263157895,1662.5,6.553052756372244,1687,86.28156490812101
75,0.3892105263157895,2400.0,6.790189873417728,3160,101.39335443037979
76,0.7,625.0,6.381671348314594,2848,79.81495786516858
77,0.7,1387.5,6.622913068508926,5211,90.3788140472077
78,0.7,1662.5,6.775653282345424,7845,96.15079668578714
79,0.7,2400.0,6.828865537207821,13989,101.16813210379571
