,voc_bin,rtmean,rtcount,rt_squaredmean
0,0.0007894736842105274,6.227949911052128,3969179,90.61599791795722
1,0.022368421052631583,7.3202897369021365,968879,113.51451832478514
2,0.04394736842105264,7.77680527195102,538700,126.82199183218869
3,0.0655263157894737,8.158743608661647,310381,139.03926786755653
4,0.08710526315789476,8.469508535522476,191611,150.30557222706432
5,0.1086842105263158,8.697247196365604,125908,157.3409076468534
6,0.13026315789473686,8.89324094531913,86447,163.69183430309903
7,0.1518421052631579,9.07444795955674,62903,171.9623547366578
8,0.17342105263157898,9.215767985953928,47273,176.51376049753583
9,0.195,9.30665971230918,36428,177.75219611288017
10,0.2165789473684211,9.369384647331646,28894,181.10836159756306
11,0.23815789473684212,9.373544093178053,24040,177.17279534109798
12,0.25973684210526315,9.403841331929204,19941,188.2235595005266
13,0.28131578947368424,9.637651455783908,16589,191.39435770691426
14,0.3028947368421053,9.542541354498924,13481,192.1376010681705
15,0.32447368421052636,9.440199491860373,10627,184.90571186600155
16,0.3460526315789474,9.413995993991017,7988,180.11855282924375
17,0.3676315789473684,9.552784704904402,6015,186.4684954280962
18,0.3892105263157895,9.865363002921997,4449,199.65183187233055
19,0.7,9.602407299553494,20604,193.50679479712593
