,voc_bin,elo_bin,rtmean,rtcount,rt_squaredmean
0,0.0007894736842105274,625.0,1.9944603453051415,1862932,6.795457912580802
1,0.0007894736842105274,1387.5,1.7597015206854694,2386095,5.230494594724845
2,0.0007894736842105274,1662.5,1.6362698810300969,1976130,4.749685496399544
3,0.0007894736842105274,2400.0,1.476702380168132,1502793,9.25781395042432
4,0.022368421052631583,625.0,2.171925626233235,412027,7.849005040931789
5,0.022368421052631583,1387.5,1.9027145435746478,570630,5.919047368697765
6,0.022368421052631583,1662.5,1.7663374052959202,492719,5.267720546599599
7,0.022368421052631583,2400.0,1.6034725578005908,386977,4.583365419650245
8,0.04394736842105264,625.0,2.247773412900703,200082,8.371012884717258
9,0.04394736842105264,1387.5,1.9701682725876322,286440,6.3698401061304235
10,0.04394736842105264,1662.5,1.8472551826936237,254935,5.83075685959164
11,0.04394736842105264,2400.0,1.7053986842294386,208699,5.1397610913325105
12,0.0655263157894737,625.0,2.3228211179020337,101279,8.960070695800733
13,0.0655263157894737,1387.5,2.043721140066869,150728,6.858500079613622
14,0.0655263157894737,1662.5,1.9333159846464145,138339,6.441936113460392
15,0.0655263157894737,2400.0,1.7914648192689422,118076,5.739464412751107
16,0.08710526315789476,625.0,2.3661971830985955,56232,9.246229904680606
17,0.08710526315789476,1387.5,2.1058014480189433,85358,7.360235713114173
18,0.08710526315789476,1662.5,1.989508715931162,80829,6.778581944599095
19,0.08710526315789476,2400.0,1.8605697360884066,71577,7.608561409391268
20,0.1086842105263158,625.0,2.409898099040575,33562,9.62436684345388
21,0.1086842105263158,1387.5,2.124416977611943,51456,7.4702658582089745
22,0.1086842105263158,1662.5,2.028843449965858,49786,7.130478447756407
23,0.1086842105263158,2400.0,1.928174750092555,45917,6.721911274691302
24,0.13026315789473686,625.0,2.4462155152086695,21205,9.953973119547275
25,0.13026315789473686,1387.5,2.1726530855372954,33576,7.843489397188468
26,0.13026315789473686,1662.5,2.067133998382309,33381,7.316287708576707
27,0.13026315789473686,2400.0,1.9655083405930383,30993,6.95669989997741
28,0.1518421052631579,625.0,2.4812690074647468,14468,10.14245230854303
29,0.1518421052631579,1387.5,2.20493859193911,23124,8.08705241307731
30,0.1518421052631579,1662.5,2.1182311258857456,22862,7.691934213979504
31,0.1518421052631579,2400.0,2.0166492764142796,22043,7.468992423898725
32,0.17342105263157898,625.0,2.5299512195121974,10250,12.013268292682929
33,0.17342105263157898,1387.5,2.239330189819846,16542,8.300507798331534
34,0.17342105263157898,1662.5,2.1345437341061007,16909,7.621799041930336
35,0.17342105263157898,2400.0,2.046861721500542,16474,7.809639431831983
36,0.195,625.0,2.5568692970055253,7781,10.965300089962698
37,0.195,1387.5,2.254717738697503,12453,8.490966032281358
38,0.195,1662.5,2.1805116866708825,12664,8.121762476310836
39,0.195,2400.0,2.09769249068274,12611,8.118626595829067
40,0.2165789473684211,625.0,2.5577830188679145,5936,10.764319407008093
41,0.2165789473684211,1387.5,2.2847572915593095,9703,8.582397196743289
42,0.2165789473684211,1662.5,2.193590255591058,10016,8.326577476038354
43,0.2165789473684211,2400.0,2.0764799364322633,10068,7.844854986094579
44,0.23815789473684212,625.0,2.640263325546819,4709,11.882140581864512
45,0.23815789473684212,1387.5,2.2979654906000593,7766,8.679114087046091
46,0.23815789473684212,1662.5,2.210433689503468,7955,8.494783155248252
47,0.23815789473684212,2400.0,2.130141190914667,8145,8.034868017188463
48,0.25973684210526315,625.0,2.6034395548811373,3954,11.023267577137059
49,0.25973684210526315,1387.5,2.299342105263156,6384,8.612625313283186
50,0.25973684210526315,1662.5,2.201422167259238,6469,8.25398052249189
51,0.25973684210526315,2400.0,2.0962269669494016,6838,7.949400409476442
52,0.28131578947368424,625.0,2.6037061118335507,3076,11.358582574772456
53,0.28131578947368424,1387.5,2.3485647334504964,5121,9.189416129662145
54,0.28131578947368424,1662.5,2.246267281105994,5425,8.945990783410153
55,0.28131578947368424,2400.0,2.112775004621925,5409,7.896838602329453
56,0.3028947368421053,625.0,2.6560327198363933,2445,11.582822085889562
57,0.3028947368421053,1387.5,2.3398514851485017,4040,8.95173267326733
58,0.3028947368421053,1662.5,2.20967363230806,4259,8.25757220004698
59,0.3028947368421053,2400.0,2.1172227231740393,4436,8.168620378719547
60,0.32447368421052636,625.0,2.697403285638574,1887,12.347641759406448
61,0.32447368421052636,1387.5,2.3178913738019142,3130,9.195207667731625
62,0.32447368421052636,1662.5,2.267823930564168,3226,9.26348419094855
63,0.32447368421052636,2400.0,2.164787510841286,3459,8.682278115062141
64,0.3460526315789474,625.0,2.647262647262644,1443,11.326403326403334
65,0.3460526315789474,1387.5,2.3143315937374567,2491,8.847450822962685
66,0.3460526315789474,1662.5,2.2855495772482644,2602,9.450038431975367
67,0.3460526315789474,2400.0,2.1526456033498294,2627,8.326227636086774
68,0.3676315789473684,625.0,2.646341463414631,1066,11.3780487804878
69,0.3676315789473684,1387.5,2.389709906951289,1827,9.337712096332792
70,0.3676315789473684,1662.5,2.3215789473684127,1900,9.220526315789485
71,0.3676315789473684,2400.0,2.275171065493646,2046,9.396383186705753
72,0.3892105263157895,625.0,2.6645885286783026,802,12.230673316708229
73,0.3892105263157895,1387.5,2.391404451266304,1303,9.445894090560257
74,0.3892105263157895,1662.5,2.3024781341107885,1372,9.328717201166182
75,0.3892105263157895,2400.0,2.309362279511534,1474,9.805970149253733
76,0.7,625.0,2.559850706478267,3751,10.926153025859769
77,0.7,1387.5,2.441677588466585,6104,10.540301441677595
78,0.7,1662.5,2.3558350581117664,6281,9.813883139627473
79,0.7,2400.0,2.3407582938388565,6330,10.10568720379147
