,voc_bin,rtmean,rtcount,rt_squaredmean
0,0.0007894736842105274,1.7407234207209574,8339739,5.5458170813259535
1,0.022368421052631583,1.8738621915439289,1976497,6.007722247997334
2,0.04394736842105264,1.9519972885102612,1006089,6.5350351708447105
3,0.0655263157894737,2.018881528547606,532584,7.005587850930572
4,0.08710526315789476,2.0647679724269397,306386,7.333996984196424
5,0.1086842105263158,2.108562231193438,189495,7.6635372964985615
6,0.13026315789473686,2.1541739703777525,124366,8.060723992087889
7,0.1518421052631579,2.1801041896297617,86189,8.168849853229508
8,0.17342105263157898,2.210380952380955,63000,8.441555555555583
9,0.195,2.2638322777533877,47841,8.975188645722282
10,0.2165789473684211,2.254925484550379,37509,8.70926977525396
11,0.23815789473684212,2.269914461373966,29928,8.936447473937466
12,0.25973684210526315,2.292989229831325,24605,9.295956106482453
13,0.28131578947368424,2.2753826850690015,19925,8.778770388958606
14,0.3028947368421053,2.294622712459267,15956,9.098332915517654
15,0.32447368421052636,2.3242117301094605,12242,9.264417578827004
16,0.3460526315789474,2.33209706474515,9437,9.429267775776223
17,0.3676315789473684,2.3494533221194236,7134,9.601485842444609
18,0.3892105263157895,2.3818454613653453,5332,9.700300075018745
19,0.7,2.4108445418897886,23717,10.348189062697696
