,voc_bin,elo_bin,rtmean,rtcount,rt_squaredmean
0,0.0007894736842105274,625.0,6.3828212962115485,688329,89.93122620142364
1,0.0007894736842105274,1387.5,6.19894711216601,985860,87.42797151725368
2,0.0007894736842105274,1662.5,6.207658252336586,1028642,91.40837142562717
3,0.0007894736842105274,2400.0,6.152373573728482,984823,95.57588419441856
4,0.022368421052631583,625.0,7.380979524392044,156137,108.9204224495156
5,0.022368421052631583,1387.5,7.166651938072577,237633,192.59633552578896
6,0.022368421052631583,1662.5,7.29037847732893,255656,113.11571408455103
7,0.022368421052631583,2400.0,7.411851840179009,253834,123.26423568158721
8,0.04394736842105264,625.0,7.7042569347222365,84286,117.61223690767171
9,0.04394736842105264,1387.5,7.596641805316498,130725,116.65298144960812
10,0.04394736842105264,1662.5,7.782091390737736,142881,127.71379679593477
11,0.04394736842105264,2400.0,8.021101726442247,145154,143.1469818261983
12,0.0655263157894737,625.0,8.06065468549428,46740,126.70575524176301
13,0.0655263157894737,1387.5,7.860013486176681,74150,127.39778826702602
14,0.0655263157894737,1662.5,8.11497477514359,83053,137.73622867325682
15,0.0655263157894737,2400.0,8.476861631517577,86631,156.91698121919427
16,0.08710526315789476,625.0,8.175055727331591,27814,126.48482778456919
17,0.08710526315789476,1387.5,8.177372685185183,44928,136.07062410968686
18,0.08710526315789476,1662.5,8.475457483220863,52297,150.28232977034986
19,0.08710526315789476,2400.0,8.839601144794663,54857,171.66097307545084
20,0.1086842105263158,625.0,8.343690878862585,17443,135.16728773720124
21,0.1086842105263158,1387.5,8.388012726215374,29231,139.00988676405174
22,0.1086842105263158,1662.5,8.7995138665183,34147,161.38732538729596
23,0.1086842105263158,2400.0,9.055147458918274,36756,178.72088910653997
24,0.13026315789473686,625.0,8.5314305130819,11772,139.08732585796767
25,0.13026315789473686,1387.5,8.636892230576453,19950,149.246115288221
26,0.13026315789473686,1662.5,8.888000673174037,23768,162.65718613261595
27,0.13026315789473686,2400.0,9.222808273367768,26543,183.40470180461836
28,0.1518421052631579,625.0,8.778406355320174,8308,149.3860134809813
29,0.1518421052631579,1387.5,8.845501448865638,14149,156.23966358046516
30,0.1518421052631579,1662.5,9.040656450137257,17488,170.44962259835305
31,0.1518421052631579,2400.0,9.501117870327027,19233,198.3756564238551
32,0.17342105263157898,625.0,8.900617083468674,6158,155.06203312763864
33,0.17342105263157898,1387.5,8.81688523020965,10447,155.03991576529157
34,0.17342105263157898,1662.5,9.34269751337738,12708,178.36646207113637
35,0.17342105263157898,2400.0,9.538828013339685,14693,199.24971074661386
36,0.195,625.0,8.928417884780735,4652,148.70571797076488
37,0.195,1387.5,8.980891719745236,8007,158.87023854127617
38,0.195,1662.5,9.502559055118114,10160,186.66948818897637
39,0.195,2400.0,9.629501684083307,11579,207.20321271266997
40,0.2165789473684211,625.0,9.17502696871628,3708,161.56930960086248
41,0.2165789473684211,1387.5,9.112767940354152,6438,176.304753028891
42,0.2165789473684211,1662.5,9.567971620423153,7893,189.4952489547703
43,0.2165789473684211,2400.0,9.967085318319615,9236,220.11888263317414
44,0.23815789473684212,625.0,9.27716482781679,2991,160.9635573386829
45,0.23815789473684212,1387.5,8.757914691943107,5275,149.67279620853117
46,0.23815789473684212,1662.5,9.560169748408601,6598,187.0630494089111
47,0.23815789473684212,2400.0,9.7078961175236,7624,204.21078174186786
48,0.25973684210526315,625.0,9.15858668857849,2434,156.01725554642547
49,0.25973684210526315,1387.5,9.004271582733798,4448,161.4867356115106
50,0.25973684210526315,1662.5,9.386621111310898,5561,180.19187196547347
51,0.25973684210526315,2400.0,9.817123072080575,6354,208.11803588290834
52,0.28131578947368424,625.0,9.447138700290935,2062,175.46750727449003
53,0.28131578947368424,1387.5,9.242244782853927,3546,169.9382402707272
54,0.28131578947368424,1662.5,9.445807314897388,4484,187.3195807314896
55,0.28131578947368424,2400.0,9.889077853363592,5292,211.9703325774751
56,0.3028947368421053,625.0,9.164490861618795,1532,156.06527415143603
57,0.3028947368421053,1387.5,9.515333098343357,2837,182.17589002467417
58,0.3028947368421053,1662.5,9.803964159652473,3683,197.51181102362165
59,0.3028947368421053,2400.0,9.446104343829008,4351,187.15651574350727
60,0.32447368421052636,625.0,9.181520850367956,1223,152.69255928045797
61,0.32447368421052636,1387.5,9.198554421768714,2352,159.97321428571425
62,0.32447368421052636,1662.5,9.855503038487518,2962,196.3085752869678
63,0.32447368421052636,2400.0,9.715519809353586,3357,202.4781054512959
64,0.3460526315789474,625.0,9.188984881209516,926,163.61015118790513
65,0.3460526315789474,1387.5,9.207602339181266,1710,168.31637426900542
66,0.3460526315789474,1662.5,9.595735027223235,2204,189.15562613430134
67,0.3460526315789474,2400.0,9.61141732283465,2540,208.6421259842518
68,0.3676315789473684,625.0,9.42401021711368,783,171.96807151979553
69,0.3676315789473684,1387.5,9.418429003021144,1324,176.39879154078577
70,0.3676315789473684,1662.5,9.76845238095238,1680,200.46369047619024
71,0.3676315789473684,2400.0,9.846273291925465,1932,210.80383022774336
72,0.3892105263157895,625.0,8.744308231173374,571,141.18213660245186
73,0.3892105263157895,1387.5,9.921471172962205,1006,203.63121272365834
74,0.3892105263157895,1662.5,9.91660047656868,1259,206.81890389197784
75,0.3892105263157895,2400.0,9.86527777777777,1440,211.99027777777798
76,0.7,625.0,9.413464927740575,2837,174.11209023616502
77,0.7,1387.5,9.39686905013749,4727,177.7391580283476
78,0.7,1662.5,9.818732193732181,5616,205.2467948717945
79,0.7,2400.0,9.745660881174913,5992,221.34112149532672
