,voc_bin,elo_bin,rtmean,rtcount,rt_squaredmean
0,0.0007894736842105274,625.0,9.628237720405187,1902689,204.94887288463957
1,0.0007894736842105274,1387.5,9.61601974001596,1824112,212.40975280026592
2,0.0007894736842105274,1662.5,9.729740821787837,1189066,227.66971219427722
3,0.0007894736842105274,2400.0,9.654298696311976,437528,234.770734672981
4,0.022368421052631583,625.0,11.263375021208043,430261,251.9887022063352
5,0.022368421052631583,1387.5,11.310237073831516,442900,262.7341747572808
6,0.022368421052631583,1662.5,11.656835184161253,300226,290.7526829788241
7,0.022368421052631583,2400.0,11.795525621538495,114474,310.1789489316354
8,0.04394736842105264,625.0,11.79808652885574,234234,273.9349667426584
9,0.04394736842105264,1387.5,11.981372592842447,246089,290.2701949294776
10,0.04394736842105264,1662.5,12.37913325471695,169600,322.8314681603771
11,0.04394736842105264,2400.0,12.695308170679105,64964,353.8090019087483
12,0.0655263157894737,625.0,12.22071986143007,131053,290.22427567472846
13,0.0655263157894737,1387.5,12.468880343877705,141213,314.51835170982895
14,0.0655263157894737,1662.5,12.952947972192453,98678,352.0048541721566
15,0.0655263157894737,2400.0,13.324893306963626,38428,390.15173831581126
16,0.08710526315789476,625.0,12.630851682055892,77435,311.5183056757278
17,0.08710526315789476,1387.5,12.90388412665227,86094,337.2863498037025
18,0.08710526315789476,1662.5,13.419637781206841,61565,381.1178754162275
19,0.08710526315789476,2400.0,13.615723373022302,24524,399.1256728103057
20,0.1086842105263158,625.0,12.934066605560577,49095,327.25267338832776
21,0.1086842105263158,1387.5,13.164978654234309,55983,341.6842791561743
22,0.1086842105263158,1662.5,13.745991271514741,40786,393.1028784386797
23,0.1086842105263158,2400.0,14.212438725490214,16320,442.232781862745
24,0.13026315789473686,625.0,13.07834364302438,33302,329.2748483574542
25,0.13026315789473686,1387.5,13.504475902987396,38428,364.06198605183846
26,0.13026315789473686,1662.5,14.248905237344475,28545,427.4766509020808
27,0.13026315789473686,2400.0,14.387699160527687,11674,450.0890868596872
28,0.1518421052631579,625.0,13.35527672739766,23272,340.5656583018225
29,0.1518421052631579,1387.5,13.752031772882741,27193,372.9696245357233
30,0.1518421052631579,1662.5,14.509850275807727,20304,437.41587864460246
31,0.1518421052631579,2400.0,14.860139036173006,8487,487.2671144102745
32,0.17342105263157898,625.0,13.409145815358073,17385,338.93436870865645
33,0.17342105263157898,1387.5,13.936475511932674,20071,389.9605899058346
34,0.17342105263157898,1662.5,14.658065774080354,15386,452.4898609125175
35,0.17342105263157898,2400.0,14.432921027592764,6306,457.46653980336083
36,0.195,625.0,13.57764995891539,13387,350.05736908941554
37,0.195,1387.5,14.16114409755473,15663,405.1301794036894
38,0.195,1662.5,15.14659510231466,11924,471.4305602146927
39,0.195,2400.0,14.58285259598169,5027,462.36124925402686
40,0.2165789473684211,625.0,13.686367517313373,10541,351.3199886158802
41,0.2165789473684211,1387.5,14.24272698209716,12512,394.85493925831156
42,0.2165789473684211,1662.5,14.744849115504717,9610,451.7502601456822
43,0.2165789473684211,2400.0,14.957264957264941,4095,493.5985347985337
44,0.23815789473684212,625.0,13.792204742897376,8518,358.224465837052
45,0.23815789473684212,1387.5,14.531434184675879,10180,417.06051080550253
46,0.23815789473684212,1662.5,14.889635073492126,7892,464.5644956918385
47,0.23815789473684212,2400.0,14.8512677798392,3234,509.37012987012855
48,0.25973684210526315,625.0,14.002419240073998,7027,370.38921303543384
49,0.25973684210526315,1387.5,14.381390955248555,8469,410.90707285393745
50,0.25973684210526315,1662.5,14.810360360360338,6660,446.94729729729585
51,0.25973684210526315,2400.0,14.919748520710078,2704,478.1246301775149
52,0.28131578947368424,625.0,13.827574351040067,5817,360.18996046071845
53,0.28131578947368424,1387.5,14.515572939301723,6903,412.7853107344642
54,0.28131578947368424,1662.5,15.090623266136474,5407,466.4092842611426
55,0.28131578947368424,2400.0,15.46529680365297,2190,543.3721461187212
56,0.3028947368421053,625.0,14.028722280886994,4735,380.7560718057014
57,0.3028947368421053,1387.5,14.453950857344823,5657,418.3273820045938
58,0.3028947368421053,1662.5,14.964635231316688,4496,458.60564946618945
59,0.3028947368421053,2400.0,15.466457023060803,1908,505.8060796645714
60,0.32447368421052636,625.0,14.139756484912635,3778,370.55479089465257
61,0.32447368421052636,1387.5,14.460753176043516,4408,423.87182395644174
62,0.32447368421052636,1662.5,14.936784897025166,3496,460.0294622425626
63,0.32447368421052636,2400.0,15.427048634243835,1501,529.4523650899396
64,0.3460526315789474,625.0,14.361263736263698,2912,394.85989010988965
65,0.3460526315789474,1387.5,14.333533834586472,3325,417.23278195488615
66,0.3460526315789474,1662.5,15.114232209737821,2670,461.1501872659167
67,0.3460526315789474,2400.0,14.702029520295216,1084,449.37730627306195
68,0.3676315789473684,625.0,13.906533575317608,2204,376.2794918330311
69,0.3676315789473684,1387.5,14.656505576208135,2690,405.680297397769
70,0.3676315789473684,1662.5,15.646414342629466,2008,490.78784860557647
71,0.3676315789473684,2400.0,15.08114558472554,838,482.3460620525063
72,0.3892105263157895,625.0,13.475516224188755,1695,333.15221238938113
73,0.3892105263157895,1387.5,14.580661577608131,1965,418.52773536895614
74,0.3892105263157895,1662.5,15.891244870041048,1462,544.0129958960301
75,0.3892105263157895,2400.0,14.223367697594503,582,452.9484536082476
76,0.7,625.0,13.886176953766691,8522,381.48251584135215
77,0.7,1387.5,14.728428900339887,9121,443.28867448744455
78,0.7,1662.5,15.685626911314966,6540,513.3636085626914
79,0.7,2400.0,14.314418966187315,2573,470.85853089778567
