,voc_bin,rtmean,rtcount,rt_squaredmean
0,0.0007894736842105274,4.121482871950323,1902902,39.156706966517504
1,0.022368421052631583,4.717308606752269,466866,44.39150205840645
2,0.04394736842105264,5.053267471871139,256498,50.53454217966617
3,0.0655263157894737,5.296390368810137,145278,55.53089249576666
4,0.08710526315789476,5.462399460037116,88895,59.15957027954318
5,0.1086842105263158,5.652902132955371,57854,63.43677187402767
6,0.13026315789473686,5.7782587064676685,40200,66.53004975124377
7,0.1518421052631579,5.815098277961393,28745,66.72308227517856
8,0.17342105263157898,5.9301891197758625,21415,70.26518795236997
9,0.195,6.014437598163584,16554,71.58094720309276
10,0.2165789473684211,5.968351043498195,13081,68.17154651785025
11,0.23815789473684212,6.058629232039614,10899,72.46288650334895
12,0.25973684210526315,6.191782343142715,9005,76.34081066074431
13,0.28131578947368424,6.2206969376979835,7576,75.88912354804638
14,0.3028947368421053,6.163768835899983,6039,73.7047524424576
15,0.32447368421052636,6.2833840800348,4598,77.5200086994345
16,0.3460526315789474,6.438014184397188,3525,79.76226950354615
17,0.3676315789473684,6.346613545816725,2761,84.8696124592537
18,0.3892105263157895,6.5993930197268655,1977,90.9099645928173
19,0.7,6.416458038532697,9187,84.93632306520094
