,voc_bin,elo_bin,rtmean,rtcount,rt_squaredmean
0,0.0007894736842105274,625.0,4.3523408355312085,494033,38.420012428319474
1,0.0007894736842105274,1387.5,4.112989470720823,575443,44.23113844464179
2,0.0007894736842105274,1662.5,4.022178033846148,475741,35.852812769973724
3,0.0007894736842105274,2400.0,3.948367977410296,357685,36.40485343248953
4,0.022368421052631583,625.0,4.962028396155909,115086,46.83362007542182
5,0.022368421052631583,1387.5,4.66789831088793,140192,42.49867324811706
6,0.022368421052631583,1662.5,4.608066754736543,119602,43.583568836641454
7,0.022368421052631583,2400.0,4.628476072445818,91986,45.2713782532126
8,0.04394736842105264,625.0,5.1920612084750255,61168,50.7533350771644
9,0.04394736842105264,1387.5,4.987434596480082,75684,48.39766661381524
10,0.04394736842105264,1662.5,5.024196812737059,66703,50.98332908564833
11,0.04394736842105264,2400.0,5.023648074344108,52943,52.771074551876566
12,0.0655263157894737,625.0,5.4057004426366815,33436,55.54255891853088
13,0.0655263157894737,1387.5,5.226473288912951,42473,52.607115108421716
14,0.0655263157894737,1662.5,5.280214463188179,38235,56.41686936053353
15,0.0655263157894737,2400.0,5.294244234598824,31134,58.418931072139834
16,0.08710526315789476,625.0,5.534496836088995,19596,57.36721779955095
17,0.08710526315789476,1387.5,5.313551473992888,25916,53.89388794567048
18,0.08710526315789476,1662.5,5.479869882979185,23671,61.58303409234916
19,0.08710526315789476,2400.0,5.565442370129887,19712,64.95413961038989
20,0.1086842105263158,625.0,5.588756194654328,12309,59.51206434316351
21,0.1086842105263158,1387.5,5.579782492422902,16827,61.091638438224344
22,0.1086842105263158,1662.5,5.663415886051589,15586,62.81175413832937
23,0.1086842105263158,2400.0,5.79424307036246,13132,70.862321047822
24,0.13026315789473686,625.0,5.795702796783106,8331,63.82979234185561
25,0.13026315789473686,1387.5,5.617583742357702,11613,61.682166537501026
26,0.13026315789473686,1662.5,5.808920102152478,10964,67.85580080262649
27,0.13026315789473686,2400.0,5.927249246663785,9292,73.44554455445522
28,0.1518421052631579,625.0,5.890015466575009,5819,66.32411067193682
29,0.1518421052631579,1387.5,5.742045593075702,8203,63.74107034011946
30,0.1518421052631579,1662.5,5.827695426327126,7893,68.86126947928558
31,0.1518421052631579,2400.0,5.824450951683751,6830,68.17349926793537
32,0.17342105263157898,625.0,5.920276497695853,4340,67.21474654377873
33,0.17342105263157898,1387.5,5.715705765407558,6036,61.72233267064277
34,0.17342105263157898,1662.5,6.041850220264311,5902,72.46509657743142
35,0.17342105263157898,2400.0,6.062293167218211,5137,80.352735059373
36,0.195,625.0,6.0475609756097475,3280,70.45304878048792
37,0.195,1387.5,5.863016616957836,4694,64.53792074989342
38,0.195,1662.5,6.011120996441275,4496,72.49599644128122
39,0.195,2400.0,6.165523996082273,4084,79.57443682664066
40,0.2165789473684211,625.0,5.952138093369951,2549,64.28246371125942
41,0.2165789473684211,1387.5,5.937098501070656,3736,66.64801927194858
42,0.2165789473684211,1662.5,5.908480268681785,3573,67.94374475230914
43,0.2165789473684211,2400.0,6.083772882407686,3223,73.26590133416053
44,0.23815789473684212,625.0,6.053926206244076,2114,68.14664143803212
45,0.23815789473684212,1387.5,6.154754098360662,3050,71.59999999999982
46,0.23815789473684212,1662.5,5.8667331339315405,3009,69.57826520438687
47,0.23815789473684212,2400.0,6.166544387380772,2726,79.95964783565644
48,0.25973684210526315,625.0,6.224238875878216,1708,68.39871194379391
49,0.25973684210526315,1387.5,5.958814472671287,2598,70.63317936874512
50,0.25973684210526315,1662.5,6.387318255250404,2476,82.67487883683376
51,0.25973684210526315,2400.0,6.221322537112008,2223,82.0584795321637
52,0.28131578947368424,625.0,6.205963938973645,1442,72.32940360610269
53,0.28131578947368424,1387.5,6.19420702754036,2106,75.49715099715088
54,0.28131578947368424,1662.5,6.258866881621374,2171,77.12206356517734
55,0.28131578947368424,2400.0,6.217555196553586,1857,77.65643511039308
56,0.3028947368421053,625.0,5.896491228070168,1140,60.69824561403513
57,0.3028947368421053,1387.5,5.871751412429378,1770,63.809604519773984
58,0.3028947368421053,1662.5,6.44457904300424,1651,81.77952755905524
59,0.3028947368421053,2400.0,6.405953991880918,1478,86.56698240866018
60,0.32447368421052636,625.0,6.315436241610742,894,72.95973154362405
61,0.32447368421052636,1387.5,6.14364207221349,1274,70.40580847723707
62,0.32447368421052636,1662.5,6.4415182029434535,1291,85.40821068938796
63,0.32447368421052636,2400.0,6.23529411764705,1139,80.11589113257224
64,0.3460526315789474,625.0,6.784107946026995,667,83.74962518740622
65,0.3460526315789474,1387.5,6.22058823529412,1020,76.60882352941182
66,0.3460526315789474,1662.5,6.367219917012437,964,73.94398340248961
67,0.3460526315789474,2400.0,6.505720823798617,874,86.81693363844393
68,0.3676315789473684,625.0,6.5441941074523395,577,83.35528596187164
69,0.3676315789473684,1387.5,6.123425692695206,794,79.50125944584389
70,0.3676315789473684,1662.5,6.69436997319036,746,99.5120643431637
71,0.3676315789473684,2400.0,6.041925465838506,644,75.88354037267088
72,0.3892105263157895,625.0,6.862533692722373,371,101.32075471698117
73,0.3892105263157895,1387.5,6.05317324185248,583,69.46998284734123
74,0.3892105263157895,1662.5,6.886486486486484,555,100.85405405405405
75,0.3892105263157895,2400.0,6.730769230769228,468,97.57264957264961
76,0.7,625.0,6.259541984732818,1834,73.46782988004342
77,0.7,1387.5,6.305409466566482,2662,80.92749812171286
78,0.7,1662.5,6.444049031237641,2529,87.90391459074725
79,0.7,2400.0,6.65402405180388,2162,96.12950971322859
