,voc_bin,elo_bin,rtmean,rtcount,rt_squaredmean
0,0.0007894736842105274,625.0,11.423029170695813,2163404,319.86231004472654
1,0.0007894736842105274,1387.5,10.852587853612695,3298100,306.05440223158905
2,0.0007894736842105274,1662.5,10.669740519131658,2824794,296.6420528364188
3,0.0007894736842105274,2400.0,10.65031850703553,1623669,315.27487437402476
4,0.022368421052631583,625.0,13.402476559486068,476952,382.7875383686396
5,0.022368421052631583,1387.5,12.849955456061409,787986,371.5533029774646
6,0.022368421052631583,1662.5,12.647732019046023,706289,377.5070969532306
7,0.022368421052631583,2400.0,12.925809344989645,418085,409.1965437650232
8,0.04394736842105264,625.0,13.992980509548728,259563,407.25490150753404
9,0.04394736842105264,1387.5,13.564161246934425,433447,430.0219750050179
10,0.04394736842105264,1662.5,13.502280448584784,397071,416.5733836014196
11,0.04394736842105264,2400.0,13.920961954126701,238265,461.335756405682
12,0.0655263157894737,625.0,14.554366342716696,143232,439.469203809205
13,0.0655263157894737,1387.5,14.105832140979071,245313,435.9700871947268
14,0.0655263157894737,1662.5,14.044849389309988,229167,483.92617610738114
15,0.0655263157894737,2400.0,14.7640240810701,140027,520.68288258693
16,0.08710526315789476,625.0,14.892762499263888,84905,457.82375596254604
17,0.08710526315789476,1387.5,14.53871281009973,147251,458.8010404004028
18,0.08710526315789476,1662.5,14.641852630386953,141291,477.42360093707384
19,0.08710526315789476,2400.0,15.423889417198692,88332,561.92581397455
20,0.1086842105263158,625.0,15.149562773844096,54091,476.2514466362245
21,0.1086842105263158,1387.5,14.90605022465557,93699,477.0898942357981
22,0.1086842105263158,1662.5,15.02901446379708,92092,515.2963992529228
23,0.1086842105263158,2400.0,15.978418850473398,59033,602.8116816018161
24,0.13026315789473686,625.0,15.490332367949218,36255,496.1034340091021
25,0.13026315789473686,1387.5,15.125129802699899,63558,488.6789231882691
26,0.13026315789473686,1662.5,15.547850208044364,63448,540.0033097969998
27,0.13026315789473686,2400.0,16.401606425702784,41583,629.4042276892004
28,0.1518421052631579,625.0,15.801734578270919,25597,515.7473532054532
29,0.1518421052631579,1387.5,15.52858866103734,45595,508.58216909748853
30,0.1518421052631579,1662.5,15.82168259370774,45834,554.0905659554033
31,0.1518421052631579,2400.0,16.72706301080937,30344,645.5462694437118
32,0.17342105263157898,625.0,15.893184238551646,18780,503.4532481363159
33,0.17342105263157898,1387.5,15.721083606896782,33813,592.5362730310839
34,0.17342105263157898,1662.5,15.996070842130042,34104,573.9182500586433
35,0.17342105263157898,2400.0,17.066124155104934,22488,679.1555051583069
36,0.195,625.0,16.185993820803365,14565,521.5668383110217
37,0.195,1387.5,15.978565129031029,26079,540.9888799417166
38,0.195,1662.5,16.286236436322127,26265,585.4697886921759
39,0.195,2400.0,17.432086225382303,17721,726.1381411884212
40,0.2165789473684211,625.0,16.15748031496064,11430,524.5265091863521
41,0.2165789473684211,1387.5,16.164704192992595,20892,556.1203810070849
42,0.2165789473684211,1662.5,16.265468404460478,21253,750.6586364277985
43,0.2165789473684211,2400.0,17.486166571591607,14024,707.8243011979463
44,0.23815789473684212,625.0,16.303352847259177,9395,528.9494411921225
45,0.23815789473684212,1387.5,16.321618678925713,16532,556.8794459230548
46,0.23815789473684212,1662.5,16.413686735976235,17506,590.812292928139
47,0.23815789473684212,2400.0,17.16561648501365,11744,699.0709298365122
48,0.25973684210526315,625.0,16.31046885035323,7785,535.2825947334604
49,0.25973684210526315,1387.5,16.529799868044844,13641,583.0650978667261
50,0.25973684210526315,1662.5,16.60796484865394,14338,606.5683498395894
51,0.25973684210526315,2400.0,17.54216249487074,9748,704.6074066475195
52,0.28131578947368424,625.0,16.634819532908637,6123,552.2856442920136
53,0.28131578947368424,1387.5,16.221698935984676,11466,552.84999127856
54,0.28131578947368424,1662.5,16.493094155297268,11874,597.0115378137099
55,0.28131578947368424,2400.0,17.24975308641975,8100,706.2374074074079
56,0.3028947368421053,625.0,16.958730158730077,5040,614.5880952380927
57,0.3028947368421053,1387.5,16.56703249408218,9294,563.0510006455767
58,0.3028947368421053,1662.5,16.551114291555866,9782,588.1505827029212
59,0.3028947368421053,2400.0,16.854041570438863,6495,642.6403387220953
60,0.32447368421052636,625.0,16.945560925973055,3931,560.3711523785287
61,0.32447368421052636,1387.5,16.452942771901295,7374,554.0216978573344
62,0.32447368421052636,1662.5,17.102062261920405,7613,649.1753579403647
63,0.32447368421052636,2400.0,17.145104895104847,5148,673.3525641025633
64,0.3460526315789474,625.0,17.01018459579885,3142,541.2387014640351
65,0.3460526315789474,1387.5,17.064423249955016,5557,601.1961490012611
66,0.3460526315789474,1662.5,17.157055214723925,5705,640.3234005258552
67,0.3460526315789474,2400.0,17.096535914416712,3926,641.0053489556806
68,0.3676315789473684,625.0,16.73688426111338,2497,546.157789347216
69,0.3676315789473684,1387.5,17.188640510948876,4384,644.6220346715338
70,0.3676315789473684,1662.5,17.171318357159155,4407,616.9548445654638
71,0.3676315789473684,2400.0,17.96192804750259,2863,770.4676912329726
72,0.3892105263157895,625.0,17.64531754574809,1858,673.3902045209907
73,0.3892105263157895,1387.5,17.080829326923023,3328,605.6301081730754
74,0.3892105263157895,1662.5,17.371021521673264,3299,635.8911791451964
75,0.3892105263157895,2400.0,17.381041764429813,2131,709.1539183481933
76,0.7,625.0,16.502761876067055,9957,536.1492417394799
77,0.7,1387.5,17.39199900916527,16148,640.035670052019
78,0.7,1662.5,17.787671682986126,15217,714.1052112768616
79,0.7,2400.0,18.191141219385102,9595,793.2468994267829
