,voc_bin,elo_bin,rtmean,rtcount,rt_squaredmean
0,0.0007894736842105274,625.0,20.507133826982148,5537,1018.6158569622542
1,0.0007894736842105274,1387.5,21.082799251622184,25121,1098.2620516699164
2,0.0007894736842105274,1662.5,23.761463805538245,44924,1543.7971685513282
3,0.0007894736842105274,2400.0,24.231696570199905,28369,1614.8647819803286
4,0.022368421052631583,625.0,27.02075611564122,1349,2067.455151964417
5,0.022368421052631583,1387.5,24.80942458727358,6239,1395.5098573489324
6,0.022368421052631583,1662.5,29.071933149552112,11608,1889.8703480358397
7,0.022368421052631583,2400.0,29.398143236074286,7540,2281.973740053044
8,0.04394736842105264,625.0,25.419786096256697,748,1567.7700534759356
9,0.04394736842105264,1387.5,27.277060005742197,3483,1696.10565604364
10,0.04394736842105264,1662.5,30.291801261344386,6501,2139.7285033071844
11,0.04394736842105264,2400.0,33.97049180327874,4270,2834.9985948477747
12,0.0655263157894737,625.0,27.94845360824743,388,1650.9175257731956
13,0.0655263157894737,1387.5,27.521063189568714,1994,1823.3164493480424
14,0.0655263157894737,1662.5,30.901404853128998,3915,2170.2408684546613
15,0.0655263157894737,2400.0,34.52199762187867,2523,2882.68688069758
16,0.08710526315789476,625.0,27.410628019323674,207,1384.0386473429946
17,0.08710526315789476,1387.5,27.41998306519902,1181,1533.389500423371
18,0.08710526315789476,1662.5,33.70103503184705,2512,2542.1246019108266
19,0.08710526315789476,2400.0,34.53700065487887,1527,2792.3968565815308
20,0.1086842105263158,625.0,23.394557823129244,147,1011.2721088435374
21,0.1086842105263158,1387.5,31.071332436069994,743,2010.212651413191
22,0.1086842105263158,1662.5,33.10431423052154,1553,2920.535093367674
23,0.1086842105263158,2400.0,37.11111111111117,1098,2880.9781420764994
24,0.13026315789473686,625.0,30.95327102803738,107,2954.710280373834
25,0.13026315789473686,1387.5,28.783242258652088,549,1977.2823315118403
26,0.13026315789473686,1662.5,32.99437675726331,1067,2326.928772258671
27,0.13026315789473686,2400.0,35.93422818791948,745,2902.2322147650993
28,0.1518421052631579,625.0,27.8169014084507,71,1595.7605633802827
29,0.1518421052631579,1387.5,29.672248803827774,418,1821.4425837320578
30,0.1518421052631579,1662.5,34.21932114882501,766,2752.8981723237575
31,0.1518421052631579,2400.0,34.71323529411756,544,2468.198529411764
32,0.17342105263157898,625.0,28.901960784313722,51,1888.1176470588243
33,0.17342105263157898,1387.5,29.14886731391586,309,1727.1747572815523
34,0.17342105263157898,1662.5,36.53846153846161,546,3069.7179487179465
35,0.17342105263157898,2400.0,37.554913294797686,346,3019.8381502890184
36,0.195,625.0,17.77272727272727,22,560.590909090909
37,0.195,1387.5,30.852678571428573,224,2010.8616071428569
38,0.195,1662.5,36.02727272727275,440,2985.218181818178
39,0.195,2400.0,37.8633540372671,322,3256.6397515528
40,0.2165789473684211,625.0,37.38709677419355,31,2630.612903225807
41,0.2165789473684211,1387.5,29.815950920245403,163,1738.699386503069
42,0.2165789473684211,1662.5,39.94623655913982,372,3493.166666666665
43,0.2165789473684211,2400.0,40.26037735849059,265,3949.384905660377
44,0.23815789473684212,625.0,32.53333333333333,30,2448.4666666666662
45,0.23815789473684212,1387.5,34.05673758865249,141,2682.7659574468107
46,0.23815789473684212,1662.5,36.72607260726072,303,3054.8910891089126
47,0.23815789473684212,2400.0,40.018779342723036,213,3794.779342723004
48,0.25973684210526315,625.0,34.25,20,2436.6499999999996
49,0.25973684210526315,1387.5,34.163043478260896,92,2962.70652173913
50,0.25973684210526315,1662.5,31.638655462184914,238,2042.5126050420165
51,0.25973684210526315,2400.0,40.593103448275855,145,3506.317241379311
52,0.28131578947368424,625.0,22.07142857142857,14,898.0714285714284
53,0.28131578947368424,1387.5,33.80459770114941,87,2035.6896551724149
54,0.28131578947368424,1662.5,35.60101010101009,198,2802.530303030302
55,0.28131578947368424,2400.0,41.12413793103447,145,3904.751724137932
56,0.3028947368421053,625.0,23.538461538461544,13,802.3076923076924
57,0.3028947368421053,1387.5,26.484374999999993,64,1187.296875
58,0.3028947368421053,1662.5,38.924657534246606,146,2796.979452054794
59,0.3028947368421053,2400.0,42.79200000000001,125,4385.511999999999
60,0.32447368421052636,625.0,22.176470588235293,17,646.1764705882351
61,0.32447368421052636,1387.5,31.64150943396225,53,2160.358490566037
62,0.32447368421052636,1662.5,41.25833333333336,120,4147.425000000002
63,0.32447368421052636,2400.0,32.37614678899084,109,2068.908256880735
64,0.3460526315789474,625.0,22.750000000000004,8,693.75
65,0.3460526315789474,1387.5,41.11428571428572,35,3006.5999999999995
66,0.3460526315789474,1662.5,37.35802469135801,81,2811.7037037037035
67,0.3460526315789474,2400.0,33.707317073170735,82,2243.1219512195107
68,0.3676315789473684,625.0,33.00000000000001,13,2095.7692307692314
69,0.3676315789473684,1387.5,37.18181818181818,33,3540.030303030303
70,0.3676315789473684,1662.5,35.323076923076904,65,2596.492307692307
71,0.3676315789473684,2400.0,41.31666666666666,60,4050.8166666666643
72,0.3892105263157895,625.0,18.499999999999996,4,433.0
73,0.3892105263157895,1387.5,31.263157894736842,19,1787.7894736842106
74,0.3892105263157895,1662.5,30.593220338983034,59,1836.7966101694908
75,0.3892105263157895,2400.0,24.48275862068965,29,1258.7586206896551
76,0.7,625.0,38.153846153846146,26,2787.307692307691
77,0.7,1387.5,36.49180327868851,122,3699.44262295082
78,0.7,1662.5,38.008510638297864,235,2983.931914893616
79,0.7,2400.0,40.810975609756106,164,4811.5060975609795
