,voc_bin,elo_bin,rtmean,rtcount,rt_squaredmean
0,0.0007894736842105274,625.0,1.9877433087623306,2406767,6.764836396709777
1,0.0007894736842105274,1387.5,1.7539325225903286,2513908,5.280487989218403
2,0.0007894736842105274,1662.5,1.62531673471534,1977996,5.458448854294934
3,0.0007894736842105274,2400.0,1.4636932168465255,1440392,4.093284328155117
4,0.022368421052631583,625.0,2.1683096940228923,516019,7.897025109540533
5,0.022368421052631583,1387.5,1.8951421631901526,595759,5.936373600734514
6,0.022368421052631583,1662.5,1.7580950640967217,492615,5.254862316413437
7,0.022368421052631583,2400.0,1.5849211342895067,371898,4.499757998160779
8,0.04394736842105264,625.0,2.2413554192880523,251140,8.46662419367688
9,0.04394736842105264,1387.5,1.970720599873903,298196,6.465609867335607
10,0.04394736842105264,1662.5,1.845060111728347,255441,5.817664353020872
11,0.04394736842105264,2400.0,1.699254996098544,201207,5.139821179183623
12,0.0655263157894737,625.0,2.3197039718709163,124853,9.01013191513219
13,0.0655263157894737,1387.5,2.036345454895085,156003,6.9626994352672655
14,0.0655263157894737,1662.5,1.9180712084605267,138242,6.281318267964858
15,0.0655263157894737,2400.0,1.7867892755437678,113423,5.742300944252937
16,0.08710526315789476,625.0,2.3630979233668525,68717,9.295618260401328
17,0.08710526315789476,1387.5,2.088123477587806,87854,7.295126004507467
18,0.08710526315789476,1662.5,1.9742487675576652,80734,6.666423068347921
19,0.08710526315789476,2400.0,1.844141547286241,69037,6.213276938453294
20,0.1086842105263158,625.0,2.398637722350164,40814,9.6747684618023
21,0.1086842105263158,1387.5,2.127730250338675,53887,7.647391764247379
22,0.1086842105263158,1662.5,2.027360162488306,50219,7.007507118819541
23,0.1086842105263158,2400.0,1.9115646258503443,44541,6.582676635010459
24,0.13026315789473686,625.0,2.4492300655587687,26236,10.029501448391565
25,0.13026315789473686,1387.5,2.1684093879638517,35194,8.012757856452783
26,0.13026315789473686,1662.5,2.085996211889767,32734,7.585415775646088
27,0.13026315789473686,2400.0,1.955092301063864,30173,6.920657541510644
28,0.1518421052631579,625.0,2.481381913859163,17483,10.317565635188421
29,0.1518421052631579,1387.5,2.1883831119384043,23638,7.880489043066261
30,0.1518421052631579,1662.5,2.1240662831630575,23294,7.833347643169913
31,0.1518421052631579,2400.0,1.9892898184325465,21755,7.1173063663525715
32,0.17342105263157898,625.0,2.5216015192277252,12638,10.60452603260008
33,0.17342105263157898,1387.5,2.2285697979682726,17522,8.354925236845123
34,0.17342105263157898,1662.5,2.1362966456405044,16963,7.913930318929427
35,0.17342105263157898,2400.0,2.021937842778778,15863,7.38132761772679
36,0.195,625.0,2.5678623872456328,9534,11.346339416823971
37,0.195,1387.5,2.282167215878614,13049,8.697831251436885
38,0.195,1662.5,2.187865272223931,13004,8.374884650876568
39,0.195,2400.0,2.0880431231623757,12244,8.059784384188205
40,0.2165789473684211,625.0,2.5783016266887193,7254,10.889026743865449
41,0.2165789473684211,1387.5,2.2663898812397343,10357,8.517814038814342
42,0.2165789473684211,1662.5,2.192864222001979,10090,8.25272547076311
43,0.2165789473684211,2400.0,2.0678432972862733,9802,7.771781269128746
44,0.23815789473684212,625.0,2.603503997278451,5879,11.153257356693306
45,0.23815789473684212,1387.5,2.3015032035485374,8116,8.96759487432231
46,0.23815789473684212,1662.5,2.1716818579098525,8009,8.166437757522782
47,0.23815789473684212,2400.0,2.088911341247785,7918,8.033341752967956
48,0.25973684210526315,625.0,2.6480362537764304,4634,11.935908502373733
49,0.25973684210526315,1387.5,2.299503086884496,6641,8.968077096822748
50,0.25973684210526315,1662.5,2.2594198564593264,6688,9.270185406698538
51,0.25973684210526315,2400.0,2.0730751845713384,6637,7.811812565918343
52,0.28131578947368424,625.0,2.61684210526316,3800,10.906315789473707
53,0.28131578947368424,1387.5,2.299624765478425,5330,8.774296435272012
54,0.28131578947368424,1662.5,2.210526315789478,5396,8.470719051148983
55,0.28131578947368424,2400.0,2.0753107030235536,5391,7.592654424040052
56,0.3028947368421053,625.0,2.625891946992867,2943,11.090044172613005
57,0.3028947368421053,1387.5,2.311116289909116,4291,8.812631088324364
58,0.3028947368421053,1662.5,2.2442607897153284,4356,8.938016528925601
59,0.3028947368421053,2400.0,2.1062170222527965,4359,8.203487038311549
60,0.32447368421052636,625.0,2.674000898069145,2227,11.982487651549166
61,0.32447368421052636,1387.5,2.3548585485854776,3252,8.888068880688834
62,0.32447368421052636,1662.5,2.2459254947613494,3436,8.625436554132719
63,0.32447368421052636,2400.0,2.1409678388938946,3327,8.472798316801928
64,0.3460526315789474,625.0,2.6196777905638635,1738,10.925776754890691
65,0.3460526315789474,1387.5,2.392672242134605,2511,10.04460374352844
66,0.3460526315789474,1662.5,2.2756360832690796,2594,9.060524286815747
67,0.3460526315789474,2400.0,2.137731481481485,2592,8.202546296296306
68,0.3676315789473684,625.0,2.5830860534124604,1348,11.121661721068266
69,0.3676315789473684,1387.5,2.4367816091953953,1914,9.670846394984345
70,0.3676315789473684,1662.5,2.2541856925418515,1971,9.015220700152224
71,0.3676315789473684,2400.0,2.1946344029458156,1901,9.061546554445023
72,0.3892105263157895,625.0,2.6785046728972004,1070,11.431775700934606
73,0.3892105263157895,1387.5,2.3653032440056427,1418,9.571227080394918
74,0.3892105263157895,1662.5,2.314244810307802,1397,9.393700787401581
75,0.3892105263157895,2400.0,2.243953006219764,1447,8.842432619212163
76,0.7,625.0,2.5815811606391827,4756,11.129520605550848
77,0.7,1387.5,2.363042091836737,6272,9.646843112244811
78,0.7,1662.5,2.405080831408767,6495,10.563048498845314
79,0.7,2400.0,2.333010179350458,6189,10.225399903053791
