,voc_bin,rtmean,rtcount,rt_squaredmean
0,0.0007894736842105274,35.01580260604378,3607,4541.912392570004
1,0.022368421052631583,40.46162046908314,938,9118.337953091685
2,0.04394736842105264,48.32478632478631,468,6110.30769230769
3,0.0655263157894737,49.409090909090935,286,7334.500000000001
4,0.08710526315789476,52.751269035532964,197,6481.624365482232
5,0.1086842105263158,53.1206896551724,116,6829.5862068965525
6,0.13026315789473686,54.63157894736842,95,7285.8947368421
7,0.1518421052631579,53.92982456140348,57,5797.999999999998
8,0.17342105263157898,53.8888888888889,36,4567.388888888886
9,0.195,49.19354838709677,31,5169.322580645163
10,0.2165789473684211,60.75,28,8863.535714285716
11,0.23815789473684212,58.81250000000001,16,6084.0625
12,0.25973684210526315,60.45454545454545,22,7501.454545454546
13,0.28131578947368424,75.06666666666666,15,9334.133333333331
14,0.3028947368421053,75.11111111111111,9,10425.999999999998
15,0.32447368421052636,50.4,15,12440.0
16,0.3460526315789474,39.699999999999996,10,2607.1
17,0.3676315789473684,40.5,2,1822.5
18,0.3892105263157895,68.75,4,8336.25
19,0.7,47.125,8,2903.375
