,voc_bin,rtmean,rtcount,rt_squaredmean
0,0.0007894736842105274,4.12237327925123,2341132,36.89207272379331
1,0.022368421052631583,4.724884617816299,569412,44.17442554775792
2,0.04394736842105264,5.022718779397161,310404,49.71944304841411
3,0.0655263157894737,5.262706855791939,175968,54.674759047099464
4,0.08710526315789476,5.432730810972665,106884,58.29293439616789
5,0.1086842105263158,5.6083458002294915,68849,61.94679661287734
6,0.13026315789473686,5.7345770572628405,47867,64.39641088850368
7,0.1518421052631579,5.811619203555348,34202,66.29135723057144
8,0.17342105263157898,5.985744497532737,25534,70.74253935928587
9,0.195,5.976319758672683,19890,69.8604826546004
10,0.2165789473684211,6.028657713808414,15563,71.28625586326578
11,0.23815789473684212,6.075226154578628,12602,74.75829233454992
12,0.25973684210526315,6.129407316381481,10579,73.09225824747111
13,0.28131578947368424,6.120119088514812,8733,73.65658994618093
14,0.3028947368421053,6.091888825865001,7052,71.50538854225744
15,0.32447368421052636,6.1485307212822935,5615,74.64292074799658
16,0.3460526315789474,6.384652509652509,4144,80.38368725868726
17,0.3676315789473684,6.356671070013202,3028,78.8434610303832
18,0.3892105263157895,6.3656195462478165,2292,79.40663176265275
19,0.7,6.353390987710507,10985,81.42703686845698
