,voc_bin,rtmean,rtcount,rt_squaredmean
0,0.0007894736842105274,15.43023013456288,196711,694.8756703997257
1,0.022368421052631583,18.8972063251511,50149,830.4776565833823
2,0.04394736842105264,20.133979162858754,27355,925.3707548894171
3,0.0655263157894737,20.88464934409684,15856,1186.0292003027223
4,0.08710526315789476,21.730168329805352,9921,1063.2995665759508
5,0.1086842105263158,22.167904673475622,6462,1107.9979882389355
6,0.13026315789473686,22.979425729143124,4423,1169.4655211394986
7,0.1518421052631579,23.776726584673554,3171,1343.3472090823084
8,0.17342105263157898,24.599074463609583,2377,1312.8262515776178
9,0.195,24.21717990275527,1851,1358.9540788762856
10,0.2165789473684211,23.26350900600404,1499,1148.466977985322
11,0.23815789473684212,23.277070063694275,1256,1171.254777070064
12,0.25973684210526315,23.68186423505579,987,1258.1377912867313
13,0.28131578947368424,24.3741176470588,850,1310.807058823529
14,0.3028947368421053,25.15558912386705,662,1535.9743202416896
15,0.32447368421052636,23.617328519855597,554,1257.8050541516259
16,0.3460526315789474,24.718181818181808,440,1353.7409090909102
17,0.3676315789473684,23.153605015674003,319,1229.1473354231982
18,0.3892105263157895,24.556074766355156,214,1277.7897196261677
19,0.7,24.778797145769634,981,1341.3700305810382
