,voc_bin,rtmean,rtcount,rt_squaredmean
0,0.0007894736842105274,1.734852577867049,8012535,5.653992775070561
1,0.022368421052631583,1.8719596049540956,1922612,5.994182913661193
2,0.04394736842105264,1.9454149005045018,982356,6.437979714075114
3,0.0655263157894737,2.0105986482938945,521859,6.858045947276934
4,0.08710526315789476,2.0522306131275148,300590,7.185056056422368
5,0.1086842105263158,2.1010613602254433,185234,7.585378494228913
6,0.13026315789473686,2.1419198612542774,122238,7.880168196469167
7,0.1518421052631579,2.1919316271692058,84478,8.290750254504147
8,0.17342105263157898,2.203765731195734,61502,8.307827387727214
9,0.195,2.235257403581265,46464,8.643056990358108
10,0.2165789473684211,2.2471616680869824,36377,8.750446710833758
11,0.23815789473684212,2.236261505143478,29552,8.601245262587993
12,0.25973684210526315,2.278375549508063,23885,9.368097132091249
13,0.28131578947368424,2.2936007443399213,19346,9.052413935697327
14,0.3028947368421053,2.2785682383717214,15673,8.917373827601601
15,0.32447368421052636,2.291130947506351,12211,8.958070592089152
16,0.3460526315789474,2.3582363087537686,9276,9.812958171625668
17,0.3676315789473684,2.347183202720685,6763,9.313618216767697
18,0.3892105263157895,2.4451148306734134,5138,10.213117944725532
19,0.7,2.381087227013342,23307,10.286094306431558
