,voc_bin,elo_bin,rtmean,rtcount,rt_squaredmean
0,0.0007894736842105274,625.0,11.336245721636104,1246972,303.1900676198032
1,0.0007894736842105274,1387.5,10.832613873010944,2246823,292.27947906889005
2,0.0007894736842105274,1662.5,10.558956357867668,2213824,289.31712954598026
3,0.0007894736842105274,2400.0,10.536887849406659,1533242,309.4509275117682
4,0.022368421052631583,625.0,13.369721688197352,278285,382.0722101442757
5,0.022368421052631583,1387.5,12.820413643609488,536984,367.2889341209414
6,0.022368421052631583,1662.5,12.493279026851187,549474,358.65948889301507
7,0.022368421052631583,2400.0,12.780455922286887,395506,404.16823259318517
8,0.04394736842105264,625.0,13.901556816141413,150371,407.41529284237066
9,0.04394736842105264,1387.5,13.448656509461069,295685,401.8259093291837
10,0.04394736842105264,1662.5,13.359997024310145,309172,404.95789722225913
11,0.04394736842105264,2400.0,13.804875019957835,225476,458.078261100959
12,0.0655263157894737,625.0,14.441866351670589,82964,426.10299648039995
13,0.0655263157894737,1387.5,14.016779638884593,168478,424.79208561355176
14,0.0655263157894737,1662.5,13.99167463954213,178731,441.0725391789895
15,0.0655263157894737,2400.0,14.684915938690953,131987,513.960390038413
16,0.08710526315789476,625.0,14.921221336401732,48668,461.8687022273367
17,0.08710526315789476,1387.5,14.422061400469259,101009,446.5873338019381
18,0.08710526315789476,1662.5,14.417658394907253,109489,473.3150270803466
19,0.08710526315789476,2400.0,15.224164124648588,83595,549.0261618517856
20,0.1086842105263158,625.0,15.061315059552983,30645,464.93470386686255
21,0.1086842105263158,1387.5,14.915861214374218,64560,477.1178438661708
22,0.1086842105263158,1662.5,14.881333592319201,72076,498.717978245186
23,0.1086842105263158,2400.0,15.807418972757633,55722,594.1081260543414
24,0.13026315789473686,625.0,15.427701451817228,20526,474.8180356620873
25,0.13026315789473686,1387.5,15.230237042077775,44085,506.5731427923317
26,0.13026315789473686,1662.5,15.240684793554871,49650,515.0832628398796
27,0.13026315789473686,2400.0,16.32741673331443,38761,628.3928949201519
28,0.1518421052631579,625.0,15.609833138776358,14563,505.38021012154104
29,0.1518421052631579,1387.5,15.562698053417838,30926,504.8952337838714
30,0.1518421052631579,1662.5,15.584820292396005,35363,524.4395554675805
31,0.1518421052631579,2400.0,16.66070420547565,28344,644.1867414620372
32,0.17342105263157898,625.0,15.88412417264848,10727,502.04912836767096
33,0.17342105263157898,1387.5,15.607793345008751,22840,515.8676007005232
34,0.17342105263157898,1662.5,16.046086923913432,26667,558.9814752315592
35,0.17342105263157898,2400.0,16.99928963818905,21116,659.0465523773456
36,0.195,625.0,16.279688273132145,8084,518.8353537852536
37,0.195,1387.5,16.038459359954675,17655,543.4930048145001
38,0.195,1662.5,15.9270350271337,20270,550.5810064134192
39,0.195,2400.0,17.189947186304817,16473,700.8950403690893
40,0.2165789473684211,625.0,15.920960097844382,6541,527.7800030576365
41,0.2165789473684211,1387.5,16.22115113988181,14212,545.6030819026176
42,0.2165789473684211,1662.5,16.137383065483295,16676,577.1177140801138
43,0.2165789473684211,2400.0,17.110350597003613,13149,686.3864932694482
44,0.23815789473684212,625.0,16.3895348837209,5332,542.6506001500396
45,0.23815789473684212,1387.5,16.01229756646747,11547,555.1667099679552
46,0.23815789473684212,1662.5,16.298835994627684,13402,576.3189822414552
47,0.23815789473684212,2400.0,17.18921892189213,10908,682.5253025302534
48,0.25973684210526315,625.0,16.521506626365955,4301,547.0004650081374
49,0.25973684210526315,1387.5,16.282590233545697,9420,560.5520169851367
50,0.25973684210526315,1662.5,16.77374152088541,11204,646.3663870046412
51,0.25973684210526315,2400.0,16.958411472697232,9065,659.3855488141202
52,0.28131578947368424,625.0,16.592235843549332,3426,536.3073555166375
53,0.28131578947368424,1387.5,16.246851709072228,7782,550.8608326908235
54,0.28131578947368424,1662.5,16.523676581123173,9313,588.6351336840961
55,0.28131578947368424,2400.0,17.630359520639164,7510,724.8103861517985
56,0.3028947368421053,625.0,16.802170868347357,2856,550.887605042018
57,0.3028947368421053,1387.5,16.3257754684301,6351,647.5359785860502
58,0.3028947368421053,1662.5,16.650391402414762,7537,620.4585378797917
59,0.3028947368421053,2400.0,17.46228868660598,6152,704.835825747721
60,0.32447368421052636,625.0,16.57117278424346,2234,531.1772605192467
61,0.32447368421052636,1387.5,16.55639848273111,5009,602.5967258933925
62,0.32447368421052636,1662.5,16.793051611825664,5987,618.7112076165012
63,0.32447368421052636,2400.0,16.920820512820512,4875,646.7657435897424
64,0.3460526315789474,625.0,16.765945646145333,1803,582.4664448141976
65,0.3460526315789474,1387.5,16.7478036175711,3870,577.6795865633067
66,0.3460526315789474,1662.5,16.718351548269588,4392,582.4633424408022
67,0.3460526315789474,2400.0,17.833378783746916,3667,755.5694027815629
68,0.3676315789473684,625.0,17.208067940552013,1413,564.8612880396323
69,0.3676315789473684,1387.5,17.301641586867312,2924,621.2893296853628
70,0.3676315789473684,1662.5,17.41080766995929,3442,667.6583381754785
71,0.3676315789473684,2400.0,17.814652014651994,2730,702.3362637362641
72,0.3892105263157895,625.0,17.278079710144937,1104,614.8994565217387
73,0.3892105263157895,1387.5,17.381429816913673,2294,639.4232781168247
74,0.3892105263157895,1662.5,17.021721958925728,2532,614.2681674565564
75,0.3892105263157895,2400.0,17.723128598848362,2084,714.097408829175
76,0.7,625.0,16.5123997082421,5484,532.8260393873089
77,0.7,1387.5,16.9257443718228,11016,581.6181917211346
78,0.7,1662.5,17.938772077375972,11890,716.3806560134572
79,0.7,2400.0,18.433028919330294,9198,814.15535986084
