,voc_bin,U_bin,clock_bin,rtmean,rtcount,rt_squaredmean
0,0.0007894736842105274,0.1,30.0,5.254226576994421,172480,232.55652249536146
1,0.0007894736842105274,0.1,90.0,8.1578303973318,141519,313.0360728948052
2,0.0007894736842105274,0.1,150.0,9.093095763093627,168708,320.16077482988317
3,0.0007894736842105274,0.1,210.0,9.50168683588418,206007,308.326416092657
4,0.0007894736842105274,0.1,270.0,9.694437474198892,247082,289.9063428335531
5,0.0007894736842105274,0.1,330.0,9.743529850797865,289406,265.2643483549064
6,0.0007894736842105274,0.1,390.0,9.331166099008891,325607,220.53783548879443
7,0.0007894736842105274,0.1,450.0,8.590967080286733,323727,170.66664195448635
8,0.0007894736842105274,0.1,510.0,7.252067578439264,248600,110.93580048270296
9,0.0007894736842105274,0.1,570.0,5.151436983415261,74044,52.60789530549395
10,0.0007894736842105274,0.30000000000000004,30.0,6.341019980335021,53903,211.98909151624198
11,0.0007894736842105274,0.30000000000000004,90.0,10.905547787384046,50777,406.11912873938945
12,0.0007894736842105274,0.30000000000000004,150.0,12.414472775279034,65143,465.4556897901549
13,0.0007894736842105274,0.30000000000000004,210.0,12.972853667014235,86310,475.95813926543843
14,0.0007894736842105274,0.30000000000000004,270.0,13.216673426163744,110955,471.27529178495683
15,0.0007894736842105274,0.30000000000000004,330.0,13.232688184298471,140381,441.5480727448888
16,0.0007894736842105274,0.30000000000000004,390.0,12.513716119789828,182887,366.24302438117576
17,0.0007894736842105274,0.30000000000000004,450.0,11.242567405939239,234104,276.2527680005462
18,0.0007894736842105274,0.30000000000000004,510.0,9.122023841361862,280437,168.4474766168518
19,0.0007894736842105274,0.30000000000000004,570.0,5.709624492916763,188332,62.71594312172108
20,0.0007894736842105274,0.5,30.0,4.6707319032698535,124470,145.08263838675992
21,0.0007894736842105274,0.5,90.0,9.06020210904358,109149,328.4596102575382
22,0.0007894736842105274,0.5,150.0,10.933865949799138,132428,411.5423022321555
23,0.0007894736842105274,0.5,210.0,12.216837671129795,166175,473.01102452233994
24,0.0007894736842105274,0.5,270.0,11.644787708506124,242379,437.6191914315994
25,0.0007894736842105274,0.5,330.0,14.265776618467655,256091,537.5132238149747
26,0.0007894736842105274,0.5,390.0,14.538382269903998,354200,510.39483060417854
27,0.0007894736842105274,0.5,450.0,13.827441275537918,543896,421.54626252077554
28,0.0007894736842105274,0.5,510.0,11.642051835057243,1031194,272.474071804143
29,0.0007894736842105274,0.5,570.0,5.239176599982334,3745057,58.36184415884733
30,0.0007894736842105274,0.7000000000000001,30.0,5.755537276302071,49844,170.5114557419142
31,0.0007894736842105274,0.7000000000000001,90.0,10.642392452690292,53953,382.33775693659265
32,0.0007894736842105274,0.7000000000000001,150.0,12.292058328968748,72554,434.7942222344743
33,0.0007894736842105274,0.7000000000000001,210.0,13.327514563897859,98188,481.3961583900297
34,0.0007894736842105274,0.7000000000000001,270.0,13.790561308570302,130463,493.20311505944176
35,0.0007894736842105274,0.7000000000000001,330.0,14.204944732850274,165469,479.60672996150356
36,0.0007894736842105274,0.7000000000000001,390.0,13.63796294221763,223165,416.83159097528835
37,0.0007894736842105274,0.7000000000000001,450.0,12.381362699898688,298026,321.2690167971916
38,0.0007894736842105274,0.7000000000000001,510.0,10.137800610262346,392618,199.6609656205265
39,0.0007894736842105274,0.7000000000000001,570.0,6.35821419123313,347764,74.08949747529971
40,0.0007894736842105274,0.9,30.0,3.497537875610281,238412,73.25592252067891
41,0.0007894736842105274,0.9,90.0,7.354346555135821,177888,190.8724815614311
42,0.0007894736842105274,0.9,150.0,8.831205660123446,208052,243.74320842866206
43,0.0007894736842105274,0.9,210.0,9.747068059471927,249664,273.20993815688286
44,0.0007894736842105274,0.9,270.0,10.263459645586078,295643,284.55313333987255
45,0.0007894736842105274,0.9,330.0,10.362132737404547,349035,270.9434440672134
46,0.0007894736842105274,0.9,390.0,10.036954036818692,398928,237.03344964504913
47,0.0007894736842105274,0.9,450.0,9.276205240454601,421223,187.95315308043442
48,0.0007894736842105274,0.9,510.0,7.829871290473722,367028,123.15692535719347
49,0.0007894736842105274,0.9,570.0,5.461700663804177,156974,55.647094423280166
50,0.022368421052631583,0.1,30.0,7.730573248407672,32970,331.76326963906655
51,0.022368421052631583,0.1,90.0,12.735811680808206,30289,530.725907094984
52,0.022368421052631583,0.1,150.0,13.78874007163991,38526,540.3287909463722
53,0.022368421052631583,0.1,210.0,13.97932912007781,51425,508.9125717063675
54,0.022368421052631583,0.1,270.0,14.059482496194851,65700,486.85701674277277
55,0.022368421052631583,0.1,330.0,13.521266523651422,83441,417.8546517898882
56,0.022368421052631583,0.1,390.0,12.427458215971669,101893,334.8330994278316
57,0.022368421052631583,0.1,450.0,10.87790944671925,110631,241.21295116197103
58,0.022368421052631583,0.1,510.0,8.58433168771404,92569,142.40044723395562
59,0.022368421052631583,0.1,570.0,5.894523758789688,28158,64.88031820441793
60,0.022368421052631583,0.30000000000000004,30.0,6.815968432541355,11911,207.12459071446543
61,0.022368421052631583,0.30000000000000004,90.0,12.77840959573522,11255,517.5993780541971
62,0.022368421052631583,0.30000000000000004,150.0,14.364838665004811,14442,548.0327516964394
63,0.022368421052631583,0.30000000000000004,210.0,15.234392853433063,19254,591.3506284408413
64,0.022368421052631583,0.30000000000000004,270.0,15.771796112589724,24798,601.6744495523849
65,0.022368421052631583,0.30000000000000004,330.0,15.796555957611753,30952,553.2931313000772
66,0.022368421052631583,0.30000000000000004,390.0,15.168360711016877,41518,487.8878076978647
67,0.022368421052631583,0.30000000000000004,450.0,13.595456586154269,55685,360.26935440423654
68,0.022368421052631583,0.30000000000000004,510.0,10.784257902449237,71655,210.49961621659313
69,0.022368421052631583,0.30000000000000004,570.0,6.410817090045609,58537,73.39036848488978
70,0.022368421052631583,0.5,30.0,6.619673678532883,14832,273.7247168284794
71,0.022368421052631583,0.5,90.0,12.91116246228903,15579,542.1444893767242
72,0.022368421052631583,0.5,150.0,15.283525997811758,21021,644.0978545264265
73,0.022368421052631583,0.5,210.0,16.51237497012941,29293,731.8353531560449
74,0.022368421052631583,0.5,270.0,15.189513581806684,47490,635.2071172878489
75,0.022368421052631583,0.5,330.0,18.87603384171784,52716,788.1992753623186
76,0.022368421052631583,0.5,390.0,18.375612714134128,79156,697.2779574511077
77,0.022368421052631583,0.5,450.0,16.708859903018517,133015,542.5546366951095
78,0.022368421052631583,0.5,510.0,13.323774544946465,272001,321.23841456465146
79,0.022368421052631583,0.5,570.0,6.030594355023309,795114,71.13348023050798
80,0.022368421052631583,0.7000000000000001,30.0,5.976913623595505,11392,189.50482794943804
81,0.022368421052631583,0.7000000000000001,90.0,11.492829632057681,12203,372.19921330820273
82,0.022368421052631583,0.7000000000000001,150.0,13.642372059180268,16492,449.54535532379185
83,0.022368421052631583,0.7000000000000001,210.0,15.122532554180282,21733,537.9381585607146
84,0.022368421052631583,0.7000000000000001,270.0,15.83017789526328,27994,565.952132599842
85,0.022368421052631583,0.7000000000000001,330.0,15.851267525846218,35305,528.6569324458292
86,0.022368421052631583,0.7000000000000001,390.0,15.115003624063878,45529,456.74816051307994
87,0.022368421052631583,0.7000000000000001,450.0,13.613035623454275,57013,350.84949046708556
88,0.022368421052631583,0.7000000000000001,510.0,10.999443859912795,66530,215.85656094994718
89,0.022368421052631583,0.7000000000000001,570.0,6.871176865550704,43191,80.46197124400945
90,0.022368421052631583,0.9,30.0,5.184293067395841,24868,142.77903329580192
91,0.022368421052631583,0.9,90.0,10.68455668451453,23719,337.5717778995746
92,0.022368421052631583,0.9,150.0,12.447275552821568,30887,371.41939974746793
93,0.022368421052631583,0.9,210.0,13.716305988928044,39740,438.7580271766493
94,0.022368421052631583,0.9,270.0,14.137312303341696,50214,434.9198829011832
95,0.022368421052631583,0.9,330.0,13.942885033926494,62488,407.5478011778257
96,0.022368421052631583,0.9,390.0,12.930401439245712,76151,330.90939055298156
97,0.022368421052631583,0.9,450.0,11.250248571462794,83477,240.94053451848993
98,0.022368421052631583,0.9,510.0,8.987834791362424,70529,146.05411958201634
99,0.022368421052631583,0.9,570.0,5.9415660813107305,22949,68.48189463593164
100,0.04394736842105264,0.1,30.0,7.796916095095654,19391,298.5058016605637
101,0.04394736842105264,0.1,90.0,13.002999711566188,17335,532.6470723968849
102,0.04394736842105264,0.1,150.0,14.171712136318297,22066,565.7674703163235
103,0.04394736842105264,0.1,210.0,14.903924126502801,28363,576.3910728766326
104,0.04394736842105264,0.1,270.0,14.858299707805761,35935,533.6770557951858
105,0.04394736842105264,0.1,330.0,14.341776089226654,45009,466.7633806572033
106,0.04394736842105264,0.1,390.0,13.30124406492693,54338,381.93604843755776
107,0.04394736842105264,0.1,450.0,11.521447190418037,60614,267.6709176097933
108,0.04394736842105264,0.1,510.0,9.081309438839488,51839,160.8808040278555
109,0.04394736842105264,0.1,570.0,5.895790403297027,16985,77.93794524580498
110,0.04394736842105264,0.30000000000000004,30.0,7.944055944055939,7150,318.3530069930061
111,0.04394736842105264,0.30000000000000004,90.0,14.205726256983244,7160,547.8607541899456
112,0.04394736842105264,0.30000000000000004,150.0,15.944521646178464,9355,652.6156066274684
113,0.04394736842105264,0.30000000000000004,210.0,17.023718796173853,12859,701.13741348472
114,0.04394736842105264,0.30000000000000004,270.0,17.07652346486114,17132,670.475192621994
115,0.04394736842105264,0.30000000000000004,330.0,17.53926122539265,22605,657.9214775492156
116,0.04394736842105264,0.30000000000000004,390.0,16.325672627415038,30589,548.2859197750829
117,0.04394736842105264,0.30000000000000004,450.0,14.396655170784678,42334,398.8383332545952
118,0.04394736842105264,0.30000000000000004,510.0,11.376441253448345,56548,234.2040213623826
119,0.04394736842105264,0.30000000000000004,570.0,6.621544174032363,49554,78.45635064777824
120,0.04394736842105264,0.5,30.0,7.876615914966962,6962,349.4118069520256
121,0.04394736842105264,0.5,90.0,14.876547842401504,7995,689.3696060037512
122,0.04394736842105264,0.5,150.0,17.15532161655811,11209,778.7590329199747
123,0.04394736842105264,0.5,210.0,18.516556291390657,16308,859.227373068431
124,0.04394736842105264,0.5,270.0,17.67570305535298,24678,766.5015398330492
125,0.04394736842105264,0.5,330.0,19.63869234800834,30528,808.2372248427654
126,0.04394736842105264,0.5,390.0,19.08790306904803,46301,721.010971685274
127,0.04394736842105264,0.5,450.0,16.992156022862726,74707,545.2497757907569
128,0.04394736842105264,0.5,510.0,13.215026547385241,137490,311.51707033238824
129,0.04394736842105264,0.5,570.0,6.435510856838948,270751,78.21070651631962
130,0.04394736842105264,0.7000000000000001,30.0,6.4182910547396546,7490,182.37770360480633
131,0.04394736842105264,0.7000000000000001,90.0,12.130718954248387,8109,382.27870267603936
132,0.04394736842105264,0.7000000000000001,150.0,14.642676311030762,11060,507.05207956600265
133,0.04394736842105264,0.7000000000000001,210.0,15.900745416694646,14891,563.008931569402
134,0.04394736842105264,0.7000000000000001,270.0,16.611925007683528,19522,596.6676570023538
135,0.04394736842105264,0.7000000000000001,330.0,16.60773390802257,24593,576.474525271419
136,0.04394736842105264,0.7000000000000001,390.0,15.634925597098887,31988,484.1178566962618
137,0.04394736842105264,0.7000000000000001,450.0,13.765129827733382,39822,356.3120134598958
138,0.04394736842105264,0.7000000000000001,510.0,10.973655671034798,44260,213.87659286037038
139,0.04394736842105264,0.7000000000000001,570.0,6.943429899560057,24094,81.23121939071973
140,0.04394736842105264,0.9,30.0,4.530695492555609,14709,93.19505064926261
141,0.04394736842105264,0.9,90.0,9.940364042791002,12526,295.8436053009733
142,0.04394736842105264,0.9,150.0,11.9240002652696,15079,354.46435440015887
143,0.04394736842105264,0.9,210.0,13.211860379151911,18937,428.01568358240706
144,0.04394736842105264,0.9,270.0,13.710311985402097,22469,438.9006631358757
145,0.04394736842105264,0.9,330.0,13.660501453488342,27520,401.6119549418604
146,0.04394736842105264,0.9,390.0,12.747030953885044,31660,337.99763108022796
147,0.04394736842105264,0.9,450.0,11.272482095232359,33371,249.73096401066803
148,0.04394736842105264,0.9,510.0,9.10164213960043,26977,153.4050116766135
149,0.04394736842105264,0.9,570.0,6.07182966775853,8548,64.89962564342532
150,0.0655263157894737,0.1,30.0,8.568443051201681,9570,321.6091954022984
151,0.0655263157894737,0.1,90.0,14.383695170580447,9028,627.0245901639365
152,0.0655263157894737,0.1,150.0,15.93183571979764,11663,689.5382834605143
153,0.0655263157894737,0.1,210.0,16.10462303453839,14882,651.5435425346067
154,0.0655263157894737,0.1,270.0,15.899498537400753,19144,588.6999582114504
155,0.0655263157894737,0.1,330.0,15.422621021220174,24128,530.3651773872673
156,0.0655263157894737,0.1,390.0,14.157829839704101,29196,430.80421975613115
157,0.0655263157894737,0.1,450.0,12.210691823899365,33390,301.1969152440858
158,0.0655263157894737,0.1,510.0,9.459277403551726,29394,171.9759134517248
159,0.0655263157894737,0.1,570.0,6.068132731199684,10186,66.37875515413307
160,0.0655263157894737,0.30000000000000004,30.0,8.642968924659067,4473,408.79901632014287
161,0.0655263157894737,0.30000000000000004,90.0,15.081977878985013,4611,577.3491650401211
162,0.0655263157894737,0.30000000000000004,150.0,16.9297761422876,6522,697.0969027905555
163,0.0655263157894737,0.30000000000000004,210.0,18.32826062450689,8871,801.3730131890438
164,0.0655263157894737,0.30000000000000004,270.0,18.26734152007964,12052,753.2087620312001
165,0.0655263157894737,0.30000000000000004,330.0,18.35332415174654,15974,708.5417553524496
166,0.0655263157894737,0.30000000000000004,390.0,17.232151638428178,22369,595.2440430953546
167,0.0655263157894737,0.30000000000000004,450.0,15.09556423222172,31246,432.79664597068415
168,0.0655263157894737,0.30000000000000004,510.0,11.756054466641546,42448,248.58101677346366
169,0.0655263157894737,0.30000000000000004,570.0,6.718033289867292,39111,81.34460893354816
170,0.0655263157894737,0.5,30.0,8.590338621832812,4223,470.83945062751445
171,0.0655263157894737,0.5,90.0,15.490443184204977,4761,647.4946439823548
172,0.0655263157894737,0.5,150.0,18.16700729927005,6850,812.5912408759152
173,0.0655263157894737,0.5,210.0,18.944624417898332,9878,844.4981777687791
174,0.0655263157894737,0.5,270.0,18.79085416094482,14564,823.8626750892611
175,0.0655263157894737,0.5,330.0,20.22602334462913,18591,835.1287181969776
176,0.0655263157894737,0.5,390.0,19.038475645539954,27264,723.5539539319242
177,0.0655263157894737,0.5,450.0,16.89927736849511,42622,534.421965182301
178,0.0655263157894737,0.5,510.0,13.228479781994702,70457,310.83445221908335
179,0.0655263157894737,0.5,570.0,6.906291305806001,101378,86.84511432460674
180,0.0655263157894737,0.7000000000000001,30.0,6.812132278352602,4929,215.59281801582492
181,0.0655263157894737,0.7000000000000001,90.0,12.834346504559281,5264,442.66945288753874
182,0.0655263157894737,0.7000000000000001,150.0,15.300724142642387,7319,575.0154392676568
183,0.0655263157894737,0.7000000000000001,210.0,17.05420956995762,9906,684.1194225721769
184,0.0655263157894737,0.7000000000000001,270.0,17.064102564102555,12636,641.224754669199
185,0.0655263157894737,0.7000000000000001,330.0,17.066560039370106,16256,607.6280757874028
186,0.0655263157894737,0.7000000000000001,390.0,16.0645811342481,20842,505.5035985030221
187,0.0655263157894737,0.7000000000000001,450.0,14.028641285365026,25767,371.5238095238103
188,0.0655263157894737,0.7000000000000001,510.0,11.028564187966095,27622,215.55061183114867
189,0.0655263157894737,0.7000000000000001,570.0,6.9053489042675835,13872,82.5632208765862
190,0.0655263157894737,0.9,30.0,5.073726541554949,5968,99.61896782841784
191,0.0655263157894737,0.9,90.0,10.480367435158536,5552,291.80205331412134
192,0.0655263157894737,0.9,150.0,12.478208776396587,6677,418.2727272727267
193,0.0655263157894737,0.9,210.0,13.37678183136024,8278,421.70705484416544
194,0.0655263157894737,0.9,270.0,13.769449522648785,9846,421.4474913670535
195,0.0655263157894737,0.9,330.0,13.513999308676095,11572,391.6073280331834
196,0.0655263157894737,0.9,390.0,12.723143032535265,13032,338.7170042971135
197,0.0655263157894737,0.9,450.0,10.90112342259159,12996,232.30309325946425
198,0.0655263157894737,0.9,510.0,8.869342699448076,9965,148.4193677872554
199,0.0655263157894737,0.9,570.0,5.955912508544077,2926,60.28879015721127
200,0.08710526315789476,0.1,30.0,8.45153147088522,5942,297.912992258498
201,0.08710526315789476,0.1,90.0,14.672720733680993,5561,612.5777737816934
202,0.08710526315789476,0.1,150.0,15.944046937607329,6988,704.865054378934
203,0.08710526315789476,0.1,210.0,16.81743808136277,8923,733.112406141434
204,0.08710526315789476,0.1,270.0,16.41337907375641,11077,654.6305858987096
205,0.08710526315789476,0.1,330.0,15.9878877400295,13540,577.0370753323456
206,0.08710526315789476,0.1,390.0,14.727458400913081,16647,465.52255661680755
207,0.08710526315789476,0.1,450.0,12.41461587845065,18692,308.901027177401
208,0.08710526315789476,0.1,510.0,9.940302958015248,16768,188.67443940839675
209,0.08710526315789476,0.1,570.0,6.482108317214709,6204,77.49468085106403
210,0.08710526315789476,0.30000000000000004,30.0,8.806845965770199,3272,300.52322738386323
211,0.08710526315789476,0.30000000000000004,90.0,16.62316757688992,3479,738.8306984765724
212,0.08710526315789476,0.30000000000000004,150.0,18.15553191489359,4700,788.2572340425511
213,0.08710526315789476,0.30000000000000004,210.0,18.835825450106764,6554,859.0863594751302
214,0.08710526315789476,0.30000000000000004,270.0,18.63470369560465,9146,765.909577957576
215,0.08710526315789476,0.30000000000000004,330.0,18.938888888888897,11880,738.3898989898981
216,0.08710526315789476,0.30000000000000004,390.0,17.98397435897433,16536,648.2906990807943
217,0.08710526315789476,0.30000000000000004,450.0,15.414125820146637,23319,445.3516016981846
218,0.08710526315789476,0.30000000000000004,510.0,12.026258342169292,32066,257.48743217114657
219,0.08710526315789476,0.30000000000000004,570.0,6.897499046099408,28829,84.67092164140249
220,0.08710526315789476,0.5,30.0,9.031213421771364,2563,357.6312914553267
221,0.08710526315789476,0.5,90.0,16.30542340627975,3153,733.0634316523934
222,0.08710526315789476,0.5,150.0,18.36061026352289,4326,834.1396208968996
223,0.08710526315789476,0.5,210.0,19.81365576102422,6327,901.8920499446817
224,0.08710526315789476,0.5,270.0,20.00455976549769,9211,896.6477038323716
225,0.08710526315789476,0.5,330.0,20.28969957081551,11650,839.5671244635187
226,0.08710526315789476,0.5,390.0,18.843904157857622,17028,691.0078693915881
227,0.08710526315789476,0.5,450.0,16.963882884653202,25445,546.4879544114764
228,0.08710526315789476,0.5,510.0,13.329582034972045,38831,315.5737683809328
229,0.08710526315789476,0.5,570.0,7.094186377885424,49126,91.69969059154026
230,0.08710526315789476,0.7000000000000001,30.0,7.151524579962652,3214,207.18326073428742
231,0.08710526315789476,0.7000000000000001,90.0,13.260597439544787,3515,489.8796586059746
232,0.08710526315789476,0.7000000000000001,150.0,16.342287342287374,4914,652.341066341064
233,0.08710526315789476,0.7000000000000001,210.0,17.196195566734847,6361,661.9564533878332
234,0.08710526315789476,0.7000000000000001,270.0,17.756355151664,8143,664.8166523394334
235,0.08710526315789476,0.7000000000000001,330.0,17.45670708601749,10556,628.811576354682
236,0.08710526315789476,0.7000000000000001,390.0,16.320188346085967,13592,526.0339905826971
237,0.08710526315789476,0.7000000000000001,450.0,14.167840587562445,16611,372.565167659985
238,0.08710526315789476,0.7000000000000001,510.0,10.966335382317457,17407,213.52496122249656
239,0.08710526315789476,0.7000000000000001,570.0,7.0840274375305965,8164,85.282459578638
240,0.08710526315789476,0.9,30.0,4.728789592760199,3536,82.79666289592787
241,0.08710526315789476,0.9,90.0,10.07328833172611,3111,306.6030215364834
242,0.08710526315789476,0.9,150.0,12.16675946547885,3592,403.2152004454346
243,0.08710526315789476,0.9,210.0,12.907961343764363,4346,433.4473078693055
244,0.08710526315789476,0.9,270.0,12.77855711422844,4990,392.3901803607209
245,0.08710526315789476,0.9,330.0,12.459886403975828,5634,337.38533901313406
246,0.08710526315789476,0.9,390.0,11.434195354966215,6071,277.667435348378
247,0.08710526315789476,0.9,450.0,10.311224489795913,5488,215.19642857142816
248,0.08710526315789476,0.9,510.0,8.367123287671253,3650,134.59561643835627
249,0.08710526315789476,0.9,570.0,5.94644808743169,915,63.358469945355075
250,0.1086842105263158,0.1,30.0,8.371398909940288,3853,393.43965740980985
251,0.1086842105263158,0.1,90.0,15.52974828375285,3496,798.8129290617835
252,0.1086842105263158,0.1,150.0,15.920253738105988,4414,705.227004984142
253,0.1086842105263158,0.1,210.0,16.508184794470708,5498,699.8101127682809
254,0.1086842105263158,0.1,270.0,17.453019145802642,6790,747.0992636229761
255,0.1086842105263158,0.1,330.0,16.58648421558042,8331,618.8512783579403
256,0.1086842105263158,0.1,390.0,15.369545681477764,10015,487.85641537693334
257,0.1086842105263158,0.1,450.0,13.552668539325802,11392,374.1088483146063
258,0.1086842105263158,0.1,510.0,10.37540573124361,10783,205.06389687470934
259,0.1086842105263158,0.1,570.0,6.522535908865771,4038,74.42842991579997
260,0.1086842105263158,0.30000000000000004,30.0,9.382685069008781,2391,394.6223337515678
261,0.1086842105263158,0.30000000000000004,90.0,15.794802172226607,2578,720.0213343677253
262,0.1086842105263158,0.30000000000000004,150.0,18.41066520065972,3638,830.1896646509085
263,0.1086842105263158,0.30000000000000004,210.0,19.616656704522793,5019,879.2480573819481
264,0.1086842105263158,0.30000000000000004,270.0,19.789174598664722,7039,853.4073021736007
265,0.1086842105263158,0.30000000000000004,330.0,19.88303701218828,8943,837.2760818517269
266,0.1086842105263158,0.30000000000000004,390.0,18.30781189273218,12865,674.0595413913707
267,0.1086842105263158,0.30000000000000004,450.0,15.890320430943513,18007,475.39151441106293
268,0.1086842105263158,0.30000000000000004,510.0,12.393675730110774,24825,275.04197381671736
269,0.1086842105263158,0.30000000000000004,570.0,6.841827411167536,24625,83.95053807106603
270,0.1086842105263158,0.5,30.0,8.526760563380272,1775,291.12732394366196
271,0.1086842105263158,0.5,90.0,16.347931873479368,2055,786.5377128953774
272,0.1086842105263158,0.5,150.0,18.900768693221536,2862,870.0181691125091
273,0.1086842105263158,0.5,210.0,19.732769044740067,4135,869.1006045949188
274,0.1086842105263158,0.5,270.0,19.689860139860127,5720,813.9265734265747
275,0.1086842105263158,0.5,330.0,20.664627798021883,7684,864.1047631441943
276,0.1086842105263158,0.5,390.0,19.23479683665119,11001,716.6081265339517
277,0.1086842105263158,0.5,450.0,16.662112353838264,15736,514.6802872394511
278,0.1086842105263158,0.5,510.0,13.053637622258945,22391,303.9989281407692
279,0.1086842105263158,0.5,570.0,7.4129205921938075,22290,96.77927321668906
280,0.1086842105263158,0.7000000000000001,30.0,7.447289156626497,1992,266.1641566265061
281,0.1086842105263158,0.7000000000000001,90.0,13.490008688097321,2302,453.812337098175
282,0.1086842105263158,0.7000000000000001,150.0,16.368236791852357,3142,628.6005728835121
283,0.1086842105263158,0.7000000000000001,210.0,17.628689924371766,4099,709.9058306904127
284,0.1086842105263158,0.7000000000000001,270.0,17.935921598190735,5306,705.9215981907287
285,0.1086842105263158,0.7000000000000001,330.0,17.684453718885074,6709,642.7001043374578
286,0.1086842105263158,0.7000000000000001,390.0,16.35040650406501,8610,521.5459930313609
287,0.1086842105263158,0.7000000000000001,450.0,14.570692124104982,10475,398.0288305489252
288,0.1086842105263158,0.7000000000000001,510.0,11.364791288566213,11020,228.30598911070783
289,0.1086842105263158,0.7000000000000001,570.0,7.094780219780201,5096,83.86008634222898
290,0.1086842105263158,0.9,30.0,4.907793209876542,2592,214.14236111111126
291,0.1086842105263158,0.9,90.0,9.638297872340415,2068,250.07253384912974
292,0.1086842105263158,0.9,150.0,10.936568752660719,2349,314.4640272456371
293,0.1086842105263158,0.9,210.0,11.861466821885914,2577,342.9751649204504
294,0.1086842105263158,0.9,270.0,11.590169608861181,2889,331.61647628937266
295,0.1086842105263158,0.9,330.0,11.495168277240905,3001,311.0819726757746
296,0.1086842105263158,0.9,390.0,11.247279920870449,3033,297.4800527530507
297,0.1086842105263158,0.9,450.0,9.4661224489796,2450,185.23183673469367
298,0.1086842105263158,0.9,510.0,7.82390381895331,1414,127.97241867043851
299,0.1086842105263158,0.9,570.0,6.183279742765273,311,72.72347266881033
300,0.13026315789473686,0.1,30.0,8.639046538024951,2643,384.3583049564881
301,0.13026315789473686,0.1,90.0,14.91571050308914,2266,644.0110326566648
302,0.13026315789473686,0.1,150.0,16.76655405405407,2960,778.0185810810809
303,0.13026315789473686,0.1,210.0,18.7472712006717,3573,901.8522250209911
304,0.13026315789473686,0.1,270.0,17.51540678341833,4511,744.2846375526484
305,0.13026315789473686,0.1,330.0,17.402894833272235,5458,674.543972150972
306,0.13026315789473686,0.1,390.0,16.1680134166794,6559,535.7334959597504
307,0.13026315789473686,0.1,450.0,14.075097783572314,7670,393.1095176010427
308,0.13026315789473686,0.1,510.0,10.868146386576877,7569,217.92826000792707
309,0.13026315789473686,0.1,570.0,6.8545792079207715,3232,85.78341584158416
310,0.13026315789473686,0.30000000000000004,30.0,9.786832164058293,1853,382.80895844576287
311,0.13026315789473686,0.30000000000000004,90.0,17.32920178482898,2017,709.381755081803
312,0.13026315789473686,0.30000000000000004,150.0,18.91748942172066,2836,918.5627644569819
313,0.13026315789473686,0.30000000000000004,210.0,19.58885807915298,3967,881.0514242500622
314,0.13026315789473686,0.30000000000000004,270.0,19.71548664300391,5353,852.6659816925093
315,0.13026315789473686,0.30000000000000004,330.0,20.129556371856463,7078,858.9241311104819
316,0.13026315789473686,0.30000000000000004,390.0,18.733584444670733,9823,701.7982286470511
317,0.13026315789473686,0.30000000000000004,450.0,16.598546511627923,13760,523.031395348836
318,0.13026315789473686,0.30000000000000004,510.0,12.807439824945268,19194,297.48504741065005
319,0.13026315789473686,0.30000000000000004,570.0,7.165368639667711,19260,94.38011422637618
320,0.13026315789473686,0.5,30.0,9.08536585365855,1312,304.2179878048778
321,0.13026315789473686,0.5,90.0,16.013404825737247,1492,678.7010723860591
322,0.13026315789473686,0.5,150.0,18.641191066997536,2015,833.5384615384639
323,0.13026315789473686,0.5,210.0,20.010616438356216,2920,877.4544520547934
324,0.13026315789473686,0.5,270.0,20.308374384236437,4060,893.2660098522175
325,0.13026315789473686,0.5,330.0,20.484275552227636,5342,836.3539872706856
326,0.13026315789473686,0.5,390.0,19.01039030238449,7507,695.8690555481533
327,0.13026315789473686,0.5,450.0,16.511902419830825,10166,502.59236671257145
328,0.13026315789473686,0.5,510.0,12.824333163747365,13759,290.6435060687543
329,0.13026315789473686,0.5,570.0,7.40963222416811,11420,95.5259194395798
330,0.13026315789473686,0.7000000000000001,30.0,6.734009360374411,1282,149.5889235569423
331,0.13026315789473686,0.7000000000000001,90.0,14.133247089262598,1546,538.8434670116429
332,0.13026315789473686,0.7000000000000001,150.0,16.519566242338502,2121,651.9707685054219
333,0.13026315789473686,0.7000000000000001,210.0,17.8997419830446,2713,720.3560633984501
334,0.13026315789473686,0.7000000000000001,270.0,18.641917567962533,3421,741.2206957030104
335,0.13026315789473686,0.7000000000000001,330.0,17.95210643015518,4510,658.4217294900203
336,0.13026315789473686,0.7000000000000001,390.0,16.518147684605733,5593,523.6903271947073
337,0.13026315789473686,0.7000000000000001,450.0,14.484520811731572,6751,391.6585691008737
338,0.13026315789473686,0.7000000000000001,510.0,11.251805693244593,7061,222.87678799036982
339,0.13026315789473686,0.7000000000000001,570.0,7.177558937630552,3351,86.56878543718277
340,0.13026315789473686,0.9,30.0,4.370099320439093,1913,109.84422373235743
341,0.13026315789473686,0.9,90.0,8.499649614576015,1427,211.71198318149965
342,0.13026315789473686,0.9,150.0,9.891017173051527,1514,352.2225891677676
343,0.13026315789473686,0.9,210.0,11.279448621553875,1596,348.80451127819487
344,0.13026315789473686,0.9,270.0,10.42703284868065,1857,265.9197630586964
345,0.13026315789473686,0.9,330.0,10.153888888888895,1800,246.55499999999958
346,0.13026315789473686,0.9,390.0,10.089867310012053,1658,231.01507840771976
347,0.13026315789473686,0.9,450.0,8.67362722351123,1293,155.81206496519732
348,0.13026315789473686,0.9,510.0,8.135057471264357,696,128.71264367816076
349,0.13026315789473686,0.9,570.0,5.042553191489365,141,53.14184397163122
350,0.1518421052631579,0.1,30.0,8.045379081350294,1807,228.6917542888762
351,0.1518421052631579,0.1,90.0,15.669975186104216,1612,882.6774193548393
352,0.1518421052631579,0.1,150.0,17.484390243902432,2050,897.9234146341455
353,0.1518421052631579,0.1,210.0,18.14864864864868,2516,821.1804451510329
354,0.1518421052631579,0.1,270.0,18.75901691669324,3133,844.5477178423236
355,0.1518421052631579,0.1,330.0,18.548722044728475,3756,770.3932374866879
356,0.1518421052631579,0.1,390.0,16.794722626220658,4813,586.27945148556
357,0.1518421052631579,0.1,450.0,14.594854742737136,5714,414.99632481623985
358,0.1518421052631579,0.1,510.0,11.356314107953594,5947,236.86093828821285
359,0.1518421052631579,0.1,570.0,6.994716449454041,2839,87.34061289186327
360,0.1518421052631579,0.30000000000000004,30.0,10.128016085790879,1492,414.55965147453037
361,0.1518421052631579,0.30000000000000004,90.0,16.611293499671696,1523,659.8023637557451
362,0.1518421052631579,0.30000000000000004,150.0,20.042207792207805,2156,1083.7277365491673
363,0.1518421052631579,0.30000000000000004,210.0,19.894513389941267,3062,916.1257348138478
364,0.1518421052631579,0.30000000000000004,270.0,20.342884431709667,4188,909.589302769818
365,0.1518421052631579,0.30000000000000004,330.0,20.590109279496183,5399,848.458603445081
366,0.1518421052631579,0.30000000000000004,390.0,19.105670779732268,7618,726.3508794959334
367,0.1518421052631579,0.30000000000000004,450.0,16.499243427274422,10574,512.4517684887466
368,0.1518421052631579,0.30000000000000004,510.0,12.886219802653917,14695,291.90003402517794
369,0.1518421052631579,0.30000000000000004,570.0,7.260109613390611,13502,93.26514590431036
370,0.1518421052631579,0.5,30.0,9.104838709677432,992,259.38306451612834
371,0.1518421052631579,0.5,90.0,17.22754491017961,1169,751.2720273738228
372,0.1518421052631579,0.5,150.0,18.604294478527663,1630,782.2595092024546
373,0.1518421052631579,0.5,210.0,19.718911917098456,2316,848.7016407599288
374,0.1518421052631579,0.5,270.0,20.174407275089298,3079,839.7612861318607
375,0.1518421052631579,0.5,330.0,20.892930327868825,3904,896.4047131147515
376,0.1518421052631579,0.5,390.0,18.5198589458055,5388,673.9300296956184
377,0.1518421052631579,0.5,450.0,16.04389839867475,7244,479.1109884041969
378,0.1518421052631579,0.5,510.0,12.673992673992657,9282,285.5106658047818
379,0.1518421052631579,0.5,570.0,7.369746624184487,6591,93.55545440752496
380,0.1518421052631579,0.7000000000000001,30.0,6.374747474747469,990,130.28989898989897
381,0.1518421052631579,0.7000000000000001,90.0,14.493919550982213,1069,599.5809167446213
382,0.1518421052631579,0.7000000000000001,150.0,17.715976331360956,1352,851.1257396449706
383,0.1518421052631579,0.7000000000000001,210.0,18.87719298245618,1767,907.0299943406882
384,0.1518421052631579,0.7000000000000001,270.0,18.82488282914358,2347,759.1810822326383
385,0.1518421052631579,0.7000000000000001,330.0,18.254720219704712,2913,697.9677308616536
386,0.1518421052631579,0.7000000000000001,390.0,16.677285677285685,3861,541.8029008029015
387,0.1518421052631579,0.7000000000000001,450.0,14.317578212919173,4443,387.6504613999538
388,0.1518421052631579,0.7000000000000001,510.0,11.375583864118871,4710,230.26815286624176
389,0.1518421052631579,0.7000000000000001,570.0,7.021530004580841,2183,84.07146129180026
390,0.1518421052631579,0.9,30.0,3.9641693811074825,1228,62.10097719869702
391,0.1518421052631579,0.9,90.0,8.210805084745775,944,188.04766949152557
392,0.1518421052631579,0.9,150.0,9.541164658634532,996,281.82630522088374
393,0.1518421052631579,0.9,210.0,9.793489318413018,983,235.43336724313338
394,0.1518421052631579,0.9,270.0,10.092093023255838,1075,250.7916279069767
395,0.1518421052631579,0.9,330.0,9.70549860205033,1073,226.98042870456638
396,0.1518421052631579,0.9,390.0,9.778947368421047,950,212.9094736842103
397,0.1518421052631579,0.9,450.0,8.6891891891892,666,158.38888888888883
398,0.1518421052631579,0.9,510.0,7.744262295081965,305,118.47213114754096
399,0.1518421052631579,0.9,570.0,5.964285714285712,56,62.035714285714256
400,0.17342105263157898,0.1,30.0,8.459708365310794,1303,289.5648503453566
401,0.17342105263157898,0.1,90.0,15.798260869565208,1150,699.7843478260867
402,0.17342105263157898,0.1,150.0,17.281997187060433,1422,806.3438818565381
403,0.17342105263157898,0.1,210.0,19.20193861066238,1857,916.9369951534734
404,0.17342105263157898,0.1,270.0,19.65032258064509,2325,920.7341935483851
405,0.17342105263157898,0.1,330.0,18.971753358594608,2903,756.9779538408541
406,0.17342105263157898,0.1,390.0,17.855701877276562,3569,641.6831045110658
407,0.17342105263157898,0.1,450.0,15.362312345955624,4463,446.6036298453949
408,0.17342105263157898,0.1,510.0,11.611202297907234,4874,247.03016003282693
409,0.17342105263157898,0.1,570.0,7.059485530546612,2488,85.8987138263665
410,0.17342105263157898,0.30000000000000004,30.0,9.755919854280508,1098,398.7395264116575
411,0.17342105263157898,0.30000000000000004,90.0,17.222475322703122,1317,660.5952923310549
412,0.17342105263157898,0.30000000000000004,150.0,19.939375750300098,1666,956.7376950780294
413,0.17342105263157898,0.30000000000000004,210.0,20.551780597625875,2443,981.1011051985271
414,0.17342105263157898,0.30000000000000004,270.0,20.824231010671628,3186,939.991839296922
415,0.17342105263157898,0.30000000000000004,330.0,20.435187395559804,4189,822.0427309620432
416,0.17342105263157898,0.30000000000000004,390.0,19.248387096774184,5890,728.1862478777607
417,0.17342105263157898,0.30000000000000004,450.0,16.439878787878747,8250,502.27503030302864
418,0.17342105263157898,0.30000000000000004,510.0,13.053212315358591,11238,304.41608827193437
419,0.17342105263157898,0.30000000000000004,570.0,7.192093258996433,9865,90.26294982260514
420,0.17342105263157898,0.5,30.0,9.027672955974857,795,410.7484276729558
421,0.17342105263157898,0.5,90.0,16.45026178010471,955,723.9455497382207
422,0.17342105263157898,0.5,150.0,18.551487414187655,1311,808.6155606407331
423,0.17342105263157898,0.5,210.0,20.919300225733586,1772,1074.0479683972915
424,0.17342105263157898,0.5,270.0,20.369937369519807,2395,867.4304801670136
425,0.17342105263157898,0.5,330.0,20.3527934714375,3186,816.1443816698052
426,0.17342105263157898,0.5,390.0,18.200388161086863,4122,649.5540999514803
427,0.17342105263157898,0.5,450.0,16.26960607155757,5534,490.55908926635334
428,0.17342105263157898,0.5,510.0,12.311153662039263,6267,269.66714536460836
429,0.17342105263157898,0.5,570.0,7.469412331406552,4152,96.49783236994212
430,0.17342105263157898,0.7000000000000001,30.0,6.79421579532814,899,196.04449388209102
431,0.17342105263157898,0.7000000000000001,90.0,14.100710900473945,844,482.9514218009473
432,0.17342105263157898,0.7000000000000001,150.0,16.84737827715353,1068,706.1507490636698
433,0.17342105263157898,0.7000000000000001,210.0,17.13103953147873,1366,641.1954612005858
434,0.17342105263157898,0.7000000000000001,270.0,17.757235676314284,1693,703.9639692852923
435,0.17342105263157898,0.7000000000000001,330.0,17.360598065083575,2274,628.8328935795954
436,0.17342105263157898,0.7000000000000001,390.0,16.829189189189144,2775,541.3783783783789
437,0.17342105263157898,0.7000000000000001,450.0,14.371754274857484,3158,381.77644078530705
438,0.17342105263157898,0.7000000000000001,510.0,11.203210272873172,3115,222.07640449438213
439,0.17342105263157898,0.7000000000000001,570.0,6.92883663366336,1616,97.43626237623748
440,0.17342105263157898,0.9,30.0,3.569371727748689,764,36.17146596858644
441,0.17342105263157898,0.9,90.0,6.798479087452473,526,132.30418250950552
442,0.17342105263157898,0.9,150.0,8.142857142857142,532,185.19548872180457
443,0.17342105263157898,0.9,210.0,7.93902439024389,574,152.85540069686417
444,0.17342105263157898,0.9,270.0,8.539682539682541,504,189.8888888888886
445,0.17342105263157898,0.9,330.0,7.807086614173225,508,136.98818897637767
446,0.17342105263157898,0.9,390.0,8.53846153846154,403,172.4937965260548
447,0.17342105263157898,0.9,450.0,7.647540983606555,244,123.20491803278692
448,0.17342105263157898,0.9,510.0,8.052631578947373,95,166.87368421052628
449,0.17342105263157898,0.9,570.0,8.413793103448272,29,108.96551724137933
450,0.195,0.1,30.0,9.450050454086773,991,437.2179616548946
451,0.195,0.1,90.0,16.530952380952385,840,961.7285714285717
452,0.195,0.1,150.0,19.694192377495455,1102,1001.2350272232305
453,0.195,0.1,210.0,20.99287241625084,1403,1075.7327156094104
454,0.195,0.1,270.0,20.660905840286052,1678,956.0029797377816
455,0.195,0.1,330.0,19.708445642407916,2226,790.4577717879602
456,0.195,0.1,390.0,17.842432619212243,2894,614.8002764340016
457,0.195,0.1,450.0,15.368582589285687,3584,435.2285156249995
458,0.195,0.1,510.0,11.905953208246476,4317,255.76187167014152
459,0.195,0.1,570.0,6.734084019055873,2309,78.44564746643572
460,0.195,0.30000000000000004,30.0,8.744027303754258,879,210.32536973833885
461,0.195,0.30000000000000004,90.0,16.794742163801843,989,766.2527805864498
462,0.195,0.30000000000000004,150.0,20.25181422351237,1378,1070.6857764876636
463,0.195,0.30000000000000004,210.0,20.203557312252954,2024,903.8053359683778
464,0.195,0.30000000000000004,270.0,20.696646942800726,2535,942.6579881656793
465,0.195,0.30000000000000004,330.0,22.05465765501031,3403,996.5977079047881
466,0.195,0.30000000000000004,390.0,19.329778156996536,4688,740.4121160409549
467,0.195,0.30000000000000004,450.0,16.80858784396737,6614,519.7387360145145
468,0.195,0.30000000000000004,510.0,13.023218204920846,8657,301.92838165646293
469,0.195,0.30000000000000004,570.0,7.286035143347842,7569,102.71079402827328
470,0.195,0.5,30.0,8.801307189542497,765,309.5098039215686
471,0.195,0.5,90.0,16.405988023952105,835,723.7401197604775
472,0.195,0.5,150.0,17.995531724754244,1119,741.8060768543337
473,0.195,0.5,210.0,20.164666666666708,1500,954.6073333333344
474,0.195,0.5,270.0,20.111111111111068,2025,869.9916049382728
475,0.195,0.5,330.0,19.119829918824852,2587,709.4932354078071
476,0.195,0.5,390.0,17.79437869822481,3380,610.6263313609472
477,0.195,0.5,450.0,16.03793344193625,4297,488.6430067488944
478,0.195,0.5,510.0,12.122551062942886,4798,258.77532305127085
479,0.195,0.5,570.0,7.458112407211026,2829,96.55744079179944
480,0.195,0.7000000000000001,30.0,7.116246498599433,714,370.1414565826326
481,0.195,0.7000000000000001,90.0,13.766272189349124,676,465.81656804733757
482,0.195,0.7000000000000001,150.0,15.881840796019892,804,698.0286069651739
483,0.195,0.7000000000000001,210.0,16.603431839847495,1049,649.9494756911333
484,0.195,0.7000000000000001,270.0,18.70776621297041,1249,818.5028022417919
485,0.195,0.7000000000000001,330.0,17.519359145527357,1498,638.8651535380495
486,0.195,0.7000000000000001,390.0,16.092134831460683,1780,507.45280898876393
487,0.195,0.7000000000000001,450.0,14.450337512054007,2074,398.72999035679834
488,0.195,0.7000000000000001,510.0,11.171717171717171,1980,230.16464646464692
489,0.195,0.7000000000000001,570.0,7.7311827956989205,1023,101.99120234604105
490,0.195,0.9,30.0,3.079889807162534,363,34.12121212121213
491,0.195,0.9,90.0,5.684873949579827,238,91.97058823529419
492,0.195,0.9,150.0,7.535398230088496,226,134.03982300884962
493,0.195,0.9,210.0,8.375545851528386,229,237.834061135371
494,0.195,0.9,270.0,6.711340206185564,194,90.64948453608247
495,0.195,0.9,330.0,6.430379746835444,158,95.46835443037975
496,0.195,0.9,390.0,7.083333333333333,120,119.58333333333343
497,0.195,0.9,450.0,5.461538461538457,52,60.384615384615394
498,0.195,0.9,510.0,7.5,14,91.92857142857143
499,0.195,0.9,570.0,0.0,0,0.0
500,0.2165789473684211,0.1,30.0,9.671641791044788,737,380.90637720488405
501,0.2165789473684211,0.1,90.0,17.45190839694653,655,1120.2549618320618
502,0.2165789473684211,0.1,150.0,19.948748510131093,839,1062.0727056019084
503,0.2165789473684211,0.1,210.0,20.224307417336913,1119,893.9079535299376
504,0.2165789473684211,0.1,270.0,21.467966573816174,1436,985.4038997214485
505,0.2165789473684211,0.1,330.0,20.657391304347872,1725,883.6394202898538
506,0.2165789473684211,0.1,390.0,18.833949856144667,2433,692.4566378956029
507,0.2165789473684211,0.1,450.0,16.520814061054505,3243,512.3358001850139
508,0.2165789473684211,0.1,510.0,12.150221296537403,3841,274.66519135641784
509,0.2165789473684211,0.1,570.0,7.358681875792133,2367,97.61977186311796
510,0.2165789473684211,0.30000000000000004,30.0,10.477243172951889,769,358.3940182054619
511,0.2165789473684211,0.30000000000000004,90.0,19.663625997719517,877,1097.955530216647
512,0.2165789473684211,0.30000000000000004,150.0,19.865004299226168,1163,860.2089423903703
513,0.2165789473684211,0.30000000000000004,210.0,20.893869479235395,1517,1009.832564271589
514,0.2165789473684211,0.30000000000000004,270.0,21.94826048171272,2242,1102.045495093666
515,0.2165789473684211,0.30000000000000004,330.0,21.409978308026012,2766,935.3485177151094
516,0.2165789473684211,0.30000000000000004,390.0,19.357829135289496,3851,729.1423007011159
517,0.2165789473684211,0.30000000000000004,450.0,16.92932388431338,5221,538.4140969163007
518,0.2165789473684211,0.30000000000000004,510.0,13.072332993741801,6871,306.84529180614135
519,0.2165789473684211,0.30000000000000004,570.0,7.317530140110778,6138,98.3813945910718
520,0.2165789473684211,0.5,30.0,10.08513708513709,693,480.61038961039014
521,0.2165789473684211,0.5,90.0,16.247592847317765,727,612.4979367262721
522,0.2165789473684211,0.5,150.0,18.51596292481978,971,777.8506694129765
523,0.2165789473684211,0.5,210.0,20.033333333333328,1410,990.1723404255348
524,0.2165789473684211,0.5,270.0,19.80973698936765,1787,806.0313374370461
525,0.2165789473684211,0.5,330.0,19.36514522821578,2169,776.8976486860296
526,0.2165789473684211,0.5,390.0,18.20392431674844,2854,654.1044148563399
527,0.2165789473684211,0.5,450.0,15.553124100201533,3473,454.1675784624252
528,0.2165789473684211,0.5,510.0,12.37241379310348,3770,264.8732095490715
529,0.2165789473684211,0.5,570.0,7.8613070051716,2127,105.96191819464032
530,0.2165789473684211,0.7000000000000001,30.0,5.30289855072464,690,116.6072463768117
531,0.2165789473684211,0.7000000000000001,90.0,12.035426731078893,621,404.9339774557169
532,0.2165789473684211,0.7000000000000001,150.0,14.34850863422291,637,500.81946624803754
533,0.2165789473684211,0.7000000000000001,210.0,13.954663212435229,772,461.5064766839381
534,0.2165789473684211,0.7000000000000001,270.0,16.625730994152054,855,728.2959064327482
535,0.2165789473684211,0.7000000000000001,330.0,16.130687318489844,1033,573.402710551791
536,0.2165789473684211,0.7000000000000001,390.0,15.498355263157885,1216,499.48190789473637
537,0.2165789473684211,0.7000000000000001,450.0,14.332069749810435,1319,380.11675511751287
538,0.2165789473684211,0.7000000000000001,510.0,11.21545667447307,1281,231.18891491022637
539,0.2165789473684211,0.7000000000000001,570.0,7.142620232172473,603,87.56053067993385
540,0.2165789473684211,0.9,30.0,0.0,0,0.0
541,0.2165789473684211,0.9,90.0,0.0,0,0.0
542,0.2165789473684211,0.9,150.0,0.0,0,0.0
543,0.2165789473684211,0.9,210.0,0.0,0,0.0
544,0.2165789473684211,0.9,270.0,0.0,0,0.0
545,0.2165789473684211,0.9,330.0,0.0,0,0.0
546,0.2165789473684211,0.9,390.0,0.0,0,0.0
547,0.2165789473684211,0.9,450.0,0.0,0,0.0
548,0.2165789473684211,0.9,510.0,0.0,0,0.0
549,0.2165789473684211,0.9,570.0,0.0,0,0.0
550,0.23815789473684212,0.1,30.0,10.0552380952381,525,391.9714285714286
551,0.23815789473684212,0.1,90.0,17.752399232245693,521,986.8848368522063
552,0.23815789473684212,0.1,150.0,20.079222720478352,669,955.092675635277
553,0.23815789473684212,0.1,210.0,20.41321388577828,893,946.4938409854416
554,0.23815789473684212,0.1,270.0,21.37924865831844,1118,994.1288014311267
555,0.23815789473684212,0.1,330.0,22.013114754098304,1525,1018.1822950819657
556,0.23815789473684212,0.1,390.0,18.57980769230763,2080,684.4673076923073
557,0.23815789473684212,0.1,450.0,16.304535637149094,2778,497.1540676745872
558,0.23815789473684212,0.1,510.0,12.135617621652768,3473,264.5341203570416
559,0.23815789473684212,0.1,570.0,7.069846678023852,2348,90.79216354344123
560,0.23815789473684212,0.30000000000000004,30.0,9.426751592356695,628,348.68152866242065
561,0.23815789473684212,0.30000000000000004,90.0,19.066666666666684,735,924.1632653061222
562,0.23815789473684212,0.30000000000000004,150.0,20.221993833504637,973,869.364850976362
563,0.23815789473684212,0.30000000000000004,210.0,21.341158059467855,1278,1042.4773082942097
564,0.23815789473684212,0.30000000000000004,270.0,21.723392461197395,1804,1000.5404656319306
565,0.23815789473684212,0.30000000000000004,330.0,21.260238907849832,2344,961.6834470989784
566,0.23815789473684212,0.30000000000000004,390.0,18.894687791239523,3219,681.960857409135
567,0.23815789473684212,0.30000000000000004,450.0,16.835724201758484,4322,535.8005552984728
568,0.23815789473684212,0.30000000000000004,510.0,13.178431005429681,5341,308.3044373712788
569,0.23815789473684212,0.30000000000000004,570.0,7.449248975876209,4394,97.95357305416479
570,0.23815789473684212,0.5,30.0,9.160211267605648,568,315.31866197183103
571,0.23815789473684212,0.5,90.0,16.58705701078581,649,753.0893682588613
572,0.23815789473684212,0.5,150.0,17.871116225546597,869,734.9413118527041
573,0.23815789473684212,0.5,210.0,19.6652397260274,1168,877.9820205479449
574,0.23815789473684212,0.5,270.0,20.630065359477086,1530,884.8248366013081
575,0.23815789473684212,0.5,330.0,19.91890440386683,1862,814.8469387755105
576,0.23815789473684212,0.5,390.0,17.635750421585158,2372,592.6104553119725
577,0.23815789473684212,0.5,450.0,15.411456514145979,2863,445.9479566887875
578,0.23815789473684212,0.5,510.0,11.840865074241428,3098,249.6381536475143
579,0.23815789473684212,0.5,570.0,7.3643144004589685,1743,93.59265633964425
580,0.23815789473684212,0.7000000000000001,30.0,5.1633554083885205,453,121.13245033112591
581,0.23815789473684212,0.7000000000000001,90.0,10.753768844221096,398,308.4120603015077
582,0.23815789473684212,0.7000000000000001,150.0,15.224299065420576,428,803.8177570093459
583,0.23815789473684212,0.7000000000000001,210.0,14.113899613899614,518,502.1486486486484
584,0.23815789473684212,0.7000000000000001,270.0,15.125475285171099,526,504.33460076045685
585,0.23815789473684212,0.7000000000000001,330.0,15.02000000000001,650,511.3399999999997
586,0.23815789473684212,0.7000000000000001,390.0,14.760355029585794,676,449.0680473372782
587,0.23815789473684212,0.7000000000000001,450.0,14.703355704697982,745,423.4201342281879
588,0.23815789473684212,0.7000000000000001,510.0,11.373925501432671,698,243.20773638968458
589,0.23815789473684212,0.7000000000000001,570.0,7.388324873096438,394,91.78426395939083
590,0.23815789473684212,0.9,30.0,0.0,0,0.0
591,0.23815789473684212,0.9,90.0,0.0,0,0.0
592,0.23815789473684212,0.9,150.0,0.0,0,0.0
593,0.23815789473684212,0.9,210.0,0.0,0,0.0
594,0.23815789473684212,0.9,270.0,0.0,0,0.0
595,0.23815789473684212,0.9,330.0,0.0,0,0.0
596,0.23815789473684212,0.9,390.0,0.0,0,0.0
597,0.23815789473684212,0.9,450.0,0.0,0,0.0
598,0.23815789473684212,0.9,510.0,0.0,0,0.0
599,0.23815789473684212,0.9,570.0,0.0,0,0.0
600,0.25973684210526315,0.1,30.0,12.77130044843049,446,1039.0896860986543
601,0.25973684210526315,0.1,90.0,16.557986870897146,457,632.5973741794319
602,0.25973684210526315,0.1,150.0,21.42187499999998,576,1172.7864583333317
603,0.25973684210526315,0.1,210.0,21.317232375979074,766,1178.703655352482
604,0.25973684210526315,0.1,270.0,21.219653179190757,1038,932.6050096339117
605,0.25973684210526315,0.1,330.0,21.855126300148626,1346,968.0349182763732
606,0.25973684210526315,0.1,390.0,18.9051535087719,1824,690.5082236842095
607,0.25973684210526315,0.1,450.0,16.59038142620237,2412,514.1550580431165
608,0.25973684210526315,0.1,510.0,12.827727129833391,3181,302.2474064759505
609,0.25973684210526315,0.1,570.0,7.202260327357755,2566,93.67926734216677
610,0.25973684210526315,0.30000000000000004,30.0,9.765652951699478,559,310.0554561717353
611,0.25973684210526315,0.30000000000000004,90.0,16.900000000000034,620,619.9193548387107
612,0.25973684210526315,0.30000000000000004,150.0,22.099873577749662,791,1273.6826801517072
613,0.25973684210526315,0.30000000000000004,210.0,21.13397548161121,1142,1077.7294220665517
614,0.25973684210526315,0.30000000000000004,270.0,21.529850746268664,1474,953.9504748982381
615,0.25973684210526315,0.30000000000000004,330.0,22.238851870835436,1951,991.3316248077891
616,0.25973684210526315,0.30000000000000004,390.0,19.113228699551605,2676,706.5676382660702
617,0.25973684210526315,0.30000000000000004,450.0,16.911552866609043,3471,533.1074618265625
618,0.25973684210526315,0.30000000000000004,510.0,13.182334241598507,4404,311.95208900999097
619,0.25973684210526315,0.30000000000000004,570.0,6.223983921393487,4478,74.24899508709264
620,0.25973684210526315,0.5,30.0,10.86827458256029,539,588.3228200371049
621,0.25973684210526315,0.5,90.0,16.18260869565217,575,734.5478260869573
622,0.25973684210526315,0.5,150.0,18.12734584450402,746,694.1407506702415
623,0.25973684210526315,0.5,210.0,20.08348968105064,1066,929.6069418386478
624,0.25973684210526315,0.5,270.0,19.434850863422284,1274,788.1475667189944
625,0.25973684210526315,0.5,330.0,19.657317073170727,1640,804.0731707317074
626,0.25973684210526315,0.5,390.0,17.84396135265698,2070,623.8632850241532
627,0.25973684210526315,0.5,450.0,15.31848906560633,2515,441.59602385685935
628,0.25973684210526315,0.5,510.0,11.528012898024974,2481,254.32446594115234
629,0.25973684210526315,0.5,570.0,7.166097060833891,1463,90.47163362952838
630,0.25973684210526315,0.7000000000000001,30.0,5.3179012345679,324,116.9413580246915
631,0.25973684210526315,0.7000000000000001,90.0,10.500000000000002,260,287.49230769230786
632,0.25973684210526315,0.7000000000000001,150.0,11.606617647058822,272,308.79779411764736
633,0.25973684210526315,0.7000000000000001,210.0,16.27355623100303,329,714.0486322188449
634,0.25973684210526315,0.7000000000000001,270.0,15.994987468671722,399,648.2756892230578
635,0.25973684210526315,0.7000000000000001,330.0,14.133165829145742,398,513.3140703517589
636,0.25973684210526315,0.7000000000000001,390.0,14.386946386946404,429,446.85314685314717
637,0.25973684210526315,0.7000000000000001,450.0,13.427500000000002,400,363.0724999999997
638,0.25973684210526315,0.7000000000000001,510.0,10.339130434782605,345,198.0376811594204
639,0.25973684210526315,0.7000000000000001,570.0,7.4736842105263195,152,89.92105263157896
640,0.25973684210526315,0.9,30.0,0.0,0,0.0
641,0.25973684210526315,0.9,90.0,0.0,0,0.0
642,0.25973684210526315,0.9,150.0,0.0,0,0.0
643,0.25973684210526315,0.9,210.0,0.0,0,0.0
644,0.25973684210526315,0.9,270.0,0.0,0,0.0
645,0.25973684210526315,0.9,330.0,0.0,0,0.0
646,0.25973684210526315,0.9,390.0,0.0,0,0.0
647,0.25973684210526315,0.9,450.0,0.0,0,0.0
648,0.25973684210526315,0.9,510.0,0.0,0,0.0
649,0.25973684210526315,0.9,570.0,0.0,0,0.0
650,0.28131578947368424,0.1,30.0,11.774611398963735,386,463.6813471502595
651,0.28131578947368424,0.1,90.0,18.41538461538465,390,969.2871794871805
652,0.28131578947368424,0.1,150.0,20.872586872586865,518,931.4980694980679
653,0.28131578947368424,0.1,210.0,22.5238764044944,712,1276.7570224719086
654,0.28131578947368424,0.1,270.0,23.813376483279363,927,1211.000000000001
655,0.28131578947368424,0.1,330.0,22.137622149837167,1228,1079.8526058631942
656,0.28131578947368424,0.1,390.0,18.991985203452508,1622,723.1794081380996
657,0.28131578947368424,0.1,450.0,16.305084745762688,2242,504.2123104371092
658,0.28131578947368424,0.1,510.0,13.212512413108243,3021,318.58424362793755
659,0.28131578947368424,0.1,570.0,7.156055900621109,2576,93.12965838509315
660,0.28131578947368424,0.30000000000000004,30.0,11.157676348547708,482,446.74688796680493
661,0.28131578947368424,0.30000000000000004,90.0,16.280082987551882,482,687.8195020746888
662,0.28131578947368424,0.30000000000000004,150.0,21.817647058823553,680,1272.8735294117641
663,0.28131578947368424,0.30000000000000004,210.0,21.5608695652174,920,1069.6239130434763
664,0.28131578947368424,0.30000000000000004,270.0,22.076802507836998,1276,1075.1645768025064
665,0.28131578947368424,0.30000000000000004,330.0,20.983135540287268,1601,886.769519050594
666,0.28131578947368424,0.30000000000000004,390.0,19.223715794527067,2083,704.6812289966387
667,0.28131578947368424,0.30000000000000004,450.0,17.258764004336783,2767,576.0856523310434
668,0.28131578947368424,0.30000000000000004,510.0,13.052163604030817,3374,311.1967990515698
669,0.28131578947368424,0.30000000000000004,570.0,7.103670071887999,2643,93.16723420355642
670,0.28131578947368424,0.5,30.0,7.670644391408116,419,165.27923627684984
671,0.28131578947368424,0.5,90.0,15.44007858546169,509,619.8330058939101
672,0.28131578947368424,0.5,150.0,18.589816124469568,707,729.152758132957
673,0.28131578947368424,0.5,210.0,19.198218262806225,898,824.935412026726
674,0.28131578947368424,0.5,270.0,21.05519779208832,1087,958.102115915363
675,0.28131578947368424,0.5,330.0,19.74110258199583,1433,780.1960921144452
676,0.28131578947368424,0.5,390.0,17.46964285714289,1680,599.4613095238117
677,0.28131578947368424,0.5,450.0,14.744197780020164,1982,415.33753784056427
678,0.28131578947368424,0.5,510.0,11.354354354354331,1998,229.5415415415416
679,0.28131578947368424,0.5,570.0,7.367690782953412,1009,92.87611496531221
680,0.28131578947368424,0.7000000000000001,30.0,5.790178571428572,224,127.4508928571428
681,0.28131578947368424,0.7000000000000001,90.0,10.46560846560847,189,365.153439153439
682,0.28131578947368424,0.7000000000000001,150.0,12.02325581395349,215,376.72093023255815
683,0.28131578947368424,0.7000000000000001,210.0,12.655813953488375,215,407.8651162790698
684,0.28131578947368424,0.7000000000000001,270.0,15.49590163934427,244,604.0860655737704
685,0.28131578947368424,0.7000000000000001,330.0,15.137404580152683,262,599.3740458015272
686,0.28131578947368424,0.7000000000000001,390.0,14.800865800865811,231,493.81385281385315
687,0.28131578947368424,0.7000000000000001,450.0,12.16666666666666,210,270.6619047619049
688,0.28131578947368424,0.7000000000000001,510.0,9.302325581395351,172,154.17441860465112
689,0.28131578947368424,0.7000000000000001,570.0,7.82089552238806,67,105.67164179104475
690,0.28131578947368424,0.9,30.0,0.0,0,0.0
691,0.28131578947368424,0.9,90.0,0.0,0,0.0
692,0.28131578947368424,0.9,150.0,0.0,0,0.0
693,0.28131578947368424,0.9,210.0,0.0,0,0.0
694,0.28131578947368424,0.9,270.0,0.0,0,0.0
695,0.28131578947368424,0.9,330.0,0.0,0,0.0
696,0.28131578947368424,0.9,390.0,0.0,0,0.0
697,0.28131578947368424,0.9,450.0,0.0,0,0.0
698,0.28131578947368424,0.9,510.0,0.0,0,0.0
699,0.28131578947368424,0.9,570.0,0.0,0,0.0
700,0.3028947368421053,0.1,30.0,10.28227571115974,457,437.8271334792124
701,0.3028947368421053,0.1,90.0,18.086124401913878,418,830.7320574162682
702,0.3028947368421053,0.1,150.0,21.301247771835985,561,1254.046345811052
703,0.3028947368421053,0.1,210.0,20.072503419972623,731,924.9343365253079
704,0.3028947368421053,0.1,270.0,20.026998961578396,963,889.7943925233646
705,0.3028947368421053,0.1,330.0,21.081424936386753,1179,894.3757421543679
706,0.3028947368421053,0.1,390.0,19.71009771986974,1535,758.5596091205183
707,0.3028947368421053,0.1,450.0,16.82984031936127,2004,527.6921157684635
708,0.3028947368421053,0.1,510.0,13.099328384588206,2829,313.8126546482853
709,0.3028947368421053,0.1,570.0,7.100840336134438,2261,88.16143299425033
710,0.3028947368421053,0.30000000000000004,30.0,12.223684210526311,304,764.6052631578946
711,0.3028947368421053,0.30000000000000004,90.0,19.63225806451611,310,850.5225806451608
712,0.3028947368421053,0.30000000000000004,150.0,21.078774617067825,457,1013.8708971553591
713,0.3028947368421053,0.30000000000000004,210.0,24.00863309352519,695,1249.6201438848932
714,0.3028947368421053,0.30000000000000004,270.0,22.566518847006627,902,1123.8436807095345
715,0.3028947368421053,0.30000000000000004,330.0,22.12282157676352,1205,908.9344398340264
716,0.3028947368421053,0.30000000000000004,390.0,19.647440051847052,1543,742.9604666234613
717,0.3028947368421053,0.30000000000000004,450.0,16.897487437185916,1990,503.748743718592
718,0.3028947368421053,0.30000000000000004,510.0,12.60546715626276,2451,278.3720930232556
719,0.3028947368421053,0.30000000000000004,570.0,7.327888687235327,1653,95.30732002419832
720,0.3028947368421053,0.5,30.0,9.473933649289101,422,279.7488151658764
721,0.3028947368421053,0.5,90.0,15.747619047619061,420,589.4142857142854
722,0.3028947368421053,0.5,150.0,18.742424242424235,594,809.5101010101009
723,0.3028947368421053,0.5,210.0,18.20027624309394,724,682.8245856353598
724,0.3028947368421053,0.5,270.0,18.60131434830233,913,753.354874041621
725,0.3028947368421053,0.5,330.0,18.503710575139156,1078,706.5166975881276
726,0.3028947368421053,0.5,390.0,16.81818181818181,1397,556.573371510379
727,0.3028947368421053,0.5,450.0,14.31840490797546,1630,390.5601226993876
728,0.3028947368421053,0.5,510.0,11.367647058823513,1496,229.88636363636368
729,0.3028947368421053,0.5,570.0,6.809462915601019,782,80.79156010230172
730,0.3028947368421053,0.7000000000000001,30.0,6.155251141552517,219,569.9817351598177
731,0.3028947368421053,0.7000000000000001,90.0,9.08,125,248.55199999999996
732,0.3028947368421053,0.7000000000000001,150.0,11.157142857142862,140,407.54285714285754
733,0.3028947368421053,0.7000000000000001,210.0,16.086956521739122,138,736.2173913043482
734,0.3028947368421053,0.7000000000000001,270.0,12.709677419354842,155,477.6129032258067
735,0.3028947368421053,0.7000000000000001,330.0,12.212643678160914,174,360.29310344827593
736,0.3028947368421053,0.7000000000000001,390.0,12.039999999999997,150,396.24000000000007
737,0.3028947368421053,0.7000000000000001,450.0,13.228187919463089,149,388.7583892617451
738,0.3028947368421053,0.7000000000000001,510.0,11.432692307692307,104,291.33653846153874
739,0.3028947368421053,0.7000000000000001,570.0,7.737704918032783,61,105.18032786885243
740,0.3028947368421053,0.9,30.0,0.0,0,0.0
741,0.3028947368421053,0.9,90.0,0.0,0,0.0
742,0.3028947368421053,0.9,150.0,0.0,0,0.0
743,0.3028947368421053,0.9,210.0,0.0,0,0.0
744,0.3028947368421053,0.9,270.0,0.0,0,0.0
745,0.3028947368421053,0.9,330.0,0.0,0,0.0
746,0.3028947368421053,0.9,390.0,0.0,0,0.0
747,0.3028947368421053,0.9,450.0,0.0,0,0.0
748,0.3028947368421053,0.9,510.0,0.0,0,0.0
749,0.3028947368421053,0.9,570.0,0.0,0,0.0
750,0.32447368421052636,0.1,30.0,8.674778761061956,452,261.28097345132767
751,0.32447368421052636,0.1,90.0,17.7683741648107,449,834.329621380846
752,0.32447368421052636,0.1,150.0,18.435185185185233,540,884.9277777777772
753,0.32447368421052636,0.1,210.0,19.679028132992325,782,893.6023017902816
754,0.32447368421052636,0.1,270.0,20.09400705052881,851,925.4688601645114
755,0.32447368421052636,0.1,330.0,20.809222423146448,1106,881.7748643761299
756,0.32447368421052636,0.1,390.0,19.642265193370175,1448,801.3232044198902
757,0.32447368421052636,0.1,450.0,16.962882096069883,1832,540.2991266375543
758,0.32447368421052636,0.1,510.0,12.931124673060154,2294,300.94420226678335
759,0.32447368421052636,0.1,570.0,7.506944444444435,2016,101.52083333333361
760,0.32447368421052636,0.30000000000000004,30.0,16.116564417177912,163,832.4355828220854
761,0.32447368421052636,0.30000000000000004,90.0,19.96506550218341,229,812.4192139737995
762,0.32447368421052636,0.30000000000000004,150.0,22.92142857142858,280,1139.2928571428567
763,0.32447368421052636,0.30000000000000004,210.0,22.928251121076237,446,1061.4080717488785
764,0.32447368421052636,0.30000000000000004,270.0,22.08803986710963,602,1004.9717607973429
765,0.32447368421052636,0.30000000000000004,330.0,21.91266912669128,813,1003.1180811808118
766,0.32447368421052636,0.30000000000000004,390.0,19.92896174863385,1098,717.9581056466309
767,0.32447368421052636,0.30000000000000004,450.0,17.0350274725275,1456,559.3358516483515
768,0.32447368421052636,0.30000000000000004,510.0,14.221374045801516,1834,391.99018538713136
769,0.32447368421052636,0.30000000000000004,570.0,8.780276816609,1156,150.8754325259516
770,0.32447368421052636,0.5,30.0,7.806010928961747,366,194.1229508196723
771,0.32447368421052636,0.5,90.0,15.729281767955799,362,704.9116022099445
772,0.32447368421052636,0.5,150.0,17.753275109170318,458,728.2379912663756
773,0.32447368421052636,0.5,210.0,18.123693379790964,574,806.0017421602787
774,0.32447368421052636,0.5,270.0,19.802431610942257,658,929.3465045592706
775,0.32447368421052636,0.5,330.0,18.948180815876523,907,748.3417861080484
776,0.32447368421052636,0.5,390.0,16.323222748815112,1055,484.954502369668
777,0.32447368421052636,0.5,450.0,14.867782426778227,1195,421.60251046025064
778,0.32447368421052636,0.5,510.0,11.055912007332722,1091,217.4317140238313
779,0.32447368421052636,0.5,570.0,6.611524163568772,538,73.6858736059479
780,0.32447368421052636,0.7000000000000001,30.0,4.634146341463417,164,86.02439024390243
781,0.32447368421052636,0.7000000000000001,90.0,8.588785046728976,107,188.2336448598131
782,0.32447368421052636,0.7000000000000001,150.0,11.86,100,405.6599999999999
783,0.32447368421052636,0.7000000000000001,210.0,14.33333333333333,114,654.438596491228
784,0.32447368421052636,0.7000000000000001,270.0,15.450819672131155,122,819.9262295081969
785,0.32447368421052636,0.7000000000000001,330.0,11.879699248120296,133,313.2030075187971
786,0.32447368421052636,0.7000000000000001,390.0,12.3125,112,349.7767857142859
787,0.32447368421052636,0.7000000000000001,450.0,10.34375,96,250.61458333333334
788,0.32447368421052636,0.7000000000000001,510.0,9.094594594594588,74,144.9054054054054
789,0.32447368421052636,0.7000000000000001,570.0,6.649999999999999,20,89.65000000000002
790,0.32447368421052636,0.9,30.0,0.0,0,0.0
791,0.32447368421052636,0.9,90.0,0.0,0,0.0
792,0.32447368421052636,0.9,150.0,0.0,0,0.0
793,0.32447368421052636,0.9,210.0,0.0,0,0.0
794,0.32447368421052636,0.9,270.0,0.0,0,0.0
795,0.32447368421052636,0.9,330.0,0.0,0,0.0
796,0.32447368421052636,0.9,390.0,0.0,0,0.0
797,0.32447368421052636,0.9,450.0,0.0,0,0.0
798,0.32447368421052636,0.9,510.0,0.0,0,0.0
799,0.32447368421052636,0.9,570.0,0.0,0,0.0
800,0.3460526315789474,0.1,30.0,8.961852861035412,367,301.5722070844688
801,0.3460526315789474,0.1,90.0,18.605898123324405,373,891.8552278820383
802,0.3460526315789474,0.1,150.0,20.90315315315317,444,1235.7004504504512
803,0.3460526315789474,0.1,210.0,19.076271186440678,590,842.1000000000004
804,0.3460526315789474,0.1,270.0,20.008275862069002,725,869.9365517241378
805,0.3460526315789474,0.1,330.0,19.732662192393764,894,794.535794183445
806,0.3460526315789474,0.1,390.0,19.605794556628638,1139,745.2914837576817
807,0.3460526315789474,0.1,450.0,16.409027777777798,1440,506.8243055555553
808,0.3460526315789474,0.1,510.0,12.657744874715226,1756,280.6953302961278
809,0.3460526315789474,0.1,570.0,7.1618981158408825,1433,89.52896022330765
810,0.3460526315789474,0.30000000000000004,30.0,12.432835820895525,134,339.99999999999983
811,0.3460526315789474,0.30000000000000004,90.0,21.40112994350283,177,1324.7005649717516
812,0.3460526315789474,0.30000000000000004,150.0,23.181102362204722,254,1164.2204724409455
813,0.3460526315789474,0.30000000000000004,210.0,23.40909090909094,330,1203.039393939395
814,0.3460526315789474,0.30000000000000004,270.0,24.865546218487392,476,1216.7016806722677
815,0.3460526315789474,0.30000000000000004,330.0,22.461988304093627,684,924.3128654970759
816,0.3460526315789474,0.30000000000000004,390.0,20.030042918455,932,748.092274678112
817,0.3460526315789474,0.30000000000000004,450.0,18.125769569041335,1137,612.3438874230437
818,0.3460526315789474,0.30000000000000004,510.0,12.604466858789618,1388,288.15345821325707
819,0.3460526315789474,0.30000000000000004,570.0,7.8165137614678954,872,110.4862385321101
820,0.3460526315789474,0.5,30.0,8.865942028985499,276,269.0471014492756
821,0.3460526315789474,0.5,90.0,15.08148148148147,270,719.0740740740741
822,0.3460526315789474,0.5,150.0,19.53954802259888,354,897.449152542372
823,0.3460526315789474,0.5,210.0,18.06053811659195,446,660.6928251121086
824,0.3460526315789474,0.5,270.0,16.905335628227196,581,621.6557659208258
825,0.3460526315789474,0.5,330.0,17.082969432314442,687,609.8107714701598
826,0.3460526315789474,0.5,390.0,16.525465838509326,805,523.1838509316763
827,0.3460526315789474,0.5,450.0,14.425948592411256,817,386.93268053855616
828,0.3460526315789474,0.5,510.0,10.89189189189188,740,209.82972972973005
829,0.3460526315789474,0.5,570.0,7.262755102040811,392,94.33418367346944
830,0.3460526315789474,0.7000000000000001,30.0,3.7959183673469385,98,44.857142857142826
831,0.3460526315789474,0.7000000000000001,90.0,7.3582089552238745,67,117.29850746268652
832,0.3460526315789474,0.7000000000000001,150.0,11.973684210526317,76,368.0000000000001
833,0.3460526315789474,0.7000000000000001,210.0,12.26666666666667,90,462.3777777777779
834,0.3460526315789474,0.7000000000000001,270.0,11.474358974358967,78,308.29487179487177
835,0.3460526315789474,0.7000000000000001,330.0,12.4,105,317.0857142857143
836,0.3460526315789474,0.7000000000000001,390.0,11.95833333333334,72,263.3472222222221
837,0.3460526315789474,0.7000000000000001,450.0,11.764044943820222,89,529.247191011236
838,0.3460526315789474,0.7000000000000001,510.0,8.952380952380953,42,144.85714285714286
839,0.3460526315789474,0.7000000000000001,570.0,6.6428571428571415,14,93.21428571428572
840,0.3460526315789474,0.9,30.0,0.0,0,0.0
841,0.3460526315789474,0.9,90.0,0.0,0,0.0
842,0.3460526315789474,0.9,150.0,0.0,0,0.0
843,0.3460526315789474,0.9,210.0,0.0,0,0.0
844,0.3460526315789474,0.9,270.0,0.0,0,0.0
845,0.3460526315789474,0.9,330.0,0.0,0,0.0
846,0.3460526315789474,0.9,390.0,0.0,0,0.0
847,0.3460526315789474,0.9,450.0,0.0,0,0.0
848,0.3460526315789474,0.9,510.0,0.0,0,0.0
849,0.3460526315789474,0.9,570.0,0.0,0,0.0
850,0.3676315789473684,0.1,30.0,9.577319587628871,291,324.4982817869414
851,0.3676315789473684,0.1,90.0,16.308880308880312,259,668.3166023166018
852,0.3676315789473684,0.1,150.0,20.21487603305787,363,972.220385674931
853,0.3676315789473684,0.1,210.0,21.49789029535865,474,1104.4599156118152
854,0.3676315789473684,0.1,270.0,22.69449715370021,527,1191.0967741935488
855,0.3676315789473684,0.1,330.0,20.264122137404556,655,847.0030534351159
856,0.3676315789473684,0.1,390.0,19.71462264150944,848,751.9174528301884
857,0.3676315789473684,0.1,450.0,16.525709219858136,1128,500.07712765957433
858,0.3676315789473684,0.1,510.0,13.344651952461785,1178,327.3650254668924
859,0.3676315789473684,0.1,570.0,7.376179245283022,848,95.61674528301877
860,0.3676315789473684,0.30000000000000004,30.0,11.692982456140353,114,330.46491228070187
861,0.3676315789473684,0.30000000000000004,90.0,22.32592592592593,135,1177.466666666667
862,0.3676315789473684,0.30000000000000004,150.0,21.627802690582957,223,958.9372197309422
863,0.3676315789473684,0.30000000000000004,210.0,24.50310559006214,322,1307.7080745341605
864,0.3676315789473684,0.30000000000000004,270.0,24.01616628175522,433,1234.732101616628
865,0.3676315789473684,0.30000000000000004,330.0,20.33625218914187,571,826.8406304728557
866,0.3676315789473684,0.30000000000000004,390.0,18.876418663303884,793,699.0529634300128
867,0.3676315789473684,0.30000000000000004,450.0,16.40126715945089,947,482.9313621964104
868,0.3676315789473684,0.30000000000000004,510.0,12.635149023638235,973,282.69064748201424
869,0.3676315789473684,0.30000000000000004,570.0,7.5571142284569115,499,95.10020040080155
870,0.3676315789473684,0.5,30.0,8.824561403508774,228,316.53508771929825
871,0.3676315789473684,0.5,90.0,16.48499999999999,200,1216.3450000000005
872,0.3676315789473684,0.5,150.0,16.743055555555546,288,613.909722222222
873,0.3676315789473684,0.5,210.0,22.247838616714695,347,1257.3487031700272
874,0.3676315789473684,0.5,270.0,19.361797752809014,445,784.1168539325839
875,0.3676315789473684,0.5,330.0,17.853909465020596,486,674.788065843621
876,0.3676315789473684,0.5,390.0,16.295492487479112,599,528.4824707846416
877,0.3676315789473684,0.5,450.0,13.64332247557003,614,344.441368078176
878,0.3676315789473684,0.5,510.0,10.537906137184098,554,218.49458483754503
879,0.3676315789473684,0.5,570.0,6.477477477477479,222,66.86486486486487
880,0.3676315789473684,0.7000000000000001,30.0,4.4843749999999964,64,81.921875
881,0.3676315789473684,0.7000000000000001,90.0,10.945945945945947,37,295.9729729729731
882,0.3676315789473684,0.7000000000000001,150.0,8.518518518518515,54,130.25925925925924
883,0.3676315789473684,0.7000000000000001,210.0,10.270833333333336,48,192.56250000000006
884,0.3676315789473684,0.7000000000000001,270.0,12.369565217391298,46,331.0217391304348
885,0.3676315789473684,0.7000000000000001,330.0,13.089285714285712,56,557.5892857142857
886,0.3676315789473684,0.7000000000000001,390.0,13.979166666666659,48,342.4375
887,0.3676315789473684,0.7000000000000001,450.0,11.0,39,227.61538461538458
888,0.3676315789473684,0.7000000000000001,510.0,9.275862068965516,29,150.03448275862067
889,0.3676315789473684,0.7000000000000001,570.0,7.111111111111111,9,77.33333333333333
890,0.3676315789473684,0.9,30.0,0.0,0,0.0
891,0.3676315789473684,0.9,90.0,0.0,0,0.0
892,0.3676315789473684,0.9,150.0,0.0,0,0.0
893,0.3676315789473684,0.9,210.0,0.0,0,0.0
894,0.3676315789473684,0.9,270.0,0.0,0,0.0
895,0.3676315789473684,0.9,330.0,0.0,0,0.0
896,0.3676315789473684,0.9,390.0,0.0,0,0.0
897,0.3676315789473684,0.9,450.0,0.0,0,0.0
898,0.3676315789473684,0.9,510.0,0.0,0,0.0
899,0.3676315789473684,0.9,570.0,0.0,0,0.0
900,0.3892105263157895,0.1,30.0,9.393162393162408,234,352.68376068376085
901,0.3892105263157895,0.1,90.0,18.836206896551705,232,1407.8275862068938
902,0.3892105263157895,0.1,150.0,19.118589743589748,312,790.5673076923083
903,0.3892105263157895,0.1,210.0,20.685950413223146,363,929.5068870523414
904,0.3892105263157895,0.1,270.0,19.595348837209283,430,814.1674418604648
905,0.3892105263157895,0.1,330.0,19.741509433962253,530,798.3415094339623
906,0.3892105263157895,0.1,390.0,18.834310850439888,682,679.3885630498534
907,0.3892105263157895,0.1,450.0,17.051679586563317,774,552.1395348837214
908,0.3892105263157895,0.1,510.0,13.559055118110257,889,328.04274465691816
909,0.3892105263157895,0.1,570.0,7.534920634920637,630,104.52222222222227
910,0.3892105263157895,0.30000000000000004,30.0,10.556451612903222,124,261.16935483870964
911,0.3892105263157895,0.30000000000000004,90.0,20.52027027027028,148,996.1148648648649
912,0.3892105263157895,0.30000000000000004,150.0,20.37499999999999,200,913.0749999999997
913,0.3892105263157895,0.30000000000000004,210.0,23.229032258064517,310,1168.3580645161296
914,0.3892105263157895,0.30000000000000004,270.0,23.47123287671232,365,1092.282191780822
915,0.3892105263157895,0.30000000000000004,330.0,21.28880157170927,509,947.6817288801569
916,0.3892105263157895,0.30000000000000004,390.0,18.52466367713006,669,614.9103139013456
917,0.3892105263157895,0.30000000000000004,450.0,14.997371879106451,761,416.92904073587397
918,0.3892105263157895,0.30000000000000004,510.0,11.822942643391524,802,244.48379052369077
919,0.3892105263157895,0.30000000000000004,570.0,7.201298701298703,308,91.73376623376623
920,0.3892105263157895,0.5,30.0,7.6864864864864755,185,149.8270270270271
921,0.3892105263157895,0.5,90.0,15.341463414634159,205,565.3609756097567
922,0.3892105263157895,0.5,150.0,15.304147465437781,217,573.4147465437786
923,0.3892105263157895,0.5,210.0,17.71428571428571,273,754.3296703296705
924,0.3892105263157895,0.5,270.0,18.31832797427654,311,725.0257234726687
925,0.3892105263157895,0.5,330.0,18.18947368421054,380,685.9368421052627
926,0.3892105263157895,0.5,390.0,15.98600000000001,500,503.56600000000054
927,0.3892105263157895,0.5,450.0,13.878661087866103,478,370.62343096234304
928,0.3892105263157895,0.5,510.0,10.654040404040414,396,198.89646464646458
929,0.3892105263157895,0.5,570.0,7.410852713178297,129,92.7751937984496
930,0.3892105263157895,0.7000000000000001,30.0,2.9591836734693873,49,15.408163265306122
931,0.3892105263157895,0.7000000000000001,90.0,5.086956521739132,23,72.65217391304348
932,0.3892105263157895,0.7000000000000001,150.0,5.46153846153846,26,56.307692307692285
933,0.3892105263157895,0.7000000000000001,210.0,4.5666666666666655,30,36.76666666666667
934,0.3892105263157895,0.7000000000000001,270.0,6.7,20,80.19999999999999
935,0.3892105263157895,0.7000000000000001,330.0,7.666666666666667,18,168.88888888888889
936,0.3892105263157895,0.7000000000000001,390.0,7.300000000000001,10,120.89999999999999
937,0.3892105263157895,0.7000000000000001,450.0,3.5,4,23.0
938,0.3892105263157895,0.7000000000000001,510.0,10.5,2,112.5
939,0.3892105263157895,0.7000000000000001,570.0,6.5,2,62.5
940,0.3892105263157895,0.9,30.0,0.0,0,0.0
941,0.3892105263157895,0.9,90.0,0.0,0,0.0
942,0.3892105263157895,0.9,150.0,0.0,0,0.0
943,0.3892105263157895,0.9,210.0,0.0,0,0.0
944,0.3892105263157895,0.9,270.0,0.0,0,0.0
945,0.3892105263157895,0.9,330.0,0.0,0,0.0
946,0.3892105263157895,0.9,390.0,0.0,0,0.0
947,0.3892105263157895,0.9,450.0,0.0,0,0.0
948,0.3892105263157895,0.9,510.0,0.0,0,0.0
949,0.3892105263157895,0.9,570.0,0.0,0,0.0
950,0.7,0.1,30.0,11.59525188187607,1727,486.5900405327155
951,0.7,0.1,90.0,17.916267942583676,1672,803.9031100478462
952,0.7,0.1,150.0,20.82047619047614,2100,1050.243333333332
953,0.7,0.1,210.0,20.55431547619041,2688,965.0119047619053
954,0.7,0.1,270.0,20.577332902809086,3097,923.0235711979329
955,0.7,0.1,330.0,19.613392119041013,3629,808.1578947368426
956,0.7,0.1,390.0,17.324916626965244,4198,588.8808956646017
957,0.7,0.1,450.0,15.2506725360724,4089,452.2083639031539
958,0.7,0.1,510.0,12.182627378759964,3258,277.44168201350556
959,0.7,0.1,570.0,7.740171990171989,1628,102.8777641277641
960,0.7,0.30000000000000004,30.0,10.908577878103833,886,500.4097065462749
961,0.7,0.30000000000000004,90.0,19.92558613659534,981,1048.4576962283365
962,0.7,0.30000000000000004,150.0,19.921608725289715,1467,895.9775051124761
963,0.7,0.30000000000000004,210.0,21.08577517314864,1877,1035.466169419288
964,0.7,0.30000000000000004,270.0,20.838461538461516,2340,919.3282051282046
965,0.7,0.30000000000000004,330.0,19.567684140676878,3014,768.2816854678168
966,0.7,0.30000000000000004,390.0,17.820393974507528,3452,632.366743916569
967,0.7,0.30000000000000004,450.0,15.037804246504399,3862,421.1128948731221
968,0.7,0.30000000000000004,510.0,11.398900427611466,3274,236.22235797189964
969,0.7,0.30000000000000004,570.0,7.146692233940555,1043,93.9501438159157
970,0.7,0.5,30.0,5.685393258426964,1691,149.18746303962146
971,0.7,0.5,90.0,10.904109589041107,1168,332.57705479452034
972,0.7,0.5,150.0,13.13931144915935,1249,472.439551641313
973,0.7,0.5,210.0,13.514896867838054,1309,503.5546218487398
974,0.7,0.5,270.0,14.655021834061102,1374,576.0480349344982
975,0.7,0.5,330.0,13.729437229437226,1386,446.42207792207756
976,0.7,0.5,390.0,12.92282430213465,1218,370.38259441707686
977,0.7,0.5,450.0,12.17216117216117,1092,313.58974358974325
978,0.7,0.5,510.0,9.747035573122524,759,183.868247694335
979,0.7,0.5,570.0,6.043999999999997,250,64.84400000000008
980,0.7,0.7000000000000001,30.0,0.0,0,0.0
981,0.7,0.7000000000000001,90.0,0.0,0,0.0
982,0.7,0.7000000000000001,150.0,0.0,0,0.0
983,0.7,0.7000000000000001,210.0,0.0,0,0.0
984,0.7,0.7000000000000001,270.0,0.0,0,0.0
985,0.7,0.7000000000000001,330.0,0.0,0,0.0
986,0.7,0.7000000000000001,390.0,0.0,0,0.0
987,0.7,0.7000000000000001,450.0,0.0,0,0.0
988,0.7,0.7000000000000001,510.0,0.0,0,0.0
989,0.7,0.7000000000000001,570.0,0.0,0,0.0
990,0.7,0.9,30.0,0.0,0,0.0
991,0.7,0.9,90.0,0.0,0,0.0
992,0.7,0.9,150.0,0.0,0,0.0
993,0.7,0.9,210.0,0.0,0,0.0
994,0.7,0.9,270.0,0.0,0,0.0
995,0.7,0.9,330.0,0.0,0,0.0
996,0.7,0.9,390.0,0.0,0,0.0
997,0.7,0.9,450.0,0.0,0,0.0
998,0.7,0.9,510.0,0.0,0,0.0
999,0.7,0.9,570.0,0.0,0,0.0
