,voc_bin,rtmean,rtcount,rt_squaredmean
0,0.0007894736842105274,4.124988725105248,2416874,36.41324289143728
1,0.022368421052631583,4.73579329334385,594156,44.564228923043785
2,0.04394736842105264,5.046192777900766,325224,50.40330664403609
3,0.0655263157894737,5.30493213132951,185579,55.26284762823388
4,0.08710526315789476,5.499647819119901,113578,60.35463734173873
5,0.1086842105263158,5.6316692540240245,73434,62.55181523544949
6,0.13026315789473686,5.779926589572566,50674,66.39586375656123
7,0.1518421052631579,5.8668382292550625,36527,67.08900265556974
8,0.17342105263157898,5.956621170320899,27548,69.52000145201072
9,0.195,6.065214282309203,20977,72.04414358583185
10,0.2165789473684211,6.1358591885441385,16760,75.56748210023858
11,0.23815789473684212,6.0656744454880585,13841,70.66490860486952
12,0.25973684210526315,6.190075398912837,11406,75.8099246010871
13,0.28131578947368424,6.23483637138899,9381,78.53032725722224
14,0.3028947368421053,6.143780708559597,7734,74.26247737263994
15,0.32447368421052636,6.118890356671074,6056,71.96334214002647
16,0.3460526315789474,6.139932508436432,4445,72.30461192350951
17,0.3676315789473684,6.42314385150812,3448,79.40284222737833
18,0.3892105263157895,6.527531767423963,2597,85.34231805929927
19,0.7,6.301399825021865,11430,81.48460192475962
