,voc_bin,elo_bin,rtmean,rtcount,rt_squaredmean
0,0.0007894736842105274,625.0,4.34934821032329,651207,38.33632009483914
1,0.0007894736842105274,1387.5,4.102824905785007,744839,35.44907288689239
2,0.0007894736842105274,1662.5,4.016961990372494,579590,35.552395659000304
3,0.0007894736842105274,2400.0,3.9277300656861724,396126,35.75262416503835
4,0.022368421052631583,625.0,4.956793810054686,150696,46.17751632425538
5,0.022368421052631583,1387.5,4.652668781349836,182218,42.33535655094449
6,0.022368421052631583,1662.5,4.588981018296429,145930,42.93860069896523
7,0.022368421052631583,2400.0,4.6267702902497865,102808,45.466646564469556
8,0.04394736842105264,625.0,5.1996607400892065,79585,50.65398002136088
9,0.04394736842105264,1387.5,4.971038494163268,99028,48.23247970271033
10,0.04394736842105264,1662.5,4.961499431477816,81791,49.94595982443049
11,0.04394736842105264,2400.0,5.004288412776759,58763,53.4496707111618
12,0.0655263157894737,625.0,5.364373873249194,43266,54.05174964175101
13,0.0655263157894737,1387.5,5.201348298490338,55774,52.649047943486046
14,0.0655263157894737,1662.5,5.226129582267699,46920,55.12203751065653
15,0.0655263157894737,2400.0,5.305300698898433,34769,59.95754839080794
16,0.08710526315789476,625.0,5.55770581349981,25630,58.15793991416295
17,0.08710526315789476,1387.5,5.326831151094102,33681,55.38116445473714
18,0.08710526315789476,1662.5,5.391065315860427,28921,59.73628159468886
19,0.08710526315789476,2400.0,5.530893078299181,21801,64.75808449153725
20,0.1086842105263158,625.0,5.603151314110735,15676,57.903610614952626
21,0.1086842105263158,1387.5,5.4513089005235775,21965,58.190211700432606
22,0.1086842105263158,1662.5,5.584170203954859,19318,61.57350657417946
23,0.1086842105263158,2400.0,5.740216375050077,14974,68.65379991986102
24,0.13026315789473686,625.0,5.7851451337507,10542,63.99364446974007
25,0.13026315789473686,1387.5,5.7074802622775485,14946,64.67897765288375
26,0.13026315789473686,1662.5,5.656662119145065,13194,65.8135516143701
27,0.13026315789473686,2400.0,5.88921169862481,10326,73.81193104784042
28,0.1518421052631579,625.0,5.879433580579921,7415,64.28644639244808
29,0.1518421052631579,1387.5,5.717577108881469,10764,63.74321813452244
30,0.1518421052631579,1662.5,5.795386674904752,9711,66.62001853568098
31,0.1518421052631579,2400.0,5.935375032442253,7706,75.70516480664432
32,0.17342105263157898,625.0,6.129801565628996,5493,71.93027489532103
33,0.17342105263157898,1387.5,5.846290876701873,7859,65.94681257157396
34,0.17342105263157898,1662.5,5.957224334600754,7364,70.93984247691468
35,0.17342105263157898,2400.0,6.123801369863021,5840,76.9683219178079
36,0.195,625.0,6.098463687150849,4296,70.49837057728085
37,0.195,1387.5,5.999999999999987,6025,71.78190871369333
38,0.195,1662.5,6.0666904422253785,5608,72.43009985734669
39,0.195,2400.0,6.324782511710916,4483,81.64978808833385
40,0.2165789473684211,625.0,6.0272069464544105,3455,68.28654124457296
41,0.2165789473684211,1387.5,5.90226947454508,4891,66.44408096503787
42,0.2165789473684211,1662.5,6.183764495985732,4484,78.82024977698475
43,0.2165789473684211,2400.0,6.304335894621278,3644,81.72914379802403
44,0.23815789473684212,625.0,6.054093040028861,2773,68.12765957446796
45,0.23815789473684212,1387.5,5.788188387739845,4013,63.37901819087959
46,0.23815789473684212,1662.5,6.10941906373378,3546,75.02876480541441
47,0.23815789473684212,2400.0,6.089489098600727,3073,76.58411975268463
48,0.25973684210526315,625.0,6.077427821522299,2286,66.7650918635171
49,0.25973684210526315,1387.5,6.061802833886053,3317,71.15435634609565
50,0.25973684210526315,1662.5,6.196135265700472,3105,79.51594202898531
51,0.25973684210526315,2400.0,5.953168044077136,2541,74.50255804801252
52,0.28131578947368424,625.0,5.970572779821335,1903,64.8102995270624
53,0.28131578947368424,1387.5,6.0981978668628,2719,72.2070614196398
54,0.28131578947368424,1662.5,6.029891304347821,2576,70.27678571428562
55,0.28131578947368424,2400.0,6.352969579913088,2071,82.84162240463532
56,0.3028947368421053,625.0,6.067567567567563,1480,64.70810810810822
57,0.3028947368421053,1387.5,6.095393206142387,2149,72.65565379246131
58,0.3028947368421053,1662.5,6.075396825396816,2016,74.56944444444447
59,0.3028947368421053,2400.0,6.02055622732768,1654,75.03385731559861
60,0.32447368421052636,625.0,6.473367697594502,1164,77.81185567010303
61,0.32447368421052636,1387.5,6.186274509803911,1734,77.10092272203008
62,0.32447368421052636,1662.5,5.898442008078485,1733,66.89324870167331
63,0.32447368421052636,2400.0,6.252539912917266,1378,91.29317851959355
64,0.3460526315789474,625.0,5.996644295302011,894,62.72371364653249
65,0.3460526315789474,1387.5,6.134396355353079,1317,74.20425208807903
66,0.3460526315789474,1662.5,6.360816326530606,1225,79.82530612244894
67,0.3460526315789474,2400.0,6.305583756345174,985,81.35532994923865
68,0.3676315789473684,625.0,6.416024653312785,649,84.36979969183344
69,0.3676315789473684,1387.5,6.385579937304078,957,79.84221525600832
70,0.3676315789473684,1662.5,6.380062305295959,963,85.21703011422642
71,0.3676315789473684,2400.0,6.382267441860464,688,89.81831395348834
72,0.3892105263157895,625.0,6.773737373737371,495,85.93333333333332
73,0.3892105263157895,1387.5,6.527631578947373,760,82.35394736842098
74,0.3892105263157895,1662.5,6.230215827338124,695,77.93093525179856
75,0.3892105263157895,2400.0,5.865748709122199,581,66.27882960413078
76,0.7,625.0,6.3416599516518914,2482,80.43029814665589
77,0.7,1387.5,6.32496307237814,3385,77.3163958641063
78,0.7,1662.5,6.292503987240828,3135,78.48261562998397
79,0.7,2400.0,6.164695945945947,2368,84.24408783783782
