,voc_bin,elo_bin,rtmean,rtcount,rt_squaredmean
0,0.0007894736842105274,625.0,20.27562296858072,9230,1115.3206933911147
1,0.0007894736842105274,1387.5,20.91571881933336,35607,1218.6336956216498
2,0.0007894736842105274,1662.5,23.953270864960118,57309,1466.8325742902498
3,0.0007894736842105274,2400.0,25.996758456897066,31158,1842.3501187495986
4,0.022368421052631583,625.0,23.817312290769948,2091,1293.3055954088948
5,0.022368421052631583,1387.5,24.956679108698076,8841,1452.032123063002
6,0.022368421052631583,1662.5,29.12522982635343,14685,1942.2520939734416
7,0.022368421052631583,2400.0,32.24227882367422,8127,2491.1946597760557
8,0.04394736842105264,625.0,25.092057761732825,1108,1334.6606498194947
9,0.04394736842105264,1387.5,26.57136912193094,4806,1676.0553474823137
10,0.04394736842105264,1662.5,30.773929323660283,8546,2099.3711677978063
11,0.04394736842105264,2400.0,34.25839511556909,4586,2569.045137374615
12,0.0655263157894737,625.0,25.205705705705707,666,1451.0375375375384
13,0.0655263157894737,1387.5,26.758571428571457,2800,1578.263571428575
14,0.0655263157894737,1662.5,32.386666666666635,4800,2395.1949999999993
15,0.0655263157894737,2400.0,36.84554024655551,2758,3065.3139956490204
16,0.08710526315789476,625.0,25.419753086419753,324,1244.654320987654
17,0.08710526315789476,1387.5,27.465269461077856,1670,1621.699999999997
18,0.08710526315789476,1662.5,32.45342465753427,2920,2269.1082191780765
19,0.08710526315789476,2400.0,38.19754529514904,1711,3485.2039742840443
20,0.1086842105263158,625.0,28.414141414141408,198,2766.545454545455
21,0.1086842105263158,1387.5,28.90095238095237,1050,1925.0571428571416
22,0.1086842105263158,1662.5,33.71762315896394,1969,2472.922295581508
23,0.1086842105263158,2400.0,38.77231329690339,1098,3480.659380692162
24,0.13026315789473686,625.0,28.666666666666664,153,1548.0392156862752
25,0.13026315789473686,1387.5,30.308411214953324,749,1928.9172229639535
26,0.13026315789473686,1662.5,33.515625000000114,1280,2324.895312499999
27,0.13026315789473686,2400.0,37.842911877394656,783,3187.6257982120064
28,0.1518421052631579,625.0,29.21621621621623,111,1698.531531531532
29,0.1518421052631579,1387.5,31.34319526627217,507,2084.727810650888
30,0.1518421052631579,1662.5,35.457200402819794,993,2890.987915407855
31,0.1518421052631579,2400.0,44.169381107491944,614,4366.5765472312705
32,0.17342105263157898,625.0,36.670588235294126,85,2605.7058823529414
33,0.17342105263157898,1387.5,29.909589041095877,365,1967.597260273974
34,0.17342105263157898,1662.5,37.040730337078685,712,2923.470505617982
35,0.17342105263157898,2400.0,43.93750000000002,464,4770.278017241373
36,0.195,625.0,25.692307692307683,52,1335.384615384615
37,0.195,1387.5,29.64906832298136,322,3099.754658385094
38,0.195,1662.5,34.391304347826065,598,2484.4113712374565
39,0.195,2400.0,37.89565217391306,345,3011.1536231884065
40,0.2165789473684211,625.0,32.93877551020406,49,2296.3265306122444
41,0.2165789473684211,1387.5,31.100840336134475,238,3643.8571428571418
42,0.2165789473684211,1662.5,38.48484848484851,462,3393.2380952380963
43,0.2165789473684211,2400.0,34.725190839694655,262,2790.717557251909
44,0.23815789473684212,625.0,30.088235294117652,34,1469.088235294117
45,0.23815789473684212,1387.5,28.48958333333334,192,1857.5416666666654
46,0.23815789473684212,1662.5,35.105590062111816,322,2379.5838509316777
47,0.23815789473684212,2400.0,37.05603448275862,232,2771.0991379310344
48,0.25973684210526315,625.0,24.72727272727273,33,984.3636363636367
49,0.25973684210526315,1387.5,34.32203389830511,177,3051.022598870056
50,0.25973684210526315,1662.5,35.386440677966114,295,2542.735593220342
51,0.25973684210526315,2400.0,38.29145728643216,199,2967.7989949748735
52,0.28131578947368424,625.0,36.3076923076923,26,2232.9230769230767
53,0.28131578947368424,1387.5,28.714285714285705,147,1522.4693877551026
54,0.28131578947368424,1662.5,36.77559055118113,254,2611.7913385826787
55,0.28131578947368424,2400.0,45.52830188679247,159,4369.44025157233
56,0.3028947368421053,625.0,36.52,25,2451.96
57,0.3028947368421053,1387.5,33.20754716981134,106,2199.094339622641
58,0.3028947368421053,1662.5,43.18095238095236,210,4878.066666666667
59,0.3028947368421053,2400.0,38.33057851239674,121,2647.4380165289267
60,0.32447368421052636,625.0,29.099999999999998,10,1407.9
61,0.32447368421052636,1387.5,32.073529411764696,68,1951.1911764705878
62,0.32447368421052636,1662.5,35.00609756097563,164,2594.8353658536566
63,0.32447368421052636,2400.0,43.725663716814175,113,4281.212389380531
64,0.3460526315789474,625.0,51.72727272727273,11,4786.454545454545
65,0.3460526315789474,1387.5,31.555555555555546,63,2573.5555555555543
66,0.3460526315789474,1662.5,35.22656250000001,128,3803.992187499996
67,0.3460526315789474,2400.0,39.047619047619044,84,6181.0952380952385
68,0.3676315789473684,625.0,34.91666666666666,12,2982.2499999999995
69,0.3676315789473684,1387.5,31.302325581395348,43,1968.232558139535
70,0.3676315789473684,1662.5,32.880952380952394,84,2399.261904761903
71,0.3676315789473684,2400.0,36.90566037735848,53,2934.5660377358495
72,0.3892105263157895,625.0,33.07142857142858,14,1410.3571428571427
73,0.3892105263157895,1387.5,29.810810810810814,37,2034.2432432432438
74,0.3892105263157895,1662.5,34.48571428571428,70,2117.0857142857153
75,0.3892105263157895,2400.0,47.57627118644066,59,4211.0677966101675
76,0.7,625.0,32.681818181818194,44,2261.681818181818
77,0.7,1387.5,38.36521739130435,115,4041.9130434782624
78,0.7,1662.5,39.174342105263165,304,3215.31907894737
79,0.7,2400.0,33.93846153846159,195,2535.4769230769234
