,voc_bin,elo_bin,rtmean,rtcount,rt_squaredmean
0,0.0007894736842105274,625.0,4.639360117766172,1103203,46.90230175226094
1,0.0007894736842105274,1387.5,4.168821769183652,1428625,38.84983883104392
2,0.0007894736842105274,1662.5,3.956929358922001,1714300,36.666606778276744
3,0.0007894736842105274,2400.0,3.75381903432479,2235120,35.61808314542399
4,0.022368421052631583,625.0,5.284734375064623,241713,58.524833169916256
5,0.022368421052631583,1387.5,4.742348192348203,341880,45.56233766233764
6,0.022368421052631583,1662.5,4.497769526314426,426591,43.10052485870545
7,0.022368421052631583,2400.0,4.367777797018106,577490,44.083097542814734
8,0.04394736842105264,625.0,5.528265954420465,126548,59.37649745551054
9,0.04394736842105264,1387.5,5.020702934316853,184370,51.26527634647719
10,0.04394736842105264,1662.5,4.8420207410177,235379,49.09580718755722
11,0.04394736842105264,2400.0,4.807667780371348,327735,52.365469052740885
12,0.0655263157894737,625.0,5.747535009477897,68053,64.72171689712422
13,0.0655263157894737,1387.5,5.2463261911750365,102210,54.78388611681823
14,0.0655263157894737,1662.5,5.116041965699401,135158,54.83690199618248
15,0.0655263157894737,2400.0,5.141373698085944,192313,58.77249587911368
16,0.08710526315789476,625.0,5.856144232945287,39769,65.32306570444337
17,0.08710526315789476,1387.5,5.419123335473141,60753,58.18652576827477
18,0.08710526315789476,1662.5,5.314957011741657,82697,58.59507600033844
19,0.08710526315789476,2400.0,5.3940605602811535,121796,66.72272488423285
20,0.1086842105263158,625.0,6.007176840577345,24802,69.53447302636918
21,0.1086842105263158,1387.5,5.568176580544359,39053,61.85901211174544
22,0.1086842105263158,1662.5,5.506589893626974,53491,62.9998878315979
23,0.1086842105263158,2400.0,5.59286685442362,82376,68.33143148489874
24,0.13026315789473686,625.0,6.23240168797014,16351,74.24903675616183
25,0.13026315789473686,1387.5,5.6676658066474435,26356,62.84470329336772
26,0.13026315789473686,1662.5,5.657769534714905,37203,66.05203881407392
27,0.13026315789473686,2400.0,5.76717424558477,57528,72.88961896815492
28,0.1518421052631579,625.0,6.303239929947458,11420,75.9899299474608
29,0.1518421052631579,1387.5,5.877137496649692,18655,68.88137228625013
30,0.1518421052631579,1662.5,5.758929917106242,26540,70.14167294649555
31,0.1518421052631579,2400.0,5.945078238502379,41987,78.5512658680065
32,0.17342105263157898,625.0,6.409016007532953,8496,78.73646421845594
33,0.17342105263157898,1387.5,5.922317314022373,13671,70.1240582254408
34,0.17342105263157898,1662.5,6.00376657292084,19912,75.64860385697068
35,0.17342105263157898,2400.0,6.018090999327586,31231,79.21094425410625
36,0.195,625.0,6.38311789440898,6421,78.30929761719334
37,0.195,1387.5,6.10071733229933,10316,73.4795463357889
38,0.195,1662.5,5.923284960422161,15160,71.18331134564667
39,0.195,2400.0,6.129963751883661,24553,82.25890929825243
40,0.2165789473684211,625.0,6.317551505546744,5048,73.35875594294791
41,0.2165789473684211,1387.5,6.023026315789481,8208,69.64875730994159
42,0.2165789473684211,1662.5,6.1098251457119055,12010,78.97676935886744
43,0.2165789473684211,2400.0,6.11458754549131,19784,80.55969470279018
44,0.23815789473684212,625.0,6.520961019857813,4079,76.93037509193422
45,0.23815789473684212,1387.5,6.1863270777479915,6714,78.25454274649967
46,0.23815789473684212,1662.5,6.1177939854131385,10009,77.97672095114363
47,0.23815789473684212,2400.0,6.26769118629653,16463,87.9684747615869
48,0.25973684210526315,625.0,6.504733727810658,3380,76.10177514792841
49,0.25973684210526315,1387.5,6.187386404943653,5502,76.38476917484542
50,0.25973684210526315,1662.5,6.076236429433039,8290,74.71869722557331
51,0.25973684210526315,2400.0,6.272245138479645,13576,87.3302887448439
52,0.28131578947368424,625.0,6.595025983667411,2694,83.35374907201178
53,0.28131578947368424,1387.5,6.227808161548183,4754,76.14745477492642
54,0.28131578947368424,1662.5,6.019225167491991,6866,73.20652490533095
55,0.28131578947368424,2400.0,6.321278458844134,11420,88.13931698774077
56,0.3028947368421053,625.0,6.789981617647041,2176,89.60983455882372
57,0.3028947368421053,1387.5,6.249315068493161,3650,78.16712328767153
58,0.3028947368421053,1662.5,6.132582637123112,5506,73.30948056665406
59,0.3028947368421053,2400.0,6.228797265541545,9362,81.90813928647685
60,0.32447368421052636,625.0,6.771412037037039,1728,86.50405092592588
61,0.32447368421052636,1387.5,6.131811989100813,2936,74.37976839237038
62,0.32447368421052636,1662.5,6.436100746268635,4288,84.36100746268637
63,0.32447368421052636,2400.0,6.2451019592163135,7503,87.04691456750658
64,0.3460526315789474,625.0,6.9075812274368165,1385,89.9761732851985
65,0.3460526315789474,1387.5,6.508419083255367,2138,79.32413470533197
66,0.3460526315789474,1662.5,6.35901339829476,3284,82.911388550548
67,0.3460526315789474,2400.0,6.48359332974718,5577,94.22969338353909
68,0.3676315789473684,625.0,6.569128787878791,1056,75.69412878787891
69,0.3676315789473684,1387.5,6.203115638106639,1669,74.43559017375665
70,0.3676315789473684,1662.5,6.597486826104576,2467,90.74908796108613
71,0.3676315789473684,2400.0,6.560870605118383,4181,94.70150681655076
72,0.3892105263157895,625.0,6.743131868131869,728,81.78159340659352
73,0.3892105263157895,1387.5,6.986122448979576,1225,104.88653061224493
74,0.3892105263157895,1662.5,6.949152542372894,1829,101.96719518862744
75,0.3892105263157895,2400.0,6.616531604538088,3085,96.53225283630461
76,0.7,625.0,6.654796511627903,4128,85.61555232558105
77,0.7,1387.5,6.670371599203698,6028,92.78915063039157
78,0.7,1662.5,6.845750142612644,8765,97.25738733599549
79,0.7,2400.0,6.801388381439503,13685,103.85772743880159
