,voc_bin,rtmean,rtcount,rt_squaredmean
0,0.0007894736842105274,1.7284703251066822,7606211,5.610123358397489
1,0.022368421052631583,1.8628392533227616,1836349,5.875274797982297
2,0.04394736842105264,1.9430359455614787,941980,6.406791014671221
3,0.0655263157894737,2.007744483797307,502293,6.87717328332267
4,0.08710526315789476,2.055682045550194,289878,7.196258425958506
5,0.1086842105263158,2.103666769377315,178495,7.56259839211184
6,0.13026315789473686,2.1423601706392166,118144,7.8841159940411725
7,0.1518421052631579,2.1852230664328824,82128,8.28136567309561
8,0.17342105263157898,2.211675752307974,59251,8.193313193026302
9,0.195,2.247998576765692,44968,8.735056039850553
10,0.2165789473684211,2.2406791229417213,35163,8.688877513295266
11,0.23815789473684212,2.2673042689099105,28649,8.836189744842736
12,0.25973684210526315,2.2679803380476122,23192,8.71925664022077
13,0.28131578947368424,2.2791999999999906,18750,8.894453333333297
14,0.3028947368421053,2.309569728004254,15037,9.108665292279042
15,0.32447368421052636,2.3334177215189875,11850,9.354683544303814
16,0.3460526315789474,2.3553830577117805,8889,9.736190797615022
17,0.3676315789473684,2.3811371437098927,6701,9.844500820773032
18,0.3892105263157895,2.3685048775632156,5023,9.795938682062522
19,0.7,2.4204254567923154,22658,10.475240533145023
