,voc_bin,rtmean,rtcount,rt_squaredmean
0,0.0007894736842105274,10.891858469357171,9909967,307.8965001598898
1,0.022368421052631583,12.913744207537528,2389312,382.1426963075573
2,0.04394736842105264,13.693455620749425,1328346,427.16988871875225
3,0.0655263157894737,14.293804331042749,757739,466.7896927570048
4,0.08710526315789476,14.804690122331243,461779,484.0456733632329
5,0.1086842105263158,15.199782546877831,298915,513.5380325510571
6,0.13026315789473686,15.579821717990294,204844,534.4571039425115
7,0.1518421052631579,15.913958064735002,147370,552.1818009092752
8,0.17342105263157898,16.113605348720043,109185,589.2387965379842
9,0.195,16.414108472172966,84630,590.2201110717234
10,0.2165789473684211,16.46931167620814,67599,643.4130830337726
11,0.23815789473684212,16.527357413414986,55177,593.1540315711259
12,0.25973684210526315,16.733740551942354,45512,608.3287045174909
13,0.28131578947368424,16.596517850012035,37563,599.7939727923756
14,0.3028947368421053,16.687334618274484,30611,596.4443500702343
15,0.32447368421052636,16.886811269010256,24066,610.6858638743474
16,0.3460526315789474,17.09083469721763,18330,611.623076923075
17,0.3676315789473684,17.25998162674008,14151,644.0921489647362
18,0.3892105263157895,17.33006782215521,10616,647.6740768651096
19,0.7,17.486949348940517,50917,670.7283814835932
