,voc_bin,rtmean,rtcount,rt_squaredmean
0,0.0007894736842105274,15.558922771847898,221383,664.5394858683802
1,0.022368421052631583,19.044234007496108,55229,876.3986311539194
2,0.04394736842105264,20.10447615324466,30696,940.7360242376798
3,0.0655263157894737,20.822043952319127,17701,971.6902434890702
4,0.08710526315789476,21.97574984045943,10969,1118.3422372139678
5,0.1086842105263158,22.174508972728454,7077,1075.5067118835625
6,0.13026315789473686,23.738071668976364,5051,1300.7739061571967
7,0.1518421052631579,24.05824972129311,3588,1323.9729654403552
8,0.17342105263157898,23.65187087307412,2726,1218.172780630961
9,0.195,23.4590846047157,2163,1266.9699491447084
10,0.2165789473684211,24.65029940119754,1670,1383.0035928143695
11,0.23815789473684212,24.683295540438362,1323,1323.132275132275
12,0.25973684210526315,24.61596638655464,1190,1268.268067226891
13,0.28131578947368424,24.21149897330596,974,1295.4517453798778
14,0.3028947368421053,24.459143968871615,771,1272.225680933852
15,0.32447368421052636,26.58756137479542,611,1724.6628477905087
16,0.3460526315789474,22.985858585858555,495,1039.442424242425
17,0.3676315789473684,26.073846153846148,325,1613.9569230769214
18,0.3892105263157895,24.92748091603055,262,1304.7290076335883
19,0.7,23.934959349593456,1107,1215.510388437216
