,voc_bin,elo_bin,rtmean,rtcount,rt_squaredmean
0,0.0007894736842105274,625.0,11.316645983585415,1668030,311.8200721809573
1,0.0007894736842105274,1387.5,10.868453265396093,2864997,308.7800657382873
2,0.0007894736842105274,1662.5,10.550394132245676,2721041,289.3011560649044
3,0.0007894736842105274,2400.0,10.500170926215974,1763919,310.1573093775844
4,0.022368421052631583,625.0,13.27755295972442,370423,382.8961295599881
5,0.022368421052631583,1387.5,12.84525445840957,686792,371.34714149262084
6,0.022368421052631583,1662.5,12.497915714644648,680569,362.36307266419675
7,0.022368421052631583,2400.0,12.716908431550346,454436,396.78736939855224
8,0.04394736842105264,625.0,13.88676540373136,200195,403.45238892080073
9,0.04394736842105264,1387.5,13.538764901911799,376294,411.20137445720644
10,0.04394736842105264,1662.5,13.32762031706712,381118,404.1315235701276
11,0.04394736842105264,2400.0,13.797705657341547,258549,460.69861805692534
12,0.0655263157894737,625.0,14.259015506671512,110920,420.4833393436716
13,0.0655263157894737,1387.5,14.097084435240511,214401,444.5686867132152
14,0.0655263157894737,1662.5,13.978731101975836,221121,439.75166085536966
15,0.0655263157894737,2400.0,14.589188729371452,152822,514.5944235777566
16,0.08710526315789476,625.0,14.742363837095173,65216,450.1526925907756
17,0.08710526315789476,1387.5,14.536258104592878,128785,460.3165586054278
18,0.08710526315789476,1662.5,14.513382299854888,135739,474.08220187271274
19,0.08710526315789476,2400.0,15.203393176245706,96252,551.3137908822677
20,0.1086842105263158,625.0,15.028059672434344,41091,463.39850575551753
21,0.1086842105263158,1387.5,14.903121947690195,82929,483.46487959579866
22,0.1086842105263158,1662.5,14.863502219018212,88778,715.4854355808867
23,0.1086842105263158,2400.0,15.868768852815844,64314,597.8922163137106
24,0.13026315789473686,625.0,15.434648916543072,27643,498.41970842528093
25,0.13026315789473686,1387.5,15.232579314777468,56011,490.0816982378459
26,0.13026315789473686,1662.5,15.325846930083209,61044,536.8974674005628
27,0.13026315789473686,2400.0,16.13546002983017,44921,612.0730393357242
28,0.1518421052631579,625.0,15.716005665722367,19768,502.5289356535821
29,0.1518421052631579,1387.5,15.603195000881888,39687,524.7743593620083
30,0.1518421052631579,1662.5,15.578412524031862,43692,529.9569257529995
31,0.1518421052631579,2400.0,16.436789110572416,32178,629.4055255143262
32,0.17342105263157898,625.0,15.754511880705214,14351,508.78259354748775
33,0.17342105263157898,1387.5,15.644184539843817,29327,528.6404678282801
34,0.17342105263157898,1662.5,15.929541595925311,32984,565.7278680572397
35,0.17342105263157898,2400.0,16.82739448051956,24640,680.0701704545437
36,0.195,625.0,15.857979634135342,11097,494.8131927547977
37,0.195,1387.5,16.043051128673053,22903,536.879011483214
38,0.195,1662.5,16.22781205505458,25284,589.5908875177984
39,0.195,2400.0,17.329023441606157,19026,713.5438873120991
40,0.2165789473684211,625.0,16.28014184397161,8742,543.7145962022415
41,0.2165789473684211,1387.5,16.037959995579648,18098,530.2039451873136
42,0.2165789473684211,1662.5,16.316156470995473,20221,591.1834726274654
43,0.2165789473684211,2400.0,17.20090308225897,15281,698.2276683463145
44,0.23815789473684212,625.0,16.466282663669496,7118,553.8694858106201
45,0.23815789473684212,1387.5,16.05158217080637,14695,542.5004423273215
46,0.23815789473684212,1662.5,16.21603837402369,16261,582.316032224341
47,0.23815789473684212,2400.0,17.383946911044365,12658,700.5530099541774
48,0.25973684210526315,625.0,16.013952696954256,5877,505.200272247745
49,0.25973684210526315,1387.5,16.27897641746116,11958,544.8912861682563
50,0.25973684210526315,1662.5,16.48734791371197,13397,579.3345525117525
51,0.25973684210526315,2400.0,17.128360469519123,10564,677.1048845134429
52,0.28131578947368424,625.0,16.435514815604428,4691,522.1703261564707
53,0.28131578947368424,1387.5,16.32130721567061,10006,566.9401359184491
54,0.28131578947368424,1662.5,16.58404104741687,11304,594.481245576786
55,0.28131578947368424,2400.0,17.487595747113378,8747,726.5181204984555
56,0.3028947368421053,625.0,16.638874809934165,3946,551.5228079067401
57,0.3028947368421053,1387.5,16.380987746008138,8079,577.7529397202625
58,0.3028947368421053,1662.5,16.325847549125488,9262,578.2658173180743
59,0.3028947368421053,2400.0,17.040708211348118,7173,676.473860309497
60,0.32447368421052636,625.0,16.795121951219507,3075,579.7226016260136
61,0.32447368421052636,1387.5,16.505596720794568,6343,611.3301276998264
62,0.32447368421052636,1662.5,16.978970979952276,7133,617.7393803448755
63,0.32447368421052636,2400.0,17.436840189297392,5494,762.4244630505995
64,0.3460526315789474,625.0,16.987389659520836,2379,547.056326187474
65,0.3460526315789474,1387.5,17.177630213737263,4819,645.6710935878808
66,0.3460526315789474,1662.5,17.02564102564102,5616,633.9985754985765
67,0.3460526315789474,2400.0,17.44885823025686,4204,758.9288772597532
68,0.3676315789473684,625.0,16.508355795148226,1855,547.5412398921831
69,0.3676315789473684,1387.5,16.94007490636702,3738,610.6345639379335
70,0.3676315789473684,1662.5,17.40315151515147,4125,703.387151515151
71,0.3676315789473684,2400.0,17.77672571777644,3274,746.2251069028695
72,0.3892105263157895,625.0,16.90927284856574,1499,595.5630420280178
73,0.3892105263157895,1387.5,17.491780821917732,2920,645.0938356164397
74,0.3892105263157895,1662.5,17.60420650095603,3138,750.1191841937533
75,0.3892105263157895,2400.0,18.081025217031854,2419,794.3414634146327
76,0.7,625.0,16.41456029489209,7596,549.6665350184319
77,0.7,1387.5,17.292031617175862,14043,638.1015452538644
78,0.7,1662.5,18.179991855572194,14734,756.0809013166809
79,0.7,2400.0,18.187254718744136,10702,797.6953840403671
