,voc_bin,U_bin,clock_bin,rtmean,rtcount,rt_squaredmean
0,0.0007894736842105274,0.1,30.0,1.620985360721713,1823109,5.068276773358034
1,0.0007894736842105274,0.30000000000000004,30.0,1.742327584293361,901020,5.685485338838207
2,0.0007894736842105274,0.5,30.0,1.3496431709649959,4524856,3.6979729299672686
3,0.0007894736842105274,0.7000000000000001,30.0,1.7662186796584494,1243042,5.296080100270134
4,0.0007894736842105274,0.9,30.0,1.6269910260714069,2380117,4.412266707897143
5,0.022368421052631583,0.1,30.0,1.8493003392294682,528256,6.2291313302641
6,0.022368421052631583,0.30000000000000004,30.0,1.8256099663764136,231980,5.932438141219097
7,0.022368421052631583,0.5,30.0,1.5026587087320598,1035277,4.2686971699361544
8,0.022368421052631583,0.7000000000000001,30.0,1.851624610768152,238611,5.627670140940691
9,0.022368421052631583,0.9,30.0,1.8041107615434449,432280,5.168457943925219
10,0.04394736842105264,0.1,30.0,1.9098807164782206,257370,6.736519407856394
11,0.04394736842105264,0.30000000000000004,30.0,1.8864843782317582,169219,6.303458831455122
12,0.04394736842105264,0.5,30.0,1.7141727168788354,417203,5.25206673969268
13,0.04394736842105264,0.7000000000000001,30.0,1.9284120454171472,151925,6.061332894520322
14,0.04394736842105264,0.9,30.0,1.785431312967857,166851,5.164733804412329
15,0.0655263157894737,0.1,30.0,1.9752275419238192,128328,7.262148556823127
16,0.0655263157894737,0.30000000000000004,30.0,1.9441807101703579,120281,6.768350778593463
17,0.0655263157894737,0.5,30.0,1.867999498752105,191522,6.058149977548277
18,0.0655263157894737,0.7000000000000001,30.0,1.981731187472812,94259,6.410655746400865
19,0.0655263157894737,0.9,30.0,1.8191907441758075,63614,5.42525230295219
20,0.08710526315789476,0.1,30.0,2.009149010681143,68532,7.582078445105926
21,0.08710526315789476,0.30000000000000004,30.0,2.0044576523031226,86144,7.117454494799408
22,0.08710526315789476,0.5,30.0,1.9602780536246254,101707,6.6115016665519715
23,0.08710526315789476,0.7000000000000001,30.0,2.026835180055401,57760,6.743455678670364
24,0.08710526315789476,0.9,30.0,1.7539632681719064,27061,5.098776837515238
25,0.1086842105263158,0.1,30.0,2.0786927706254263,39381,8.155481069551303
26,0.1086842105263158,0.30000000000000004,30.0,2.006036434192093,64939,7.153205315757859
27,0.1086842105263158,0.5,30.0,2.0340336059585575,56121,7.063202722688475
28,0.1086842105263158,0.7000000000000001,30.0,2.0732746459003453,35442,7.117854522882457
29,0.1086842105263158,0.9,30.0,1.6493035987440612,12421,4.676274052008701
30,0.13026315789473686,0.1,30.0,2.1145204826929125,25192,8.486225785963782
31,0.13026315789473686,0.30000000000000004,30.0,2.056130756063965,47906,7.47733060576965
32,0.13026315789473686,0.5,30.0,2.096349770041338,34354,7.391977644524657
33,0.13026315789473686,0.7000000000000001,30.0,2.0758340847610453,22180,7.073219116321012
34,0.13026315789473686,0.9,30.0,1.6230483271375449,6725,4.727286245353172
35,0.1518421052631579,0.1,30.0,2.171399479579154,17678,8.778821133612363
36,0.1518421052631579,0.30000000000000004,30.0,2.072231956140834,35386,7.504436782908484
37,0.1518421052631579,0.5,30.0,2.145496636673363,22894,7.88988381235256
38,0.1518421052631579,0.7000000000000001,30.0,2.1054365733113736,14568,7.393602416254804
39,0.1518421052631579,0.9,30.0,1.5248246844319766,3565,4.742776998597483
40,0.17342105263157898,0.1,30.0,2.2242410813206304,13539,9.040254080803638
41,0.17342105263157898,0.30000000000000004,30.0,2.117296814528134,26872,7.94380768085738
42,0.17342105263157898,0.5,30.0,2.1678503056876375,16193,7.947755202865428
43,0.17342105263157898,0.7000000000000001,30.0,2.1001605780811006,9964,7.327579285427538
44,0.17342105263157898,0.9,30.0,1.4349315068493145,1460,4.130821917808215
45,0.195,0.1,30.0,2.259815758876669,11181,9.444325194526426
46,0.195,0.30000000000000004,30.0,2.1486571497701434,20665,8.20120977498185
47,0.195,0.5,30.0,2.1860148811904896,12499,8.091127290183227
48,0.195,0.7000000000000001,30.0,2.068862275449105,6680,7.0137724550898195
49,0.195,0.9,30.0,1.1261467889908252,436,2.3142201834862393
50,0.2165789473684211,0.1,30.0,2.263521288837743,9559,9.448164033894725
51,0.2165789473684211,0.30000000000000004,30.0,2.1625552282768763,16296,8.218888070692168
52,0.2165789473684211,0.5,30.0,2.1575810863618607,10236,7.755080109417732
53,0.2165789473684211,0.7000000000000001,30.0,2.0316622691292827,4169,7.193091868553591
54,0.2165789473684211,0.9,30.0,0.0,0,0.0
55,0.23815789473684212,0.1,30.0,2.287154548689365,8431,9.687700154192884
56,0.23815789473684212,0.30000000000000004,30.0,2.1895793130065675,12955,8.444770358934743
57,0.23815789473684212,0.5,30.0,2.174973236588556,8407,7.8471511835375365
58,0.23815789473684212,0.7000000000000001,30.0,2.0572119258662314,2482,7.188557614826756
59,0.23815789473684212,0.9,30.0,0.0,0,0.0
60,0.25973684210526315,0.1,30.0,2.197755960729308,7843,8.814101746780572
61,0.25973684210526315,0.30000000000000004,30.0,2.150720117420417,10901,7.9944041831024455
62,0.25973684210526315,0.5,30.0,2.1824257073795033,7033,8.064695009242156
63,0.25973684210526315,0.7000000000000001,30.0,2.089950808151799,1423,7.640196767392818
64,0.25973684210526315,0.9,30.0,0.0,0,0.0
65,0.28131578947368424,0.1,30.0,2.248605349735373,6991,9.421828064654523
66,0.28131578947368424,0.30000000000000004,30.0,2.2258991008990954,8008,8.876248751248747
67,0.28131578947368424,0.5,30.0,2.2140959801664626,5647,8.25092969718436
68,0.28131578947368424,0.7000000000000001,30.0,1.9095744680851048,752,6.521276595744677
69,0.28131578947368424,0.9,30.0,0.0,0,0.0
70,0.3028947368421053,0.1,30.0,2.2115118956254736,6515,8.773292402148867
71,0.3028947368421053,0.30000000000000004,30.0,2.2406389556853292,5822,8.664891789763022
72,0.3028947368421053,0.5,30.0,2.1672760511883045,4376,7.9876599634369185
73,0.3028947368421053,0.7000000000000001,30.0,2.0019762845849787,506,7.741106719367594
74,0.3028947368421053,0.9,30.0,0.0,0,0.0
75,0.32447368421052636,0.1,30.0,2.197130712008502,5646,9.185441020191295
76,0.32447368421052636,0.30000000000000004,30.0,2.342118730808599,3908,9.636386898669414
77,0.32447368421052636,0.5,30.0,2.251605013757265,3271,9.280036686028778
78,0.32447368421052636,0.7000000000000001,30.0,1.8160919540229872,348,5.988505747126432
79,0.32447368421052636,0.9,30.0,0.0,0,0.0
80,0.3460526315789474,0.1,30.0,2.2244989867147056,4441,9.503940553929295
81,0.3460526315789474,0.30000000000000004,30.0,2.31488964874106,3217,9.272303388249933
82,0.3460526315789474,0.5,30.0,2.2308652246256306,2404,8.408901830282861
83,0.3460526315789474,0.7000000000000001,30.0,1.9224806201550388,258,7.279069767441859
84,0.3460526315789474,0.9,30.0,0.0,0,0.0
85,0.3676315789473684,0.1,30.0,2.313535479837437,3199,9.693966864645155
86,0.3676315789473684,0.30000000000000004,30.0,2.4069282136894774,2396,9.63647746243739
87,0.3676315789473684,0.5,30.0,2.186214563646462,1799,8.047248471372962
88,0.3676315789473684,0.7000000000000001,30.0,1.960784313725492,153,8.326797385620917
89,0.3676315789473684,0.9,30.0,0.0,0,0.0
90,0.3892105263157895,0.1,30.0,2.2270723104056476,2268,9.126543209876552
91,0.3892105263157895,0.30000000000000004,30.0,2.365463917525778,1940,9.687113402061852
92,0.3892105263157895,0.5,30.0,2.282352941176469,1275,9.190588235294118
93,0.3892105263157895,0.7000000000000001,30.0,1.5652173913043477,23,5.478260869565215
94,0.3892105263157895,0.9,30.0,0.0,0,0.0
95,0.7,0.1,30.0,2.4244622959315967,11577,10.960006910253092
96,0.7,0.30000000000000004,30.0,2.296073135258688,9626,9.104924163723242
97,0.7,0.5,30.0,2.006878306878309,3780,7.547089947089954
98,0.7,0.7000000000000001,30.0,0.0,0,0.0
99,0.7,0.9,30.0,0.0,0,0.0
