,voc_bin,U_bin,clock_bin,rtmean,rtcount,rt_squaredmean
0,0.0007894736842105274,0.1,30.0,1.6315257112330874,1879412,5.1303412982358365
1,0.0007894736842105274,0.30000000000000004,30.0,1.7446622743467672,908252,5.723434685527814
2,0.0007894736842105274,0.5,30.0,1.35901244718551,4529297,3.7547497989202223
3,0.0007894736842105274,0.7000000000000001,30.0,1.7736698973296083,1252065,5.4221753662948675
4,0.0007894736842105274,0.9,30.0,1.640558198411564,2448950,4.554519692112968
5,0.022368421052631583,0.1,30.0,1.8586594173769797,534857,6.307489665461971
6,0.022368421052631583,0.30000000000000004,30.0,1.8388510790529662,232009,6.113788689231897
7,0.022368421052631583,0.5,30.0,1.510060042610889,1032600,4.338227774549698
8,0.022368421052631583,0.7000000000000001,30.0,1.8565172667156553,238175,5.698843287498697
9,0.022368421052631583,0.9,30.0,1.8233833224067526,439296,5.356372468677137
10,0.04394736842105264,0.1,30.0,1.9107522507656083,260578,6.709399872590942
11,0.04394736842105264,0.30000000000000004,30.0,1.9035052080573236,169833,6.471898865355958
12,0.04394736842105264,0.5,30.0,1.72676204981831,416915,5.3765419809793595
13,0.04394736842105264,0.7000000000000001,30.0,1.9391423898666242,153473,6.178220273272837
14,0.04394736842105264,0.9,30.0,1.8111235382642434,170773,5.377823192190797
15,0.0655263157894737,0.1,30.0,1.9798442652135486,129194,7.271916652476113
16,0.0655263157894737,0.30000000000000004,30.0,1.93877805693749,120202,6.663757674581142
17,0.0655263157894737,0.5,30.0,1.8681916302545518,191786,6.119575985734087
18,0.0655263157894737,0.7000000000000001,30.0,1.9888198097667285,94095,6.521239173176035
19,0.0655263157894737,0.9,30.0,1.8172056282399431,64816,5.413848432485804
20,0.08710526315789476,0.1,30.0,2.002804661842067,68814,7.559290260702757
21,0.08710526315789476,0.30000000000000004,30.0,1.9916239838353487,85124,6.984363986654743
22,0.08710526315789476,0.5,30.0,1.9582140925406948,101685,6.623582632640004
23,0.08710526315789476,0.7000000000000001,30.0,2.026486523794732,57954,6.788815267280946
24,0.08710526315789476,0.9,30.0,1.7789213368731092,27497,5.387242244608537
25,0.1086842105263158,0.1,30.0,2.0708555470931618,39390,8.11528306676823
26,0.1086842105263158,0.30000000000000004,30.0,2.0145108561559444,64848,7.229505921539589
27,0.1086842105263158,0.5,30.0,2.041766597381375,56289,7.084243813178418
28,0.1086842105263158,0.7000000000000001,30.0,2.0554224253232296,35888,6.931871377619279
29,0.1086842105263158,0.9,30.0,1.6750410894576178,12777,4.942161696798941
30,0.13026315789473686,0.1,30.0,2.109817632802248,25169,8.444912392228538
31,0.13026315789473686,0.30000000000000004,30.0,2.0541430969105505,48261,7.34980626178488
32,0.13026315789473686,0.5,30.0,2.093657859744464,34594,7.453604671330292
33,0.13026315789473686,0.7000000000000001,30.0,2.0792747955919,22504,7.197742623533609
34,0.13026315789473686,0.9,30.0,1.6095971563981049,6752,4.810130331753563
35,0.1518421052631579,0.1,30.0,2.1933788166871864,17882,8.933005256682737
36,0.1518421052631579,0.30000000000000004,30.0,2.085604947172849,36061,7.6418013920856485
37,0.1518421052631579,0.5,30.0,2.1454417705954723,22772,7.858949587212374
38,0.1518421052631579,0.7000000000000001,30.0,2.1094544694488877,14353,7.286072598063113
39,0.1518421052631579,0.9,30.0,1.5283320031923395,3759,4.304602287842514
40,0.17342105263157898,0.1,30.0,2.2227617155889026,13593,9.275068049731463
41,0.17342105263157898,0.30000000000000004,30.0,2.0929939609499533,26991,7.699084880145248
42,0.17342105263157898,0.5,30.0,2.1423741316776326,16267,7.850863711809195
43,0.17342105263157898,0.7000000000000001,30.0,2.1137771658963502,10169,7.510374668108971
44,0.17342105263157898,0.9,30.0,1.397459165154261,1653,3.7749546279491706
45,0.195,0.1,30.0,2.2344130650545857,11083,9.28448975909049
46,0.195,0.30000000000000004,30.0,2.1298206710374035,20744,8.155852294639402
47,0.195,0.5,30.0,2.1662675606641146,12528,7.890405491698592
48,0.195,0.7000000000000001,30.0,2.0883439208154857,6769,7.339341113901591
49,0.195,0.9,30.0,1.1460000000000004,500,2.489999999999999
50,0.2165789473684211,0.1,30.0,2.3095635832115207,9578,9.569951973272037
51,0.2165789473684211,0.30000000000000004,30.0,2.141192100972278,16559,8.052056283591986
52,0.2165789473684211,0.5,30.0,2.2078364565587747,10566,8.48343744084797
53,0.2165789473684211,0.7000000000000001,30.0,2.103296193129057,4308,7.931987000928489
54,0.2165789473684211,0.9,30.0,3.5,4,19.5
55,0.23815789473684212,0.1,30.0,2.224640224640225,8547,9.098865098865101
56,0.23815789473684212,0.30000000000000004,30.0,2.1695580027153327,13258,8.269874792578076
57,0.23815789473684212,0.5,30.0,2.1798006171374285,8426,8.060882981248481
58,0.23815789473684212,0.7000000000000001,30.0,2.069812792511702,2564,7.79836193447738
59,0.23815789473684212,0.9,30.0,2.333333333333333,3,8.333333333333332
60,0.25973684210526315,0.1,30.0,2.1906688582627383,7909,8.728537109621932
61,0.25973684210526315,0.30000000000000004,30.0,2.155415430267059,10784,8.286164688427291
62,0.25973684210526315,0.5,30.0,2.216804833497256,7117,8.205283124912192
63,0.25973684210526315,0.7000000000000001,30.0,2.061998541210794,1371,7.580598103574023
64,0.25973684210526315,0.9,30.0,1.5,2,2.5
65,0.28131578947368424,0.1,30.0,2.223919308357351,6940,9.230259365994261
66,0.28131578947368424,0.30000000000000004,30.0,2.254171704957677,8270,9.02103990326485
67,0.28131578947368424,0.5,30.0,2.22782608695653,5750,8.691130434782588
68,0.28131578947368424,0.7000000000000001,30.0,1.9769526248399516,781,6.875800256081947
69,0.28131578947368424,0.9,30.0,1.25,4,2.75
70,0.3028947368421053,0.1,30.0,2.1938633193863253,6453,8.671160700449372
71,0.3028947368421053,0.30000000000000004,30.0,2.2562574493444623,5873,8.729610080027262
72,0.3028947368421053,0.5,30.0,2.2400000000000064,4375,8.619885714285664
73,0.3028947368421053,0.7000000000000001,30.0,1.9392033542976954,477,7.784067085953878
74,0.3028947368421053,0.9,30.0,5.0,1,25.0
75,0.32447368421052636,0.1,30.0,2.213221442027742,5839,9.080150710738158
76,0.32447368421052636,0.30000000000000004,30.0,2.3249630723781367,4062,9.322501230920734
77,0.32447368421052636,0.5,30.0,2.274414359598419,3287,9.40797079403712
78,0.32447368421052636,0.7000000000000001,30.0,1.9050131926121368,379,7.329815303430077
79,0.32447368421052636,0.9,30.0,3.0,2,10.0
80,0.3460526315789474,0.1,30.0,2.2263194284397394,4339,8.823231159253293
81,0.3460526315789474,0.30000000000000004,30.0,2.2816365366317832,3153,8.859498889946058
82,0.3460526315789474,0.5,30.0,2.227791361043199,2454,8.694784026079873
83,0.3460526315789474,0.7000000000000001,30.0,1.715328467153284,274,5.60583941605839
84,0.3460526315789474,0.9,30.0,1.0,1,1.0
85,0.3676315789473684,0.1,30.0,2.2413358538122203,3174,9.133585381222435
86,0.3676315789473684,0.30000000000000004,30.0,2.382731423827312,2409,9.99003735990039
87,0.3676315789473684,0.5,30.0,2.2255176273083346,1787,8.27700055959707
88,0.3676315789473684,0.7000000000000001,30.0,2.1571428571428553,140,8.428571428571429
89,0.3676315789473684,0.9,30.0,0.0,1,0.0
90,0.3892105263157895,0.1,30.0,2.2835097001763622,2268,9.950176366843033
91,0.3892105263157895,0.30000000000000004,30.0,2.3336658354114728,2005,9.505735660847906
92,0.3892105263157895,0.5,30.0,2.2958860759493596,1264,8.867088607594932
93,0.3892105263157895,0.7000000000000001,30.0,1.310344827586207,29,3.034482758620689
94,0.3892105263157895,0.9,30.0,0.0,0,0.0
95,0.7,0.1,30.0,2.4290339069688156,11738,11.120122678480184
96,0.7,0.30000000000000004,30.0,2.341183574879232,9936,9.94243156199681
97,0.7,0.5,30.0,1.8839735099337716,3775,6.680794701986751
98,0.7,0.7000000000000001,30.0,3.3333333333333335,3,12.0
99,0.7,0.9,30.0,2.0,2,5.0
