,voc_bin,elo_bin,rtmean,rtcount,rt_squaredmean
0,0.0007894736842105274,625.0,19.72872340425532,188,829.1010638297873
1,0.0007894736842105274,1387.5,27.741935483870968,868,2550.0483870967755
2,0.0007894736842105274,1662.5,37.76002546148949,1571,6523.824952259704
3,0.0007894736842105274,2400.0,39.99183673469387,980,3841.261224489797
4,0.022368421052631583,625.0,20.355555555555554,45,723.3333333333333
5,0.022368421052631583,1387.5,29.492462311557787,199,1634.2361809045217
6,0.022368421052631583,1662.5,42.32098765432099,405,16606.098765432103
7,0.022368421052631583,2400.0,48.539792387543265,289,5085.702422145328
8,0.04394736842105264,625.0,27.333333333333332,27,1318.0000000000002
9,0.04394736842105264,1387.5,31.226415094339615,106,2318.6981132075466
10,0.04394736842105264,1662.5,52.34328358208956,201,5342.761194029849
11,0.04394736842105264,2400.0,60.05223880597015,134,11226.57462686567
12,0.0655263157894737,625.0,19.2,15,727.3333333333333
13,0.0655263157894737,1387.5,34.261538461538464,65,3806.4153846153836
14,0.0655263157894737,1662.5,52.84677419354839,124,7100.991935483872
15,0.0655263157894737,2400.0,61.743902439024396,82,11692.89024390244
16,0.08710526315789476,625.0,22.0,9,854.4444444444445
17,0.08710526315789476,1387.5,58.36363636363637,33,10202.66666666667
18,0.08710526315789476,1662.5,50.253164556962034,79,5994.101265822786
19,0.08710526315789476,2400.0,56.55263157894737,76,6039.052631578949
20,0.1086842105263158,625.0,24.833333333333332,6,1092.1666666666667
21,0.1086842105263158,1387.5,34.06666666666666,30,3900.133333333332
22,0.1086842105263158,1662.5,60.19148936170209,47,6802.617021276597
23,0.1086842105263158,2400.0,65.51515151515154,33,10574.303030303025
24,0.13026315789473686,625.0,41.99999999999999,3,2022.6666666666665
25,0.13026315789473686,1387.5,38.23076923076922,26,3049.153846153845
26,0.13026315789473686,1662.5,57.388888888888886,36,6530.944444444443
27,0.13026315789473686,2400.0,66.79999999999995,30,12390.0
28,0.1518421052631579,625.0,24.0,1,576.0
29,0.1518421052631579,1387.5,46.78571428571429,14,6035.928571428572
30,0.1518421052631579,1662.5,47.33333333333335,21,4394.857142857143
31,0.1518421052631579,2400.0,66.71428571428571,21,7291.190476190477
32,0.17342105263157898,625.0,0.0,0,0.0
33,0.17342105263157898,1387.5,29.125,8,1025.625
34,0.17342105263157898,1662.5,57.35714285714286,14,4694.0714285714275
35,0.17342105263157898,2400.0,64.57142857142857,14,6464.571428571428
36,0.195,625.0,43.0,2,2249.0
37,0.195,1387.5,36.5,4,2903.5
38,0.195,1662.5,44.0,19,3424.526315789473
39,0.195,2400.0,76.16666666666667,6,13178.500000000002
40,0.2165789473684211,625.0,24.0,1,576.0
41,0.2165789473684211,1387.5,31.66666666666667,6,2116.666666666667
42,0.2165789473684211,1662.5,84.73333333333335,15,15100.2
43,0.2165789473684211,2400.0,36.00000000000001,6,1400.0000000000002
44,0.23815789473684212,625.0,0.0,0,0.0
45,0.23815789473684212,1387.5,51.99999999999999,3,2914.6666666666665
46,0.23815789473684212,1662.5,70.57142857142857,7,9444.857142857141
47,0.23815789473684212,2400.0,48.5,6,3747.833333333333
48,0.25973684210526315,625.0,0.0,0,0.0
49,0.25973684210526315,1387.5,16.0,1,256.0
50,0.25973684210526315,1662.5,57.45454545454545,11,5098.545454545454
51,0.25973684210526315,2400.0,68.2,10,10869.200000000004
52,0.28131578947368424,625.0,0.0,0,0.0
53,0.28131578947368424,1387.5,0.0,0,0.0
54,0.28131578947368424,1662.5,82.3,10,10023.699999999999
55,0.28131578947368424,2400.0,60.6,5,7955.0
56,0.3028947368421053,625.0,56.5,2,4314.5
57,0.3028947368421053,1387.5,37.0,1,1369.0
58,0.3028947368421053,1662.5,44.666666666666664,3,2808.6666666666665
59,0.3028947368421053,2400.0,130.66666666666666,3,25136.666666666664
60,0.32447368421052636,625.0,0.0,0,0.0
61,0.32447368421052636,1387.5,16.0,2,305.0
62,0.32447368421052636,1662.5,80.14285714285714,7,25329.571428571428
63,0.32447368421052636,2400.0,27.166666666666668,6,1447.1666666666667
64,0.3460526315789474,625.0,0.0,0,0.0
65,0.3460526315789474,1387.5,16.0,2,257.0
66,0.3460526315789474,1662.5,50.166666666666664,6,3797.833333333333
67,0.3460526315789474,2400.0,32.0,2,1385.0
68,0.3676315789473684,625.0,27.0,1,729.0
69,0.3676315789473684,1387.5,0.0,0,0.0
70,0.3676315789473684,1662.5,0.0,0,0.0
71,0.3676315789473684,2400.0,54.0,1,2916.0
72,0.3892105263157895,625.0,0.0,0,0.0
73,0.3892105263157895,1387.5,0.0,0,0.0
74,0.3892105263157895,1662.5,115.5,2,15992.5
75,0.3892105263157895,2400.0,22.0,2,680.0
76,0.7,625.0,0.0,0,0.0
77,0.7,1387.5,0.0,0,0.0
78,0.7,1662.5,42.285714285714285,7,2380.8571428571427
79,0.7,2400.0,81.0,1,6561.0
