,voc_bin,elo_bin,rtmean,rtcount,rt_squaredmean
0,0.0007894736842105274,625.0,6.366043106999221,900689,86.49812199327388
1,0.0007894736842105274,1387.5,6.232444364837852,1049606,86.73762059287004
2,0.0007894736842105274,1662.5,6.207145886433391,952604,91.24757611767326
3,0.0007894736842105274,2400.0,6.083405661878516,829548,92.94623457593782
4,0.022368421052631583,625.0,7.3302037515533085,202796,104.67293240497855
5,0.022368421052631583,1387.5,7.217104872457777,252583,108.44480428215681
6,0.022368421052631583,1662.5,7.2807470391739875,237096,113.26275432736105
7,0.022368421052631583,2400.0,7.379175200974197,214331,121.63152320476252
8,0.04394736842105264,625.0,7.723316385528872,108962,115.70488794258507
9,0.04394736842105264,1387.5,7.636857931969491,138673,118.24897420550519
10,0.04394736842105264,1662.5,7.796327262319048,132762,128.0651993793408
11,0.04394736842105264,2400.0,8.01607462929769,122740,141.71061593612544
12,0.0655263157894737,625.0,7.970535387482144,60106,123.54092769440682
13,0.0655263157894737,1387.5,7.962196471501078,78617,126.29024256840155
14,0.0655263157894737,1662.5,8.220583453639774,76887,140.67085463082276
15,0.0655263157894737,2400.0,8.434292917528714,72983,156.32884370332826
16,0.08710526315789476,625.0,8.08868269365949,35565,124.5887248699564
17,0.08710526315789476,1387.5,8.190019793728517,47995,134.23885821439737
18,0.08710526315789476,1662.5,8.540340011638557,48116,153.9188003990366
19,0.08710526315789476,2400.0,8.663336684707051,46747,163.03118916722022
20,0.1086842105263158,625.0,8.409635323560968,22376,133.8030032177334
21,0.1086842105263158,1387.5,8.333841611783372,30823,149.5945235700616
22,0.1086842105263158,1662.5,8.786902811042449,31732,160.2137904953979
23,0.1086842105263158,2400.0,8.98651861119801,31970,176.0977478886459
24,0.13026315789473686,625.0,8.427395805680927,15068,135.58375365012057
25,0.13026315789473686,1387.5,8.641494247431464,21121,148.7199943184511
26,0.13026315789473686,1662.5,9.032667144649531,22316,169.26191969886983
27,0.13026315789473686,2400.0,9.207943820727298,22357,181.57883436954882
28,0.1518421052631579,625.0,8.633889626398666,10546,140.72795372653192
29,0.1518421052631579,1387.5,8.816944629753156,14990,153.51087391594405
30,0.1518421052631579,1662.5,9.13151073808935,16204,174.38305356701972
31,0.1518421052631579,2400.0,9.294202986157337,16543,186.18327993713314
32,0.17342105263157898,625.0,8.692812138356722,7777,141.6456217050282
33,0.17342105263157898,1387.5,9.048377111523859,11307,162.76218271867
34,0.17342105263157898,1662.5,9.289369428854414,12116,181.7284582370426
35,0.17342105263157898,2400.0,9.549369325941997,12447,197.1593958383548
36,0.195,625.0,8.717097581317741,5995,141.57781484570484
37,0.195,1387.5,9.10862508694646,8626,165.4552515650365
38,0.195,1662.5,9.612304058406705,9314,193.43214515782748
39,0.195,2400.0,9.675520459440053,9751,202.8829863603728
40,0.2165789473684211,625.0,8.841416309012892,4660,145.15686695278916
41,0.2165789473684211,1387.5,8.993324626324187,6891,154.5373675809026
42,0.2165789473684211,1662.5,9.543609729875032,7441,188.6418492138151
43,0.2165789473684211,2400.0,9.33913259599849,8047,184.5763638623088
44,0.23815789473684212,625.0,8.827745072946001,3907,144.32966470437617
45,0.23815789473684212,1387.5,9.071027360029008,5519,164.63652835658564
46,0.23815789473684212,1662.5,9.649813644466091,6171,202.41176470588303
47,0.23815789473684212,2400.0,9.789401133404816,6529,202.51110430387533
48,0.25973684210526315,625.0,8.975665152498369,3082,157.98085658663203
49,0.25973684210526315,1387.5,9.01122168113487,4723,158.81346601736254
50,0.25973684210526315,1662.5,9.751986049215335,5161,195.01453206742912
51,0.25973684210526315,2400.0,10.020493289807748,5514,214.78436706565063
52,0.28131578947368424,625.0,9.159312768449833,2561,154.96876220226454
53,0.28131578947368424,1387.5,9.443556701030976,3880,185.8260309278342
54,0.28131578947368424,1662.5,9.290337494220976,4326,172.11742949607023
55,0.28131578947368424,2400.0,9.551006559601909,4421,195.8382718841882
56,0.3028947368421053,625.0,9.313986679353002,2102,167.5889628924832
57,0.3028947368421053,1387.5,9.282118339326551,3059,164.0013076168684
58,0.3028947368421053,1662.5,10.022911832946651,3448,213.5838167053364
59,0.3028947368421053,2400.0,9.496071525331907,3691,192.14467623950165
60,0.32447368421052636,625.0,9.174242424242404,1584,156.19065656565647
61,0.32447368421052636,1387.5,9.531410509679947,2531,173.07625444488363
62,0.32447368421052636,1662.5,9.598576512455478,2810,200.3985765124552
63,0.32447368421052636,2400.0,9.486513823331075,2966,192.8209710047201
64,0.3460526315789474,625.0,9.283866057838656,1314,170.4802130898022
65,0.3460526315789474,1387.5,9.716289104638639,1854,190.3214670981655
66,0.3460526315789474,1662.5,9.82813250120019,2083,198.2957273163703
67,0.3460526315789474,2400.0,9.601507092198597,2256,197.9711879432627
68,0.3676315789473684,625.0,9.491471215351796,938,162.2974413646056
69,0.3676315789473684,1387.5,9.810611643330882,1357,190.7420781134853
70,0.3676315789473684,1662.5,9.755692307692273,1625,197.85907692307734
71,0.3676315789473684,2400.0,10.328641370869029,1634,240.19645042839596
72,0.3892105263157895,625.0,9.429708222811668,754,173.2042440318305
73,0.3892105263157895,1387.5,8.52274927395935,1033,2157.7250726040666
74,0.3892105263157895,1662.5,9.895721925133667,1122,199.2058823529417
75,0.3892105263157895,2400.0,10.097781429745277,1217,223.57354149548067
76,0.7,625.0,9.062972972972965,3700,155.43054054054085
77,0.7,1387.5,9.769403594771207,4896,196.27593954248402
78,0.7,1662.5,10.02911703535635,5289,216.6148610323314
79,0.7,2400.0,9.77948021722265,5156,211.45636152055852
