,voc_bin,rtmean,rtcount,rt_squaredmean
0,0.0007894736842105274,6.496188187831843,7719819,100.05645870712749
1,0.022368421052631583,7.551191050442784,1861634,119.94470449078602
2,0.04394736842105264,8.030560848780812,1029618,134.21134828645188
3,0.0655263157894737,8.380211971986991,586870,144.25674340143493
4,0.08710526315789476,8.662373821377782,357727,155.53361921241645
5,0.1086842105263158,8.900639889316432,231290,165.15433006182735
6,0.13026315789473686,9.10129597684809,158259,169.63356270417475
7,0.1518421052631579,9.327270971762582,113927,179.21414590044523
8,0.17342105263157898,9.457608297598378,84651,185.98086260055982
9,0.195,9.573130962177295,65622,186.7499009478517
10,0.2165789473684211,9.616684715346553,51712,185.3395730198021
11,0.23815789473684212,9.750314122472235,42181,195.4783433299353
12,0.25973684210526315,9.855128131628739,34886,201.5590208106404
13,0.28131578947368424,9.839292500086371,28947,201.97333056966153
14,0.3028947368421053,9.889579960807698,23474,197.77268467240376
15,0.32447368421052636,10.046202667814065,18592,209.0042491394145
16,0.3460526315789474,10.081857314233297,14171,207.69614000423374
17,0.3676315789473684,10.240018190086435,10995,212.7709868121872
18,0.3892105263157895,10.343342357863625,8126,214.26482894412956
19,0.7,10.430264778325142,38976,227.53668924466328
