,voc_bin,rtmean,rtcount,rt_squaredmean
0,0.0007894736842105274,4.127697892924237,2494215,36.70291053497774
1,0.022368421052631583,4.72713557835788,607833,44.276482191654495
2,0.04394736842105264,5.02528028933092,331800,49.72774562989758
3,0.0655263157894737,5.278107955814019,188114,54.86352956186144
4,0.08710526315789476,5.4475125094967485,114513,58.43852663016426
5,0.1086842105263158,5.602423627700899,74929,62.06040384897718
6,0.13026315789473686,5.7475516442436945,51361,64.98779229376365
7,0.1518421052631579,5.889466380037544,36749,69.68956978421159
8,0.17342105263157898,5.980967284107871,27479,70.40172495360063
9,0.195,6.080730146782087,21256,73.55287918705314
10,0.2165789473684211,6.1454578444417605,16534,76.9576025160274
11,0.23815789473684212,6.003776873910504,13768,72.32306798373058
12,0.25973684210526315,6.108005307386131,11305,73.51251658558157
13,0.28131578947368424,6.209207708779452,9340,75.72976445396125
14,0.3028947368421053,6.085416666666652,7680,71.62604166666647
15,0.32447368421052636,6.126019643748957,6007,75.83968703179586
16,0.3460526315789474,6.375511963785304,4639,80.29402888553554
17,0.3676315789473684,6.402849002848997,3510,80.42165242165233
18,0.3892105263157895,6.3688524590164075,2562,79.98946135831405
19,0.7,6.290196411869732,11761,80.57180511861208
