,voc_bin,rtmean,rtcount,rt_squaredmean
0,0.0007894736842105274,23.81092927719903,148976,1824.290738105468
1,0.022368421052631583,28.940109523173405,37435,2376.609830372641
2,0.04394736842105264,31.40444076544778,20537,2948.045138043527
3,0.0655263157894737,32.43986514959952,11865,3206.5416772018434
4,0.08710526315789476,34.07123399618648,7342,3286.246118223912
5,0.1086842105263158,35.67117948717935,4875,3358.412102564092
6,0.13026315789473686,34.42731829573925,3192,2934.270050125301
7,0.1518421052631579,35.75186649099681,2277,3070.4967061923558
8,0.17342105263157898,36.77687391051706,1721,4237.356769320153
9,0.195,38.10550458715605,1308,3479.553516819571
10,0.2165789473684211,35.91493383742917,1058,4421.621928166341
11,0.23815789473684212,39.142857142857146,826,4054.7602905569006
12,0.25973684210526315,34.76827586206902,725,3014.2055172413798
13,0.28131578947368424,39.48500000000002,600,3995.9116666666637
14,0.3028947368421053,36.22048997772829,449,3155.4587973273947
15,0.32447368421052636,38.21204188481675,382,3257.3376963350806
16,0.3460526315789474,38.72053872053871,297,4718.033670033675
17,0.3676315789473684,34.87323943661973,213,3335.643192488262
18,0.3892105263157895,41.326666666666696,150,4159.539999999998
19,0.7,37.65467625899285,695,3602.400000000007
