,voc_bin,elo_bin,rtmean,rtcount,rt_squaredmean
0,0.0007894736842105274,625.0,20.565217391304344,23,1127.608695652174
1,0.0007894736842105274,1387.5,32.90055248618786,543,3330.819521178639
2,0.0007894736842105274,1662.5,43.9414922168545,1863,5462.307568437999
3,0.0007894736842105274,2400.0,47.77032690695725,1193,7263.956412405702
4,0.022368421052631583,625.0,17.461538461538463,13,457.61538461538464
5,0.022368421052631583,1387.5,34.45736434108527,129,2285.77519379845
6,0.022368421052631583,1662.5,56.57450980392159,510,8181.590196078426
7,0.022368421052631583,2400.0,60.65634674922604,323,10139.696594427243
8,0.04394736842105264,625.0,46.0,1,2116.0
9,0.04394736842105264,1387.5,47.257575757575744,66,6024.954545454547
10,0.04394736842105264,1662.5,56.43023255813956,258,7496.127906976746
11,0.04394736842105264,2400.0,54.94999999999999,180,8154.161111111114
12,0.0655263157894737,625.0,21.0,1,441.0
13,0.0655263157894737,1387.5,38.478260869565226,46,4121.91304347826
14,0.0655263157894737,1662.5,63.95721925133691,187,9671.935828877007
15,0.0655263157894737,2400.0,65.42307692307692,78,8509.73076923077
16,0.08710526315789476,625.0,7.0,1,49.0
17,0.08710526315789476,1387.5,46.0909090909091,22,5390.181818181818
18,0.08710526315789476,1662.5,52.64893617021276,94,5613.819148936172
19,0.08710526315789476,2400.0,53.372881355932186,59,7280.322033898306
20,0.1086842105263158,625.0,0.0,0,0.0
21,0.1086842105263158,1387.5,35.62499999999999,16,1843.0000000000002
22,0.1086842105263158,1662.5,71.62264150943398,53,9568.264150943402
23,0.1086842105263158,2400.0,59.80434782608696,46,8090.021739130433
24,0.13026315789473686,625.0,0.0,0,0.0
25,0.13026315789473686,1387.5,47.00000000000001,6,6192.333333333334
26,0.13026315789473686,1662.5,66.67441860465117,43,12233.6511627907
27,0.13026315789473686,2400.0,64.90625,32,10063.218749999998
28,0.1518421052631579,625.0,0.0,0,0.0
29,0.1518421052631579,1387.5,61.0,4,5918.5
30,0.1518421052631579,1662.5,79.72413793103446,29,10720.689655172413
31,0.1518421052631579,2400.0,94.63999999999997,25,18224.479999999996
32,0.17342105263157898,625.0,0.0,0,0.0
33,0.17342105263157898,1387.5,11.5,4,152.5
34,0.17342105263157898,1662.5,56.94444444444444,18,5150.500000000001
35,0.17342105263157898,2400.0,43.23529411764706,17,2758.1764705882356
36,0.195,625.0,0.0,0,0.0
37,0.195,1387.5,22.5,2,596.5
38,0.195,1662.5,81.49999999999999,6,8914.166666666666
39,0.195,2400.0,45.900000000000006,10,3187.7000000000003
40,0.2165789473684211,625.0,0.0,0,0.0
41,0.2165789473684211,1387.5,30.75,4,1663.75
42,0.2165789473684211,1662.5,58.357142857142854,14,6937.642857142857
43,0.2165789473684211,2400.0,94.33333333333333,12,18815.999999999993
44,0.23815789473684212,625.0,0.0,0,0.0
45,0.23815789473684212,1387.5,6.5,2,42.5
46,0.23815789473684212,1662.5,70.08333333333333,12,8998.25
47,0.23815789473684212,2400.0,67.25,12,10996.583333333332
48,0.25973684210526315,625.0,0.0,0,0.0
49,0.25973684210526315,1387.5,233.99999999999997,3,127160.66666666666
50,0.25973684210526315,1662.5,22.374999999999996,8,8475.375
51,0.25973684210526315,2400.0,76.14285714285714,7,8934.42857142857
52,0.28131578947368424,625.0,0.0,0,0.0
53,0.28131578947368424,1387.5,0.0,0,0.0
54,0.28131578947368424,1662.5,42.09090909090909,11,3476.090909090909
55,0.28131578947368424,2400.0,79.33333333333334,6,10704.0
56,0.3028947368421053,625.0,0.0,0,0.0
57,0.3028947368421053,1387.5,52.5,2,2938.5
58,0.3028947368421053,1662.5,109.0,3,29936.999999999996
59,0.3028947368421053,2400.0,62.0,6,7472.666666666666
60,0.32447368421052636,625.0,0.0,0,0.0
61,0.32447368421052636,1387.5,20.0,1,400.0
62,0.32447368421052636,1662.5,60.75,4,8534.75
63,0.32447368421052636,2400.0,0.0,0,0.0
64,0.3460526315789474,625.0,0.0,0,0.0
65,0.3460526315789474,1387.5,31.0,2,1130.0
66,0.3460526315789474,1662.5,15.25,4,346.25
67,0.3460526315789474,2400.0,73.5,2,7042.5
68,0.3676315789473684,625.0,0.0,0,0.0
69,0.3676315789473684,1387.5,66.0,1,4356.0
70,0.3676315789473684,1662.5,172.8,5,40485.2
71,0.3676315789473684,2400.0,62.666666666666664,3,8903.333333333334
72,0.3892105263157895,625.0,0.0,0,0.0
73,0.3892105263157895,1387.5,16.0,1,256.0
74,0.3892105263157895,1662.5,58.0,1,3364.0
75,0.3892105263157895,2400.0,134.0,1,17956.0
76,0.7,625.0,0.0,0,0.0
77,0.7,1387.5,32.6,5,2631.0000000000005
78,0.7,1662.5,104.85714285714286,7,15592.0
79,0.7,2400.0,30.42857142857143,7,1249.2857142857142
