,voc_bin,rtmean,rtcount,rt_squaredmean
0,0.0007894736842105274,4.0391929214686755,5944849,38.630591962890996
1,0.022368421052631583,4.62163037901149,1459771,45.83811981468332
2,0.04394736842105264,4.968350372133351,806297,51.801894339182795
3,0.0655263157894737,5.244745679204422,462762,58.060936291225396
4,0.08710526315789476,5.427786848745728,282954,61.41910699265614
5,0.1086842105263158,5.616309643702893,183695,66.00979885135686
6,0.13026315789473686,5.7702359517875275,127187,69.94358700181655
7,0.1518421052631579,5.8908735360951106,91536,72.10110776088061
8,0.17342105263157898,6.06817314186709,68106,76.46526003582626
9,0.195,6.120014318819829,53077,78.0380955969628
10,0.2165789473684211,6.12460315565846,41893,80.42880672188672
11,0.23815789473684212,6.192828500029051,34414,79.89975010170298
12,0.25973684210526315,6.2453322207155475,28761,80.00271200584096
13,0.28131578947368424,6.350814206949577,23397,86.28114715561811
14,0.3028947368421053,6.311996674806479,19247,82.68317140333548
15,0.32447368421052636,6.364919757608035,15017,85.0068588932544
16,0.3460526315789474,6.512374049849729,11314,88.05913028106772
17,0.3676315789473684,6.522782049810638,8713,90.6793297371743
18,0.3892105263157895,6.530978934324666,6456,89.64560099132581
19,0.7,6.761099924074875,30293,95.79526623312336
