,voc_bin,elo_bin,rtmean,rtcount,rt_squaredmean
0,0.0007894736842105274,625.0,22.069393258426963,11125,1664.280808988762
1,0.0007894736842105274,1387.5,22.38728406419294,48915,1773.5213329244636
2,0.0007894736842105274,1662.5,24.69817250789559,65226,1992.9823843252661
3,0.0007894736842105274,2400.0,26.147398843930564,20760,2061.002697495184
4,0.022368421052631583,625.0,24.885747482571652,2582,1565.7726568551511
5,0.022368421052631583,1387.5,27.090909090909093,12232,1991.922498364953
6,0.022368421052631583,1662.5,30.29132823698042,16744,2650.351887243197
7,0.022368421052631583,2400.0,31.471178402043037,5482,2513.53283473185
8,0.04394736842105264,625.0,26.654038598999275,1399,2132.9213724088645
9,0.04394736842105264,1387.5,28.386105645527472,6607,2413.010897532918
10,0.04394736842105264,1662.5,32.61003134796228,9570,2831.486102403347
11,0.04394736842105264,2400.0,35.59769008662171,3117,3246.5409047160724
12,0.0655263157894737,625.0,29.509627727856216,779,2093.3222079589227
13,0.0655263157894737,1387.5,29.082945524226684,3653,2117.646865589932
14,0.0655263157894737,1662.5,33.75324434556905,5394,3005.428068223957
15,0.0655263157894737,2400.0,35.4242596810934,1756,3161.058656036452
16,0.08710526315789476,625.0,27.01690821256038,414,2270.9154589372
17,0.08710526315789476,1387.5,29.89413988657837,2116,2319.862003780714
18,0.08710526315789476,1662.5,32.911248073959946,3245,2519.2305084745753
19,0.08710526315789476,2400.0,37.948028673835054,1116,4304.8315412186375
20,0.1086842105263158,625.0,22.031372549019615,255,1337.905882352942
21,0.1086842105263158,1387.5,30.885546588407895,1363,2368.279530447536
22,0.1086842105263158,1662.5,35.453230472516815,2074,2982.770491803273
23,0.1086842105263158,2400.0,38.50066577896132,751,3510.2290279627173
24,0.13026315789473686,625.0,29.02732240437158,183,1878.3715846994533
25,0.13026315789473686,1387.5,32.1617954070982,958,4897.675365344469
26,0.13026315789473686,1662.5,36.066082265677586,1483,3107.69521240728
27,0.13026315789473686,2400.0,42.88560157790926,507,5312.566074950686
28,0.1518421052631579,625.0,29.558823529411786,102,2144.676470588235
29,0.1518421052631579,1387.5,32.84520547945212,730,2719.973972602747
30,0.1518421052631579,1662.5,36.37845303867404,1086,3042.089318600372
31,0.1518421052631579,2400.0,42.61095890410958,365,4290.884931506851
32,0.17342105263157898,625.0,30.292929292929287,99,2322.858585858588
33,0.17342105263157898,1387.5,31.875000000000007,512,2468.8710937499995
34,0.17342105263157898,1662.5,38.020698576972926,773,4602.582147477355
35,0.17342105263157898,2400.0,45.60516605166054,271,4849.206642066424
36,0.195,625.0,28.921874999999993,64,2185.640624999999
37,0.195,1387.5,30.120879120879138,364,1997.5604395604394
38,0.195,1662.5,37.243589743589716,624,3372.124999999998
39,0.195,2400.0,40.030837004405285,227,4287.98678414097
40,0.2165789473684211,625.0,29.387096774193544,62,1666.9032258064506
41,0.2165789473684211,1387.5,37.875409836065586,305,3492.7409836065603
42,0.2165789473684211,1662.5,40.09761388286335,461,3690.882863340567
43,0.2165789473684211,2400.0,44.99401197604791,167,5019.077844311376
44,0.23815789473684212,625.0,29.18181818181818,33,1762.2121212121208
45,0.23815789473684212,1387.5,32.94238683127571,243,2223.2880658436225
46,0.23815789473684212,1662.5,40.729870129870136,385,4021.0727272727286
47,0.23815789473684212,2400.0,43.84328358208957,134,4101.664179104478
48,0.25973684210526315,625.0,37.54545454545455,33,2367.121212121213
49,0.25973684210526315,1387.5,39.41397849462362,186,4489.069892473117
50,0.25973684210526315,1662.5,43.142028985507295,345,4648.562318840587
51,0.25973684210526315,2400.0,42.46551724137935,116,4058.137931034482
52,0.28131578947368424,625.0,18.965517241379303,29,760.9655172413792
53,0.28131578947368424,1387.5,33.28160919540229,174,2594.2011494252897
54,0.28131578947368424,1662.5,39.5357142857143,252,3885.7103174603167
55,0.28131578947368424,2400.0,41.967032967032964,91,3789.923076923076
56,0.3028947368421053,625.0,30.0625,16,1390.0625
57,0.3028947368421053,1387.5,27.976377952755925,127,1488.3385826771653
58,0.3028947368421053,1662.5,33.84513274336283,226,2546.5265486725666
59,0.3028947368421053,2400.0,39.59701492537314,67,7625.089552238806
60,0.32447368421052636,625.0,26.038461538461537,26,1975.9615384615383
61,0.32447368421052636,1387.5,35.26666666666666,90,2951.68888888889
62,0.32447368421052636,1662.5,39.138157894736864,152,4121.519736842105
63,0.32447368421052636,2400.0,36.15625000000002,64,2829.812499999999
64,0.3460526315789474,625.0,40.050000000000004,20,5064.65
65,0.3460526315789474,1387.5,31.17948717948717,78,2112.9230769230767
66,0.3460526315789474,1662.5,43.666666666666686,141,4318.148936170211
67,0.3460526315789474,2400.0,40.99999999999999,40,2694.149999999999
68,0.3676315789473684,625.0,37.07692307692307,13,3494.923076923077
69,0.3676315789473684,1387.5,46.52830188679244,53,10509.358490566034
70,0.3676315789473684,1662.5,41.29896907216496,97,3186.432989690722
71,0.3676315789473684,2400.0,30.06451612903226,31,2861.935483870968
72,0.3892105263157895,625.0,58.25,4,4642.75
73,0.3892105263157895,1387.5,39.70270270270271,37,6127.324324324324
74,0.3892105263157895,1662.5,39.31884057971014,69,3471.5217391304336
75,0.3892105263157895,2400.0,32.42857142857143,28,4070.714285714286
76,0.7,625.0,28.666666666666664,42,1598.2857142857138
77,0.7,1387.5,32.875598086124434,209,2758.0430622009567
78,0.7,1662.5,42.029673590504494,337,3907.489614243329
79,0.7,2400.0,47.43884892086333,139,5301.928057553954
