,voc_bin,rtmean,rtcount,rt_squaredmean
0,0.0007894736842105274,9.706465782568806,3489508,217.66943076215895
1,0.022368421052631583,11.529094331533754,853723,276.97086877125304
2,0.04394736842105264,12.210915398087007,475072,307.35219082581256
3,0.0655263157894737,12.727351073425305,273843,333.5933728450233
4,0.08710526315789476,13.089630627623078,167744,349.7731245230826
5,0.1086842105263158,13.417295531485822,109589,367.42284353356575
6,0.13026315789473686,13.761550162026351,75605,387.0934726539257
7,0.1518421052631579,13.984550091210265,53722,395.9531290718884
8,0.17342105263157898,14.254030963727507,40499,412.38065137410774
9,0.195,14.31491063775752,31501,410.00761880575266
10,0.2165789473684211,14.707635526629113,25198,437.8471704103501
11,0.23815789473684212,14.731303288672331,20525,436.433812423873
12,0.25973684210526315,14.612705635281813,17142,426.2864893244656
13,0.28131578947368424,14.86168397098559,14062,443.78061442184713
14,0.3028947368421053,14.825737982698636,11213,451.29162579149073
15,0.32447368421052636,14.4087034544639,8916,423.0174966352619
16,0.3460526315789474,14.602472727272723,6875,427.4507636363626
17,0.3676315789473684,15.023964723926383,5216,447.9741180981602
18,0.3892105263157895,15.07539984767704,3939,478.0751459761354
19,0.7,14.778071557155737,17776,451.2356548154815
