,voc_bin,elo_bin,rtmean,rtcount,rt_squaredmean
0,0.0007894736842105274,625.0,9.753892535211715,957281,207.97917225976533
1,0.0007894736842105274,1387.5,9.66808485507859,1202238,214.39219771792284
2,0.0007894736842105274,1662.5,9.688442872291867,904351,223.317206482881
3,0.0007894736842105274,2400.0,9.746502896827813,425638,236.72022704739715
4,0.022368421052631583,625.0,11.429842654251887,220597,257.84895080168803
5,0.022368421052631583,1387.5,11.375953458306402,293930,266.8241281937872
6,0.022368421052631583,1662.5,11.627885200208286,228537,290.8093306554295
7,0.022368421052631583,2400.0,11.929693924579109,110659,313.4619687508466
8,0.04394736842105264,625.0,11.989596261651103,120053,285.25445428269126
9,0.04394736842105264,1387.5,12.055141241551876,163054,297.1059096986273
10,0.04394736842105264,1662.5,12.332773629434755,129235,317.85069060239175
11,0.04394736842105264,2400.0,12.788330942132953,62730,354.6473138849036
12,0.0655263157894737,625.0,12.431748546489906,66907,303.2702258358614
13,0.0655263157894737,1387.5,12.470323233398995,93895,318.75907130305194
14,0.0655263157894737,1662.5,12.902999336429955,75350,349.1012740544131
15,0.0655263157894737,2400.0,13.541243267623525,37691,393.3736170438552
16,0.08710526315789476,625.0,12.689301392198706,39865,314.0346419164694
17,0.08710526315789476,1387.5,12.804051442425951,56918,331.19029129625136
18,0.08710526315789476,1662.5,13.405334127355456,47018,370.2072823174102
19,0.08710526315789476,2400.0,13.81510253518771,23943,413.3256901808461
20,0.1086842105263158,625.0,13.023408202739496,25333,329.14988355109944
21,0.1086842105263158,1387.5,13.065379623621045,36984,344.89260220635947
22,0.1086842105263158,1662.5,13.754498673570511,31287,391.90555182663735
23,0.1086842105263158,2400.0,14.195746011886113,15985,432.2859555833595
24,0.13026315789473686,625.0,13.44292502028047,17258,349.41198284853436
25,0.13026315789473686,1387.5,13.414578943260764,25626,361.6832904081792
26,0.13026315789473686,1662.5,13.979954314484198,21451,404.6512516898986
27,0.13026315789473686,2400.0,14.622715173025751,11270,469.1552795031058
28,0.1518421052631579,625.0,13.536052500415375,12038,357.8444093703273
29,0.1518421052631579,1387.5,13.657253384913009,18095,364.56667587731425
30,0.1518421052631579,1662.5,14.292147955872833,15410,420.8660609993519
31,0.1518421052631579,2400.0,14.7892162856095,8179,474.54248685658405
32,0.17342105263157898,625.0,13.776502062200434,8971,367.1712183703044
33,0.17342105263157898,1387.5,14.03438331854482,13524,392.3530760130142
34,0.17342105263157898,1662.5,14.43393960192177,11656,430.50531914893617
35,0.17342105263157898,2400.0,15.066477630749823,6348,485.6581600504095
36,0.195,625.0,13.852082128397923,6916,360.05451127819487
37,0.195,1387.5,14.097209037402662,10534,395.22517562179604
38,0.195,1662.5,14.452297592997846,9140,424.4853391684908
39,0.195,2400.0,15.177967827326421,4911,485.11810221950685
40,0.2165789473684211,625.0,13.74293429342936,5555,352.2642664266413
41,0.2165789473684211,1387.5,14.580966079347967,8343,422.49226896799706
42,0.2165789473684211,1662.5,14.990354989953138,7465,455.550033489619
43,0.2165789473684211,2400.0,15.830247718383283,3835,560.759061277703
44,0.23815789473684212,625.0,13.928332217012757,4479,374.1457914713102
45,0.23815789473684212,1387.5,14.556475458308698,6764,419.40804257835674
46,0.23815789473684212,1662.5,15.3278879813302,5999,478.34139023170593
47,0.23815789473684212,2400.0,15.096862625647262,3283,479.9144075540671
48,0.25973684210526315,625.0,14.234813402342656,3671,383.54126940887994
49,0.25973684210526315,1387.5,14.390100380754575,5778,404.64105226722023
50,0.25973684210526315,1662.5,14.815598667450528,5103,443.7264354301394
51,0.25973684210526315,2400.0,15.245173745173725,2590,500.7996138996151
52,0.28131578947368424,625.0,14.409196162752231,3023,408.48594111809433
53,0.28131578947368424,1387.5,14.788776796973531,4758,435.0313156788558
54,0.28131578947368424,1662.5,15.291813159216442,3982,467.8839779005528
55,0.28131578947368424,2400.0,14.862548934319234,2299,466.549369290995
56,0.3028947368421053,625.0,13.992954828014929,2413,384.0029009531705
57,0.3028947368421053,1387.5,14.80092215893681,3687,437.9113100081366
58,0.3028947368421053,1662.5,14.870036101083018,3324,445.69434416365755
59,0.3028947368421053,2400.0,15.917831190609293,1789,580.0262716601452
60,0.32447368421052636,625.0,14.10404312668461,1855,381.1185983827495
61,0.32447368421052636,1387.5,14.30625832223701,3004,406.00199733688504
62,0.32447368421052636,1662.5,14.744159758854558,2654,454.0923134890733
63,0.32447368421052636,2400.0,14.396293656450457,1403,456.06414825374173
64,0.3460526315789474,625.0,14.391392064559481,1487,406.7599193006048
65,0.3460526315789474,1387.5,14.747040771591415,2281,431.16177115300246
66,0.3460526315789474,1662.5,14.476923076923066,2015,418.6883374689813
67,0.3460526315789474,2400.0,14.81959706959706,1092,464.0430402930399
68,0.3676315789473684,625.0,15.501724137931022,1160,459.4827586206895
69,0.3676315789473684,1387.5,14.759500850822453,1763,438.0289279636986
70,0.3676315789473684,1662.5,15.120514556533521,1477,459.01218686526664
71,0.3676315789473684,2400.0,14.741421568627453,816,433.1213235294114
72,0.3892105263157895,625.0,14.106904231625826,898,418.5634743875283
73,0.3892105263157895,1387.5,14.75911854103343,1316,447.0980243161093
74,0.3892105263157895,1662.5,15.852331606217605,1158,551.5932642487055
75,0.3892105263157895,2400.0,15.756613756613762,567,494.0776014109347
76,0.7,625.0,14.300584795321667,4275,415.3925146198823
77,0.7,1387.5,14.382160255333439,5953,423.9279354947074
78,0.7,1662.5,15.316851265822775,5056,479.58227848101205
79,0.7,2400.0,15.449839486356348,2492,520.4458266452648
