,voc_bin,U_bin,clock_bin,rtmean,rtcount,rt_squaredmean
0,0.0007894736842105274,0.1,30.0,3.9397561346933734,361265,66.29514068619967
1,0.0007894736842105274,0.1,90.0,5.697212340903233,369665,93.63442035356367
2,0.0007894736842105274,0.1,150.0,6.092595989736315,430645,89.29570295719246
3,0.0007894736842105274,0.1,210.0,5.653357646511386,395396,67.17231585549736
4,0.0007894736842105274,0.1,270.0,4.249699847007736,145759,36.64732880988482
5,0.0007894736842105274,0.30000000000000004,30.0,4.9778773428356855,114498,90.79013607224576
6,0.0007894736842105274,0.30000000000000004,90.0,7.442309248866812,148256,146.82714358946663
7,0.0007894736842105274,0.30000000000000004,150.0,7.771728726830983,217316,139.86033702074434
8,0.0007894736842105274,0.30000000000000004,210.0,7.00052524073534,308430,100.67632850241547
9,0.0007894736842105274,0.30000000000000004,270.0,4.656211870032667,269637,41.87686778891619
10,0.0007894736842105274,0.5,30.0,4.110264811112039,225557,71.8587452395625
11,0.0007894736842105274,0.5,90.0,6.963467640283393,276084,138.18114052244914
12,0.0007894736842105274,0.5,150.0,7.662588169501917,443464,149.17018292352915
13,0.0007894736842105274,0.5,210.0,8.05661437043117,786991,134.09875716494784
14,0.0007894736842105274,0.5,270.0,3.8138059916858404,3621051,31.49684829073094
15,0.0007894736842105274,0.7000000000000001,30.0,4.891952178589709,113422,83.03307118548433
16,0.0007894736842105274,0.7000000000000001,90.0,7.467912435491903,168196,139.05299174772315
17,0.0007894736842105274,0.7000000000000001,150.0,8.074903181371669,265703,144.02701512591162
18,0.0007894736842105274,0.7000000000000001,210.0,7.525716605090271,408977,110.69382141294008
19,0.0007894736842105274,0.7000000000000001,270.0,5.068062653920487,453156,47.183184157332114
20,0.0007894736842105274,0.9,30.0,3.296251363228653,464889,40.574681268001754
21,0.0007894736842105274,0.9,90.0,5.822270353193619,451084,85.37456216580492
22,0.0007894736842105274,0.9,150.0,6.432184245705589,537847,90.76606358313786
23,0.0007894736842105274,0.9,210.0,6.085758355526621,533569,72.67155325740436
24,0.0007894736842105274,0.9,270.0,4.533423100973262,260673,37.30293893115147
25,0.022368421052631583,0.1,30.0,5.697503456343701,75224,112.41921461235752
26,0.022368421052631583,0.1,90.0,8.104089299594134,92632,158.28843164349337
27,0.022368421052631583,0.1,150.0,7.991681581199889,128510,133.42917282701728
28,0.022368421052631583,0.1,210.0,6.89230555372655,136683,90.52959768222836
29,0.022368421052631583,0.1,270.0,4.8582044697011195,54903,43.44717046427355
30,0.022368421052631583,0.30000000000000004,30.0,5.519368953474388,24911,97.9336437718277
31,0.022368421052631583,0.30000000000000004,90.0,8.675359990111824,32362,181.86267845003422
32,0.022368421052631583,0.30000000000000004,150.0,9.164700078115345,48646,174.98602146116724
33,0.022368421052631583,0.30000000000000004,210.0,8.28393683417624,74344,127.15106800817826
34,0.022368421052631583,0.30000000000000004,270.0,5.193764608402114,80861,48.87059274557572
35,0.022368421052631583,0.5,30.0,5.647014049665443,31531,115.33741397355048
36,0.022368421052631583,0.5,90.0,8.989555978751085,49885,201.706765560789
37,0.022368421052631583,0.5,150.0,9.575766484670314,95240,204.73162536749285
38,0.022368421052631583,0.5,210.0,9.45693315540459,197832,166.84469651016994
39,0.022368421052631583,0.5,270.0,4.458568080695846,820563,40.0164033718311
40,0.022368421052631583,0.7000000000000001,30.0,5.098582171392785,25532,86.35324298919005
41,0.022368421052631583,0.7000000000000001,90.0,8.225705923798195,36902,153.59647173594968
42,0.022368421052631583,0.7000000000000001,150.0,8.930371015755437,55092,157.17795687214115
43,0.022368421052631583,0.7000000000000001,210.0,8.219895766663662,76559,120.56653038832796
44,0.022368421052631583,0.7000000000000001,270.0,5.565522019114177,63513,53.108544707382904
45,0.022368421052631583,0.9,30.0,4.656110765953674,56335,67.77811307357807
46,0.022368421052631583,0.9,90.0,7.686508874094866,71951,126.68863532126036
47,0.022368421052631583,0.9,150.0,8.071388044579576,98700,124.3597973657551
48,0.022368421052631583,0.9,210.0,7.145509200568501,104124,91.46735622911116
49,0.022368421052631583,0.9,270.0,5.139461914908567,42707,44.84672301964562
50,0.04394736842105264,0.1,30.0,5.814861935727087,42444,111.8205164451982
51,0.04394736842105264,0.1,90.0,8.490893253088384,50512,173.88501742160275
52,0.04394736842105264,0.1,150.0,8.536831631010582,68338,153.1572185314174
53,0.04394736842105264,0.1,210.0,7.37273865664883,75066,105.03024005541805
54,0.04394736842105264,0.1,270.0,5.023569341001221,31821,46.69623833317623
55,0.04394736842105264,0.30000000000000004,30.0,6.1510665804783615,15470,120.36089204912723
56,0.04394736842105264,0.30000000000000004,90.0,9.26274599542331,21850,192.59794050343206
57,0.04394736842105264,0.30000000000000004,150.0,9.79846110800225,35740,196.58038612199337
58,0.04394736842105264,0.30000000000000004,210.0,8.683570226132852,57621,138.56427344197508
59,0.04394736842105264,0.30000000000000004,270.0,5.321302459767685,66551,51.37398386200075
60,0.04394736842105264,0.5,30.0,6.575045871559618,16350,158.70617737003008
61,0.04394736842105264,0.5,90.0,9.78407832207808,27987,220.71765462536104
62,0.04394736842105264,0.5,150.0,10.324470356685257,53857,223.86384314016635
63,0.04394736842105264,0.5,210.0,9.60401716490571,110924,168.7163463272148
64,0.04394736842105264,0.5,270.0,4.9672065181243905,300700,47.2992716993681
65,0.04394736842105264,0.7000000000000001,30.0,5.506009117281421,16891,94.0888046888873
66,0.04394736842105264,0.7000000000000001,90.0,8.775393925105103,25449,172.20106880427565
67,0.04394736842105264,0.7000000000000001,150.0,9.321469130704156,38744,168.85796510427403
68,0.04394736842105264,0.7000000000000001,210.0,8.396367279050452,52908,126.07017842292318
69,0.04394736842105264,0.7000000000000001,270.0,5.777922394858851,36879,56.88879850321314
70,0.04394736842105264,0.9,30.0,4.372817058015568,30578,67.99175878082296
71,0.04394736842105264,0.9,90.0,7.542171537182243,33672,127.73687336659529
72,0.04394736842105264,0.9,150.0,8.051289337216755,42231,126.81163126613187
73,0.04394736842105264,0.9,210.0,7.16645998978773,41127,92.37778101976818
74,0.04394736842105264,0.9,270.0,5.214186193793488,15790,45.90196326789095
75,0.0655263157894737,0.1,30.0,6.419039642657764,21492,134.86227433463694
76,0.0655263157894737,0.1,90.0,9.196173668013774,26971,205.3352118942563
77,0.0655263157894737,0.1,150.0,9.055886655469468,36914,169.21783063336406
78,0.0655263157894737,0.1,210.0,7.725603395997591,41225,115.8978775015159
79,0.0655263157894737,0.1,270.0,5.280630510285869,18715,52.36596313117832
80,0.0655263157894737,0.30000000000000004,30.0,6.753079178885619,10230,147.84535679374372
81,0.0655263157894737,0.30000000000000004,90.0,10.085308056872028,15403,227.6179964941896
82,0.0655263157894737,0.30000000000000004,150.0,10.379995406522772,26124,218.30573419078272
83,0.0655263157894737,0.30000000000000004,210.0,8.961865975564594,43216,145.70395223991167
84,0.0655263157894737,0.30000000000000004,270.0,5.374759643684016,50966,52.51932660989661
85,0.0655263157894737,0.5,30.0,6.9227658714112446,9892,152.63728265264834
86,0.0655263157894737,0.5,90.0,10.259696847443912,17351,233.9409832286318
87,0.0655263157894737,0.5,150.0,10.717299183648068,32094,234.57920483579528
88,0.0655263157894737,0.5,210.0,9.78939839593684,62217,172.5946124049697
89,0.0655263157894737,0.5,270.0,5.411748808412384,122106,54.28975644112514
90,0.0655263157894737,0.7000000000000001,30.0,5.682632574052385,11107,94.2023048527957
91,0.0655263157894737,0.7000000000000001,90.0,9.11197279723199,16763,181.22078386923602
92,0.0655263157894737,0.7000000000000001,150.0,9.654453569172455,25328,178.10810170562158
93,0.0655263157894737,0.7000000000000001,210.0,8.580744251360379,34182,130.93707214323348
94,0.0655263157894737,0.7000000000000001,270.0,5.878359392703364,22065,58.85130296850204
95,0.0655263157894737,0.9,30.0,4.768650917003397,12868,76.88071184333195
96,0.0655263157894737,0.9,90.0,7.5530231299878245,14786,124.31509536047606
97,0.0655263157894737,0.9,150.0,8.013331839569773,17852,126.54660542236132
98,0.0655263157894737,0.9,210.0,7.1222180778316595,16086,92.79186870570686
99,0.0655263157894737,0.9,270.0,5.071636363636354,5500,43.82218181818185
100,0.08710526315789476,0.1,30.0,6.407710918598304,12813,128.81651447748317
101,0.08710526315789476,0.1,90.0,9.431698944232126,15439,215.9774596800312
102,0.08710526315789476,0.1,150.0,9.330869731069997,20972,182.47172420369998
103,0.08710526315789476,0.1,210.0,7.9627636860534565,23418,121.12562985737459
104,0.08710526315789476,0.1,270.0,5.378334091943577,10985,54.33782430587162
105,0.08710526315789476,0.30000000000000004,30.0,6.933169331693313,7317,142.50594505945026
106,0.08710526315789476,0.30000000000000004,90.0,10.596964884418547,11334,243.13075701429335
107,0.08710526315789476,0.30000000000000004,150.0,10.575011611704543,19377,217.8147288021875
108,0.08710526315789476,0.30000000000000004,210.0,9.304195158011462,32466,157.05531941107665
109,0.08710526315789476,0.30000000000000004,270.0,5.569583484620581,38558,56.45458789356276
110,0.08710526315789476,0.5,30.0,7.014045402580421,6123,152.8631389841583
111,0.08710526315789476,0.5,90.0,10.63313182351346,11083,246.52233149869147
112,0.08710526315789476,0.5,150.0,10.895465418087419,19649,233.89806097002386
113,0.08710526315789476,0.5,210.0,9.896749521988513,36610,176.54984976782242
114,0.08710526315789476,0.5,270.0,5.580031748684077,59845,57.000835491686885
115,0.08710526315789476,0.7000000000000001,30.0,6.124475145604778,7383,109.07612081809592
116,0.08710526315789476,0.7000000000000001,90.0,9.136497154396896,10894,179.0302001101512
117,0.08710526315789476,0.7000000000000001,150.0,9.988792029887891,16863,194.25505544683614
118,0.08710526315789476,0.7000000000000001,210.0,8.567199118700119,21786,128.4254567153212
119,0.08710526315789476,0.7000000000000001,270.0,5.891722183934462,13059,58.69944099854496
120,0.08710526315789476,0.9,30.0,4.367839062083668,7506,59.00599520383687
121,0.08710526315789476,0.9,90.0,7.367694078526676,7819,125.49661081979798
122,0.08710526315789476,0.9,150.0,7.619938065745623,8396,118.41079085278724
123,0.08710526315789476,0.9,210.0,6.673868795991857,6387,82.0385157350867
124,0.08710526315789476,0.9,270.0,4.841422121896151,1772,39.65857787810393
125,0.1086842105263158,0.1,30.0,6.769920318725141,8032,165.36678286852614
126,0.1086842105263158,0.1,90.0,9.597625052543032,9516,223.9519756200074
127,0.1086842105263158,0.1,150.0,9.688622278722386,12586,196.75377403464185
128,0.1086842105263158,0.1,210.0,8.432870528691586,14621,137.63702893099023
129,0.1086842105263158,0.1,270.0,5.4401316691812065,7291,53.66342065560285
130,0.1086842105263158,0.30000000000000004,30.0,7.118373275235995,5508,148.14814814814846
131,0.1086842105263158,0.30000000000000004,90.0,10.645835674946579,8897,251.68146566258216
132,0.1086842105263158,0.30000000000000004,150.0,11.03942747332845,15091,240.2271552581013
133,0.1086842105263158,0.30000000000000004,210.0,9.547570074611805,24795,166.15107884654168
134,0.1086842105263158,0.30000000000000004,270.0,5.530390175656785,32165,56.35414270169409
135,0.1086842105263158,0.5,30.0,7.193619094008769,4106,146.23989283974703
136,0.1086842105263158,0.5,90.0,10.701221204551754,7206,250.5743824590598
137,0.1086842105263158,0.5,150.0,11.162247816340733,12937,245.8826621318696
138,0.1086842105263158,0.5,210.0,9.701915438255734,22658,168.4363138847203
139,0.1086842105263158,0.5,270.0,5.8794005952991855,29229,61.155051489958566
140,0.1086842105263158,0.7000000000000001,30.0,6.093834900731461,4785,98.73960292580969
141,0.1086842105263158,0.7000000000000001,90.0,9.599580125962222,7145,201.9189643107064
142,0.1086842105263158,0.7000000000000001,150.0,10.0519225371878,10689,192.46954813359585
143,0.1086842105263158,0.7000000000000001,210.0,8.78458781362007,13950,137.59476702508968
144,0.1086842105263158,0.7000000000000001,270.0,5.897470530451859,8144,58.6965864440078
145,0.1086842105263158,0.9,30.0,3.88461538461538,4940,47.91457489878537
146,0.1086842105263158,0.9,90.0,7.013689556193405,4529,110.75093839699673
147,0.1086842105263158,0.9,150.0,7.212001853568126,4316,110.55537534754369
148,0.1086842105263158,0.9,210.0,6.548893647394729,2802,83.65738758029998
149,0.1086842105263158,0.9,270.0,5.004622496147912,649,44.05238828967648
150,0.13026315789473686,0.1,30.0,6.700729927007296,5206,146.97694967345325
151,0.13026315789473686,0.1,90.0,9.904328382047593,6261,234.61923015492582
152,0.13026315789473686,0.1,150.0,10.045141822570937,8285,210.20494870247526
153,0.13026315789473686,0.1,210.0,8.782586712508886,9889,146.63636363636328
154,0.13026315789473686,0.1,270.0,5.740052063964268,5378,59.2495351431761
155,0.13026315789473686,0.30000000000000004,30.0,7.296391152502907,4295,176.11036088475004
156,0.13026315789473686,0.30000000000000004,90.0,10.665600465251494,6878,245.73771445187478
157,0.13026315789473686,0.30000000000000004,150.0,11.322473630486579,11756,257.1508166042869
158,0.13026315789473686,0.30000000000000004,210.0,9.746183993399386,19392,172.49040841584133
159,0.13026315789473686,0.30000000000000004,270.0,5.7476758535582055,24310,61.488276429452895
160,0.13026315789473686,0.5,30.0,7.694083224967499,3076,191.0881014304291
161,0.13026315789473686,0.5,90.0,10.80538507226291,5051,248.92813304296143
162,0.13026315789473686,0.5,150.0,11.124489080929571,8563,242.57117832535263
163,0.13026315789473686,0.5,210.0,9.843481842520772,14567,173.81066794810167
164,0.13026315789473686,0.5,270.0,6.002704402515701,15900,62.81440251572318
165,0.13026315789473686,0.7000000000000001,30.0,6.664778092540131,3177,145.99999999999946
166,0.13026315789473686,0.7000000000000001,90.0,9.818734283319333,4772,207.34932942162615
167,0.13026315789473686,0.7000000000000001,150.0,10.259719839908506,6996,201.84262435677502
168,0.13026315789473686,0.7000000000000001,210.0,8.996649916247902,8955,143.70977107761067
169,0.13026315789473686,0.7000000000000001,270.0,6.066641133665274,5222,62.28494829567214
170,0.13026315789473686,0.9,30.0,3.617497760525532,3349,39.98895192594811
171,0.13026315789473686,0.9,90.0,6.479734451432565,2862,99.1589797344517
172,0.13026315789473686,0.9,150.0,6.861249999999987,2400,99.47625000000008
173,0.13026315789473686,0.9,210.0,6.441481481481476,1350,81.64592592592585
174,0.13026315789473686,0.9,270.0,4.472324723247233,271,36.22140221402214
175,0.1518421052631579,0.1,30.0,6.711644591611466,3624,144.9555739514342
176,0.1518421052631579,0.1,90.0,9.964716594582274,4393,234.20236740268606
177,0.1518421052631579,0.1,150.0,10.570233828298317,5859,233.09523809523796
178,0.1518421052631579,0.1,210.0,9.004533589778845,7279,151.2575903283425
179,0.1518421052631579,0.1,270.0,5.757674722403658,4593,59.92793381232304
180,0.1518421052631579,0.30000000000000004,30.0,7.770700636942674,3140,180.47070063694292
181,0.1518421052631579,0.30000000000000004,90.0,11.426857142857125,5250,281.58609523809446
182,0.1518421052631579,0.30000000000000004,150.0,11.250420733759668,8913,246.13676652081259
183,0.1518421052631579,0.30000000000000004,210.0,9.958612376105,14932,180.77966782748422
184,0.1518421052631579,0.30000000000000004,270.0,5.809631216871547,17734,61.585993007781774
185,0.1518421052631579,0.5,30.0,7.180467091295109,2355,153.6033970276008
186,0.1518421052631579,0.5,90.0,10.9116902834008,3952,258.90865384615404
187,0.1518421052631579,0.5,150.0,11.412875925646098,6617,255.32552516246082
188,0.1518421052631579,0.5,210.0,9.702999702999715,10101,168.21166221166206
189,0.1518421052631579,0.5,270.0,6.077655522640687,9452,63.84151502327527
190,0.1518421052631579,0.7000000000000001,30.0,6.377869605142324,2178,122.14370982552775
191,0.1518421052631579,0.7000000000000001,90.0,10.241241548862906,3254,225.11094038106944
192,0.1518421052631579,0.7000000000000001,150.0,10.162685603615286,4647,200.1639767591995
193,0.1518421052631579,0.7000000000000001,210.0,8.924201680672294,5950,142.97563025210096
194,0.1518421052631579,0.7000000000000001,270.0,6.094296359988522,3489,64.50300945829743
195,0.1518421052631579,0.9,30.0,3.5917020273455944,2121,47.301272984441326
196,0.1518421052631579,0.9,90.0,6.235294117647064,1683,94.33868092691606
197,0.1518421052631579,0.9,150.0,6.564013840830438,1445,98.49204152249123
198,0.1518421052631579,0.9,210.0,6.292775665399244,789,76.30291508238274
199,0.1518421052631579,0.9,270.0,4.125874125874125,143,29.748251748251757
200,0.17342105263157898,0.1,30.0,7.133640552995386,2604,166.65130568356346
201,0.17342105263157898,0.1,90.0,10.450668364099291,3142,248.8688733290904
202,0.17342105263157898,0.1,150.0,11.090725353694141,4453,248.76420390747793
203,0.17342105263157898,0.1,210.0,9.48822123591667,5858,167.41720723796527
204,0.17342105263157898,0.1,270.0,5.767766497461931,3940,59.530203045685276
205,0.17342105263157898,0.30000000000000004,30.0,7.746792452830185,2650,180.8954716981132
206,0.17342105263157898,0.30000000000000004,90.0,11.516756503398154,4267,291.9732833372384
207,0.17342105263157898,0.30000000000000004,150.0,11.45323432814512,7003,253.04283878337904
208,0.17342105263157898,0.30000000000000004,210.0,9.993020851283823,11606,179.40211959331305
209,0.17342105263157898,0.30000000000000004,270.0,5.928859776068234,13129,63.58260339706009
210,0.17342105263157898,0.5,30.0,7.2539766702015,1886,137.4257688229051
211,0.17342105263157898,0.5,90.0,11.090458488228007,3228,249.0966542750931
212,0.17342105263157898,0.5,150.0,11.124847746650428,4926,233.5393828664233
213,0.17342105263157898,0.5,210.0,9.687147082549028,7438,167.295106211347
214,0.17342105263157898,0.5,270.0,6.222614247311846,5952,67.25352822580648
215,0.17342105263157898,0.7000000000000001,30.0,6.497187851518559,1778,126.10798650168732
216,0.17342105263157898,0.7000000000000001,90.0,9.735802469135812,2430,210.13744855967087
217,0.17342105263157898,0.7000000000000001,150.0,10.373361144219304,3356,213.06585220500563
218,0.17342105263157898,0.7000000000000001,210.0,9.14800389483932,4108,150.26095423563822
219,0.17342105263157898,0.7000000000000001,270.0,6.126856173101394,2357,62.78532032244384
220,0.17342105263157898,0.9,30.0,3.0618153364632184,1278,30.791079812206632
221,0.17342105263157898,0.9,90.0,4.615473441108549,866,52.22748267898383
222,0.17342105263157898,0.9,150.0,5.789719626168215,642,91.34112149532695
223,0.17342105263157898,0.9,210.0,5.830769230769231,260,79.03846153846155
224,0.17342105263157898,0.9,270.0,4.568965517241374,58,33.56896551724138
225,0.195,0.1,30.0,7.512887953708565,1901,183.30247238295624
226,0.195,0.1,90.0,11.725337699549737,2443,329.98403602128474
227,0.195,0.1,150.0,11.779083094555848,3490,276.48051575931265
228,0.195,0.1,210.0,9.453257790368268,4942,163.73694860380385
229,0.195,0.1,270.0,5.9503329633740245,3604,63.70893451720288
230,0.195,0.30000000000000004,30.0,8.07518072289156,2075,180.44337349397617
231,0.195,0.30000000000000004,90.0,11.647789218655364,3302,290.9675953967296
232,0.195,0.30000000000000004,150.0,11.771621381637404,5631,273.41395844432435
233,0.195,0.30000000000000004,210.0,9.932741254196861,9233,175.1685259395647
234,0.195,0.30000000000000004,270.0,5.958809617658656,10148,63.52897122585728
235,0.195,0.5,30.0,7.902093596059106,1624,190.6052955665022
236,0.195,0.5,90.0,11.093612334801758,2724,259.88729809104257
237,0.195,0.5,150.0,11.106435037925138,4087,242.17763640812362
238,0.195,0.5,210.0,9.34795578171612,5699,153.93577820670285
239,0.195,0.5,270.0,6.123130841121491,4280,65.22219626168206
240,0.195,0.7000000000000001,30.0,6.235963041933179,1407,151.46410803127188
241,0.195,0.7000000000000001,90.0,9.928692699490645,1767,231.82682512733402
242,0.195,0.7000000000000001,150.0,10.223623371164361,2379,201.12988650693583
243,0.195,0.7000000000000001,210.0,8.731371087928459,2684,139.57041728763016
244,0.195,0.7000000000000001,270.0,6.3611111111111,1512,68.95238095238085
245,0.195,0.9,30.0,2.848543689320389,515,27.000000000000007
246,0.195,0.9,90.0,4.4907407407407405,324,51.47222222222223
247,0.195,0.9,150.0,5.06635071090047,211,62.01421800947864
248,0.195,0.9,210.0,3.1874999999999987,48,19.64583333333333
249,0.195,0.9,270.0,4.0,3,24.666666666666664
250,0.2165789473684211,0.1,30.0,8.015384615384631,1365,183.5450549450551
251,0.2165789473684211,0.1,90.0,12.165064102564072,1872,314.29220085470075
252,0.2165789473684211,0.1,150.0,12.12405498281791,2910,298.4298969072172
253,0.2165789473684211,0.1,210.0,9.912349676225677,4324,179.4419518963926
254,0.2165789473684211,0.1,270.0,6.131471785922047,3438,67.2769051774287
255,0.2165789473684211,0.30000000000000004,30.0,8.18790849673201,1836,189.49400871459684
256,0.2165789473684211,0.30000000000000004,90.0,11.48997134670488,2792,282.3746418338103
257,0.2165789473684211,0.30000000000000004,150.0,12.130386983289371,4548,283.28562005277183
258,0.2165789473684211,0.30000000000000004,210.0,9.982647902718906,7319,180.4559366033609
259,0.2165789473684211,0.30000000000000004,270.0,6.011448057483861,8211,66.84082328583612
260,0.2165789473684211,0.5,30.0,7.390367553865642,1578,163.1305449936627
261,0.2165789473684211,0.5,90.0,10.842195540308717,2332,246.79073756432214
262,0.2165789473684211,0.5,150.0,10.876300578034689,3460,226.1462427745664
263,0.2165789473684211,0.5,210.0,9.557743362831868,4520,161.01482300884953
264,0.2165789473684211,0.5,270.0,6.199637023593455,3306,66.47731397459157
265,0.2165789473684211,0.7000000000000001,30.0,5.3835820895522275,1340,97.56417910447743
266,0.2165789473684211,0.7000000000000001,90.0,9.043348281016444,1338,190.51718983557572
267,0.2165789473684211,0.7000000000000001,150.0,9.717458359037648,1621,193.7458359037631
268,0.2165789473684211,0.7000000000000001,210.0,8.819593787335718,1674,132.94743130226954
269,0.2165789473684211,0.7000000000000001,270.0,6.13980582524271,1030,68.65825242718441
270,0.2165789473684211,0.9,30.0,0.0,0,0.0
271,0.2165789473684211,0.9,90.0,0.0,0,0.0
272,0.2165789473684211,0.9,150.0,0.0,0,0.0
273,0.2165789473684211,0.9,210.0,0.0,0,0.0
274,0.2165789473684211,0.9,270.0,0.0,0,0.0
275,0.23815789473684212,0.1,30.0,7.692656391659106,1103,183.67815049864026
276,0.23815789473684212,0.1,90.0,11.60012515644555,1598,298.2759699624522
277,0.23815789473684212,0.1,150.0,12.404983108108055,2368,310.5663006756744
278,0.23815789473684212,0.1,210.0,10.200479872034125,3751,187.16982138096444
279,0.23815789473684212,0.1,270.0,6.068621700879756,3410,65.0475073313784
280,0.23815789473684212,0.30000000000000004,30.0,8.328846153846131,1560,206.71730769230714
281,0.23815789473684212,0.30000000000000004,90.0,11.912542662116051,2344,310.8195392491469
282,0.23815789473684212,0.30000000000000004,150.0,11.783953854221279,3814,278.9365495542732
283,0.23815789473684212,0.30000000000000004,210.0,10.128146824752324,6157,184.7703426993657
284,0.23815789473684212,0.30000000000000004,270.0,6.090524947180237,6153,66.10125142207067
285,0.23815789473684212,0.5,30.0,7.374545454545453,1375,164.83927272727306
286,0.23815789473684212,0.5,90.0,11.137828458106084,2017,261.81903817550864
287,0.23815789473684212,0.5,150.0,10.795144662454277,3007,223.96375124708987
288,0.23815789473684212,0.5,210.0,9.302230197385287,3901,156.2327608305565
289,0.23815789473684212,0.5,270.0,6.074480151228743,2645,65.04385633270351
290,0.23815789473684212,0.7000000000000001,30.0,5.210659898477157,788,85.27411167512679
291,0.23815789473684212,0.7000000000000001,90.0,8.768507638072851,851,177.97884841363128
292,0.23815789473684212,0.7000000000000001,150.0,9.77072120559741,929,189.59849300322932
293,0.23815789473684212,0.7000000000000001,210.0,8.467602591792653,926,128.51943844492456
294,0.23815789473684212,0.7000000000000001,270.0,5.980461811722913,563,62.87921847246899
295,0.23815789473684212,0.9,30.0,0.0,0,0.0
296,0.23815789473684212,0.9,90.0,0.0,0,0.0
297,0.23815789473684212,0.9,150.0,0.0,0,0.0
298,0.23815789473684212,0.9,210.0,0.0,0,0.0
299,0.23815789473684212,0.9,270.0,0.0,0,0.0
300,0.25973684210526315,0.1,30.0,8.251086956521744,920,194.8076086956523
301,0.25973684210526315,0.1,90.0,12.000763941940415,1309,313.06569900687543
302,0.25973684210526315,0.1,150.0,11.807079646017678,2260,267.2
303,0.25973684210526315,0.1,210.0,9.722849695916594,3453,171.31335070952758
304,0.25973684210526315,0.1,270.0,5.930535028081578,3383,64.94974874371859
305,0.25973684210526315,0.30000000000000004,30.0,8.062551440329221,1215,202.04115226337433
306,0.25973684210526315,0.30000000000000004,90.0,12.16456970306997,1987,327.3069954705584
307,0.25973684210526315,0.30000000000000004,150.0,11.79967845659161,3110,267.26141479099624
308,0.25973684210526315,0.30000000000000004,210.0,10.072977903912452,4933,184.07095073991516
309,0.25973684210526315,0.30000000000000004,270.0,5.505914467697887,5495,58.231301182893425
310,0.25973684210526315,0.5,30.0,7.537532355478858,1159,140.71786022433147
311,0.25973684210526315,0.5,90.0,10.930232558139506,1806,235.68660022148353
312,0.25973684210526315,0.5,150.0,11.483832335329367,2505,258.82594810379277
313,0.25973684210526315,0.5,210.0,9.6192125984252,3175,169.23685039370073
314,0.25973684210526315,0.5,270.0,6.273654916512062,2156,68.00556586270879
315,0.25973684210526315,0.7000000000000001,30.0,4.646739130434776,552,74.54891304347817
316,0.25973684210526315,0.7000000000000001,90.0,8.15799256505576,538,148.24349442379193
317,0.25973684210526315,0.7000000000000001,150.0,8.865724381625457,566,158.25441696113083
318,0.25973684210526315,0.7000000000000001,210.0,8.999999999999993,512,143.49218750000006
319,0.25973684210526315,0.7000000000000001,270.0,6.250000000000003,264,66.25000000000001
320,0.25973684210526315,0.9,30.0,0.0,0,0.0
321,0.25973684210526315,0.9,90.0,0.0,0,0.0
322,0.25973684210526315,0.9,150.0,0.0,0,0.0
323,0.25973684210526315,0.9,210.0,0.0,0,0.0
324,0.25973684210526315,0.9,270.0,0.0,0,0.0
325,0.28131578947368424,0.1,30.0,8.238907849829369,879,202.4550625711038
326,0.28131578947368424,0.1,90.0,12.48853754940712,1265,346.6719367588934
327,0.28131578947368424,0.1,150.0,12.262512768130755,1958,314.6322778345249
328,0.28131578947368424,0.1,210.0,9.97895408163262,3136,180.2047193877546
329,0.28131578947368424,0.1,270.0,5.930961712390699,3317,63.26710883328297
330,0.28131578947368424,0.30000000000000004,30.0,7.920296570898982,1079,147.40500463392004
331,0.28131578947368424,0.30000000000000004,90.0,11.802398989898967,1584,299.89457070707095
332,0.28131578947368424,0.30000000000000004,150.0,11.941153238546619,2532,265.212085308057
333,0.28131578947368424,0.30000000000000004,210.0,9.967397113842864,3742,178.08551576696934
334,0.28131578947368424,0.30000000000000004,270.0,5.996319365798422,3532,66.18318233295577
335,0.28131578947368424,0.5,30.0,6.976145038167938,1048,130.89026717557252
336,0.28131578947368424,0.5,90.0,11.138542350623768,1523,282.58831254103774
337,0.28131578947368424,0.5,150.0,10.911153119092633,2116,230.42816635160665
338,0.28131578947368424,0.5,210.0,8.98572530864197,2592,143.59143518518488
339,0.28131578947368424,0.5,270.0,6.015122873345924,1587,61.8865784499055
340,0.28131578947368424,0.7000000000000001,30.0,4.933333333333331,360,73.66111111111123
341,0.28131578947368424,0.7000000000000001,90.0,8.634674922600617,323,184.93808049535625
342,0.28131578947368424,0.7000000000000001,150.0,9.823353293413179,334,183.08083832335348
343,0.28131578947368424,0.7000000000000001,210.0,8.596153846153843,312,127.7371794871796
344,0.28131578947368424,0.7000000000000001,270.0,6.490384615384612,104,67.10576923076924
345,0.28131578947368424,0.9,30.0,0.0,0,0.0
346,0.28131578947368424,0.9,90.0,0.0,0,0.0
347,0.28131578947368424,0.9,150.0,0.0,0,0.0
348,0.28131578947368424,0.9,210.0,0.0,0,0.0
349,0.28131578947368424,0.9,270.0,0.0,0,0.0
350,0.3028947368421053,0.1,30.0,7.98291571753987,878,198.78473804100238
351,0.3028947368421053,0.1,90.0,12.083399523431295,1259,321.8324066719614
352,0.3028947368421053,0.1,150.0,11.958762886597947,1940,293.7597938144331
353,0.3028947368421053,0.1,210.0,10.109996540989266,2891,181.60913178830833
354,0.3028947368421053,0.1,270.0,5.905418403334396,3119,63.40269317088834
355,0.3028947368421053,0.30000000000000004,30.0,8.084022038567477,726,180.21900826446304
356,0.3028947368421053,0.30000000000000004,90.0,12.461538461538463,1131,305.023872679045
357,0.3028947368421053,0.30000000000000004,150.0,12.04918032786885,1830,282.0765027322397
358,0.3028947368421053,0.30000000000000004,210.0,10.060876020786926,2694,180.76243504083106
359,0.3028947368421053,0.30000000000000004,270.0,6.0092741935483796,2480,63.74798387096764
360,0.3028947368421053,0.5,30.0,8.151150054764521,913,226.37458926615543
361,0.3028947368421053,0.5,90.0,10.770353302611396,1302,248.50153609831054
362,0.3028947368421053,0.5,150.0,10.960159362549781,1757,232.4285714285707
363,0.3028947368421053,0.5,210.0,8.868093578894971,2009,140.072672971628
364,0.3028947368421053,0.5,270.0,5.798501248959203,1201,56.67110741049134
365,0.3028947368421053,0.7000000000000001,30.0,4.159863945578226,294,55.41156462585035
366,0.3028947368421053,0.7000000000000001,90.0,7.172413793103449,232,122.13793103448278
367,0.3028947368421053,0.7000000000000001,150.0,8.577586206896552,232,220.33620689655191
368,0.3028947368421053,0.7000000000000001,210.0,6.893258426966291,178,86.37640449438197
369,0.3028947368421053,0.7000000000000001,270.0,6.082474226804124,97,65.52577319587625
370,0.3028947368421053,0.9,30.0,0.0,0,0.0
371,0.3028947368421053,0.9,90.0,0.0,0,0.0
372,0.3028947368421053,0.9,150.0,0.0,0,0.0
373,0.3028947368421053,0.9,210.0,0.0,0,0.0
374,0.3028947368421053,0.9,270.0,0.0,0,0.0
375,0.32447368421052636,0.1,30.0,8.349024110218144,871,230.7118254879447
376,0.32447368421052636,0.1,90.0,11.198675496688718,1208,279.4105960264897
377,0.32447368421052636,0.1,150.0,11.34802007808139,1793,268.069715560512
378,0.32447368421052636,0.1,210.0,10.045930701047533,2482,180.1732473811437
379,0.32447368421052636,0.1,270.0,6.054104477611939,2680,67.64291044776118
380,0.32447368421052636,0.30000000000000004,30.0,9.167487684729068,406,233.8177339901479
381,0.32447368421052636,0.30000000000000004,90.0,13.556847545219652,774,362.2105943152462
382,0.32447368421052636,0.30000000000000004,150.0,12.203429462197953,1283,309.30241621200264
383,0.32447368421052636,0.30000000000000004,210.0,10.506429277942633,2022,217.89515331355062
384,0.32447368421052636,0.30000000000000004,270.0,7.051222351571596,1718,96.67636786961583
385,0.32447368421052636,0.5,30.0,7.135685210312079,737,139.22252374491197
386,0.32447368421052636,0.5,90.0,10.79293424926401,1019,255.22865554465164
387,0.32447368421052636,0.5,150.0,10.61191749427042,1309,219.7165775401069
388,0.32447368421052636,0.5,210.0,9.074950690335287,1521,146.489809335963
389,0.32447368421052636,0.5,270.0,5.914141414141409,792,61.729797979797965
390,0.32447368421052636,0.7000000000000001,30.0,4.528688524590166,244,72.36475409836068
391,0.32447368421052636,0.7000000000000001,90.0,8.017441860465112,172,143.9011627906976
392,0.32447368421052636,0.7000000000000001,150.0,8.131428571428572,175,132.2685714285715
393,0.32447368421052636,0.7000000000000001,210.0,6.861788617886179,123,85.46341463414642
394,0.32447368421052636,0.7000000000000001,270.0,4.865384615384614,52,39.40384615384615
395,0.32447368421052636,0.9,30.0,0.0,0,0.0
396,0.32447368421052636,0.9,90.0,0.0,0,0.0
397,0.32447368421052636,0.9,150.0,0.0,0,0.0
398,0.32447368421052636,0.9,210.0,0.0,0,0.0
399,0.32447368421052636,0.9,270.0,0.0,0,0.0
400,0.3460526315789474,0.1,30.0,8.210875331564997,754,257.26127320954913
401,0.3460526315789474,0.1,90.0,11.336116910229642,958,276.90187891440434
402,0.3460526315789474,0.1,150.0,11.72551724137929,1450,266.9668965517237
403,0.3460526315789474,0.1,210.0,9.997893628225372,1899,187.02790942601322
404,0.3460526315789474,0.1,270.0,5.857071960297769,2015,63.991066997518466
405,0.3460526315789474,0.30000000000000004,30.0,10.817910447761193,335,329.42686567164156
406,0.3460526315789474,0.30000000000000004,90.0,12.28414442700157,637,297.2386185243332
407,0.3460526315789474,0.30000000000000004,150.0,12.552800734618907,1089,293.88613406795156
408,0.3460526315789474,0.30000000000000004,210.0,10.178829717291245,1521,180.36686390532557
409,0.3460526315789474,0.30000000000000004,270.0,6.409836065573776,1220,74.95081967213102
410,0.3460526315789474,0.5,30.0,7.153456998313664,593,152.31365935919052
411,0.3460526315789474,0.5,90.0,11.117250673854437,742,241.81805929919142
412,0.3460526315789474,0.5,150.0,10.703557312252965,1012,235.22924901185752
413,0.3460526315789474,0.5,210.0,9.24029574861368,1082,144.9741219963031
414,0.3460526315789474,0.5,270.0,6.082024432809768,573,65.09773123909265
415,0.3460526315789474,0.7000000000000001,30.0,4.181286549707607,171,50.0526315789474
416,0.3460526315789474,0.7000000000000001,90.0,7.827338129496406,139,158.64748201438852
417,0.3460526315789474,0.7000000000000001,150.0,8.109090909090913,110,126.16363636363641
418,0.3460526315789474,0.7000000000000001,210.0,6.769230769230771,91,115.01098901098905
419,0.3460526315789474,0.7000000000000001,270.0,6.20689655172414,29,69.0344827586207
420,0.3460526315789474,0.9,30.0,0.0,0,0.0
421,0.3460526315789474,0.9,90.0,0.0,0,0.0
422,0.3460526315789474,0.9,150.0,0.0,0,0.0
423,0.3460526315789474,0.9,210.0,0.0,0,0.0
424,0.3460526315789474,0.9,270.0,0.0,0,0.0
425,0.3676315789473684,0.1,30.0,8.513986013986015,572,221.18181818181807
426,0.3676315789473684,0.1,90.0,11.476863753213356,778,285.93701799485876
427,0.3676315789473684,0.1,150.0,11.775780510879837,1057,280.99053926206255
428,0.3676315789473684,0.1,210.0,10.290745856353585,1448,187.56698895027614
429,0.3676315789473684,0.1,270.0,5.951276102088169,1293,65.08662026295433
430,0.3676315789473684,0.30000000000000004,30.0,10.75786163522013,318,411.09119496855374
431,0.3676315789473684,0.30000000000000004,90.0,12.906844106463879,526,344.7623574144485
432,0.3676315789473684,0.30000000000000004,150.0,12.316610925306584,897,281.35785953177196
433,0.3676315789473684,0.30000000000000004,210.0,10.132389675270627,1201,185.82597835137398
434,0.3676315789473684,0.30000000000000004,270.0,6.763975155279499,644,78.20496894409963
435,0.3676315789473684,0.5,30.0,7.480412371134013,485,170.44948453608228
436,0.3676315789473684,0.5,90.0,11.375806451612922,620,259.9274193548385
437,0.3676315789473684,0.5,150.0,10.692802056555276,778,204.45115681233952
438,0.3676315789473684,0.5,210.0,9.306122448979602,735,165.31428571428572
439,0.3676315789473684,0.5,270.0,6.028653295128941,349,63.63323782234961
440,0.3676315789473684,0.7000000000000001,30.0,5.277310924369751,119,91.51260504201687
441,0.3676315789473684,0.7000000000000001,90.0,9.941176470588232,85,310.92941176470583
442,0.3676315789473684,0.7000000000000001,150.0,8.016949152542367,59,165.5762711864407
443,0.3676315789473684,0.7000000000000001,210.0,5.672727272727273,55,57.67272727272725
444,0.3676315789473684,0.7000000000000001,270.0,4.421052631578949,19,30.947368421052627
445,0.3676315789473684,0.9,30.0,0.0,0,0.0
446,0.3676315789473684,0.9,90.0,0.0,0,0.0
447,0.3676315789473684,0.9,150.0,0.0,0,0.0
448,0.3676315789473684,0.9,210.0,0.0,0,0.0
449,0.3676315789473684,0.9,270.0,0.0,0,0.0
450,0.3892105263157895,0.1,30.0,8.174392935982342,453,192.91169977924957
451,0.3892105263157895,0.1,90.0,11.672104404567703,613,299.61337683523675
452,0.3892105263157895,0.1,150.0,11.996345919610253,821,293.44336175395864
453,0.3892105263157895,0.1,210.0,9.47623862487364,989,161.98584428715853
454,0.3892105263157895,0.1,270.0,5.850114416475965,874,61.41075514874141
455,0.3892105263157895,0.30000000000000004,30.0,9.684745762711856,295,251.1152542372882
456,0.3892105263157895,0.30000000000000004,90.0,12.63034188034187,468,329.2072649572645
457,0.3892105263157895,0.30000000000000004,150.0,12.38967741935484,775,278.4232258064522
458,0.3892105263157895,0.30000000000000004,210.0,9.376068376068368,1053,153.8736942070275
459,0.3892105263157895,0.30000000000000004,270.0,6.457720588235291,544,70.87316176470594
460,0.3892105263157895,0.5,30.0,6.776349614395892,389,142.71465295629812
461,0.3892105263157895,0.5,90.0,11.033333333333346,480,279.8624999999997
462,0.3892105263157895,0.5,150.0,10.238952536824884,611,196.56628477905082
463,0.3892105263157895,0.5,210.0,8.608013937282227,574,131.8693379790942
464,0.3892105263157895,0.5,270.0,5.928000000000004,250,62.01600000000004
465,0.3892105263157895,0.7000000000000001,30.0,3.4347826086956523,46,33.00000000000001
466,0.3892105263157895,0.7000000000000001,90.0,5.024390243902439,41,65.56097560975608
467,0.3892105263157895,0.7000000000000001,150.0,4.642857142857142,14,40.64285714285715
468,0.3892105263157895,0.7000000000000001,210.0,3.5999999999999996,5,17.6
469,0.3892105263157895,0.7000000000000001,270.0,1.6666666666666665,3,5.666666666666666
470,0.3892105263157895,0.9,30.0,0.0,0,0.0
471,0.3892105263157895,0.9,90.0,0.0,0,0.0
472,0.3892105263157895,0.9,150.0,0.0,0,0.0
473,0.3892105263157895,0.9,210.0,0.0,0,0.0
474,0.3892105263157895,0.9,270.0,0.0,0,0.0
475,0.7,0.1,30.0,8.721804511278231,3724,220.75026852846386
476,0.7,0.1,90.0,11.652030008826097,4532,294.52493380405974
477,0.7,0.1,150.0,11.184364474383958,5641,248.12675057613828
478,0.7,0.1,210.0,9.60216535433071,5080,174.0612204724404
479,0.7,0.1,270.0,6.510056315366043,2486,78.1359613837488
480,0.7,0.30000000000000004,30.0,8.592943201376906,2324,206.171256454389
481,0.7,0.30000000000000004,90.0,11.72584692597241,3188,285.49184441656234
482,0.7,0.30000000000000004,150.0,11.221554219550201,4491,239.39701625473162
483,0.7,0.30000000000000004,210.0,9.065349863416678,4759,148.80395040975017
484,0.7,0.30000000000000004,270.0,6.217880085653112,1868,68.16327623126294
485,0.7,0.5,30.0,4.653773939166349,2663,74.18062335711602
486,0.7,0.5,90.0,8.413084112149534,2140,160.32149532710287
487,0.7,0.5,150.0,8.60085151676421,1879,153.7078233102716
488,0.7,0.5,210.0,7.671652954375467,1337,108.9850411368735
489,0.7,0.5,270.0,5.406483790523688,401,48.67331670822945
490,0.7,0.7000000000000001,30.0,0.0,0,0.0
491,0.7,0.7000000000000001,90.0,0.0,0,0.0
492,0.7,0.7000000000000001,150.0,0.0,0,0.0
493,0.7,0.7000000000000001,210.0,0.0,0,0.0
494,0.7,0.7000000000000001,270.0,0.0,0,0.0
495,0.7,0.9,30.0,0.0,0,0.0
496,0.7,0.9,90.0,0.0,0,0.0
497,0.7,0.9,150.0,0.0,0,0.0
498,0.7,0.9,210.0,0.0,0,0.0
499,0.7,0.9,270.0,0.0,0,0.0
