,voc_bin,elo_bin,rtmean,rtcount,rt_squaredmean
0,0.0007894736842105274,625.0,1.9817647931971218,2196246,7.21515485970154
1,0.0007894736842105274,1387.5,1.7478867038765438,2328235,5.2643195381909385
2,0.0007894736842105274,1662.5,1.614221616997501,1832928,4.710444709230255
3,0.0007894736842105274,2400.0,1.4335621826000358,1421314,4.053854391077556
4,0.022368421052631583,625.0,2.1603431601802217,472549,7.823497669024813
5,0.022368421052631583,1387.5,1.8912474771207972,555417,5.898413264268104
6,0.022368421052631583,1662.5,1.7461678669189824,459209,5.1823897179715805
7,0.022368421052631583,2400.0,1.5579013446090637,367988,4.366748372229532
8,0.04394736842105264,625.0,2.233474329181773,229794,8.349030000783298
9,0.04394736842105264,1387.5,1.9646368373430425,279613,6.42329934588165
10,0.04394736842105264,1662.5,1.8257910753917532,237904,5.670148463245664
11,0.04394736842105264,2400.0,1.6659915898060098,200471,5.000927814995669
12,0.0655263157894737,625.0,2.310244289559038,115928,9.234697398385185
13,0.0655263157894737,1387.5,2.029075168773609,145313,6.84589128295475
14,0.0655263157894737,1662.5,1.8968732943469744,128250,6.121855750487323
15,0.0655263157894737,2400.0,1.7583244680851098,112800,5.592668439716342
16,0.08710526315789476,625.0,2.3405726498412887,63634,9.241317534651296
17,0.08710526315789476,1387.5,2.0756643984328487,82443,7.187875259270032
18,0.08710526315789476,1662.5,1.9587278303773852,74990,6.576863581810886
19,0.08710526315789476,2400.0,1.8122238801603303,68358,5.888352497147367
20,0.1086842105263158,625.0,2.396353192274237,37951,9.583831783088684
21,0.1086842105263158,1387.5,2.133895921237688,49770,7.708338356439603
22,0.1086842105263158,1662.5,2.018348426045713,46380,7.016882276843465
23,0.1086842105263158,2400.0,1.8856709044349274,44127,6.5492102340970675
24,0.13026315789473686,625.0,2.4108298999411413,23786,16.950559152442708
25,0.13026315789473686,1387.5,2.1808298270937767,32561,8.014373022941554
26,0.13026315789473686,1662.5,2.051423948220065,30900,7.267605177993554
27,0.13026315789473686,2400.0,1.925002467024114,30401,6.804249860201976
28,0.1518421052631579,625.0,2.484396200814113,16214,10.299247563833765
29,0.1518421052631579,1387.5,2.21198012266644,22337,8.167121815821332
30,0.1518421052631579,1662.5,2.0911952596981678,21602,7.635218961207298
31,0.1518421052631579,2400.0,1.980885737096696,21293,7.19367867374255
32,0.17342105263157898,625.0,2.5092968952693955,11563,10.47816310646025
33,0.17342105263157898,1387.5,2.2264079388154947,15821,8.152961254029446
34,0.17342105263157898,1662.5,2.125079405412263,15742,7.715728624063
35,0.17342105263157898,2400.0,2.013304882640895,15934,7.376051211246401
36,0.195,625.0,2.5443156539046963,8541,10.715724154080299
37,0.195,1387.5,2.2580752580752446,12012,8.505827505827515
38,0.195,1662.5,2.1791849107443544,11876,8.62158976086227
39,0.195,2400.0,2.0263245584805043,12004,7.461846051316267
40,0.2165789473684211,625.0,2.52406730065838,6835,10.686466715435254
41,0.2165789473684211,1387.5,2.2813132928259177,9381,8.8072700138578
42,0.2165789473684211,1662.5,2.165816049516781,9209,7.953197958518813
43,0.2165789473684211,2400.0,2.042872117400413,9540,7.763626834381542
44,0.23815789473684212,625.0,2.5881583862532693,5354,11.14138961524094
45,0.23815789473684212,1387.5,2.2863958560523407,7336,8.848009814612837
46,0.23815789473684212,1662.5,2.1805244432731676,7589,8.208459612597178
47,0.23815789473684212,2400.0,2.0732872407290937,7955,7.838466373350087
48,0.25973684210526315,625.0,2.584298888626152,4229,11.06100733033815
49,0.25973684210526315,1387.5,2.298195790177077,5986,8.927330437687917
50,0.25973684210526315,1662.5,2.187029151654109,6106,8.143137897150364
51,0.25973684210526315,2400.0,2.142054940051604,6589,8.359690393079354
52,0.28131578947368424,625.0,2.590962787950387,3386,11.075310100413464
53,0.28131578947368424,1387.5,2.280869212022737,4924,8.659423233143803
54,0.28131578947368424,1662.5,2.194823434991983,4984,8.104935794542522
55,0.28131578947368424,2400.0,2.1041549163376447,5319,8.28764805414548
56,0.3028947368421053,625.0,2.6978571428571416,2800,12.345714285714273
57,0.3028947368421053,1387.5,2.347148957548352,3981,9.174076865109246
58,0.3028947368421053,1662.5,2.2268649064342463,3901,8.688797744168157
59,0.3028947368421053,2400.0,2.0601706331387635,4454,7.864391558149975
60,0.32447368421052636,625.0,2.5534026465028425,2116,10.836011342155006
61,0.32447368421052636,1387.5,2.3586713510060626,3131,9.611306291919503
62,0.32447368421052636,1662.5,2.221564760026293,3042,8.552925706771827
63,0.32447368421052636,2400.0,2.164877757901019,3354,8.644901610017893
64,0.3460526315789474,625.0,2.7096774193548336,1643,11.724893487522811
65,0.3460526315789474,1387.5,2.327795240233494,2227,8.791198922317019
66,0.3460526315789474,1662.5,2.2819629789065794,2323,8.929401635815763
67,0.3460526315789474,2400.0,2.1746345318056077,2531,9.020940339786632
68,0.3676315789473684,625.0,2.5830696202531622,1264,10.690664556962023
69,0.3676315789473684,1387.5,2.3663895486935895,1684,9.85332541567695
70,0.3676315789473684,1662.5,2.2679312388855983,1687,9.203319502074677
71,0.3676315789473684,2400.0,2.207676130389064,1902,9.35278654048369
72,0.3892105263157895,625.0,2.7041800643086797,933,12.112540192926048
73,0.3892105263157895,1387.5,2.3666398066075724,1241,9.095084609186145
74,0.3892105263157895,1662.5,2.3817903596021397,1307,9.581484315225724
75,0.3892105263157895,2400.0,2.2411396803335646,1439,9.63794301598333
76,0.7,625.0,2.562896778744402,4253,11.337879144133534
77,0.7,1387.5,2.3697819841135748,5917,9.676863275308424
78,0.7,1662.5,2.340974212034385,5933,9.58924658688688
79,0.7,2400.0,2.3533354114713263,6416,10.757637157107258
