,voc_bin,elo_bin,rtmean,rtcount,rt_squaredmean
0,0.0007894736842105274,625.0,7.10844558265345,2598234,108.44446381657689
1,0.0007894736842105274,1387.5,6.533084381678953,2567299,96.95305338412078
2,0.0007894736842105274,1662.5,6.264639564754584,2120367,92.21115354087294
3,0.0007894736842105274,2400.0,6.047598104399697,1355138,94.6106389164794
4,0.022368421052631583,625.0,8.254437324476362,575065,133.746411275247
5,0.022368421052631583,1387.5,7.580570880074461,618834,118.35814289454044
6,0.022368421052631583,1662.5,7.311937034105263,533114,115.2553600168069
7,0.022368421052631583,2400.0,7.18604200230969,350695,116.08997276835997
8,0.04394736842105264,625.0,8.587745254981115,309219,143.39096886025763
9,0.04394736842105264,1387.5,8.026202708739916,340232,130.88919619553727
10,0.04394736842105264,1662.5,7.851520817792877,298951,130.6577599673524
11,0.04394736842105264,2400.0,7.870087276388535,200627,139.4283122411243
12,0.0655263157894737,625.0,8.905143908002614,169657,153.8774940026053
13,0.0655263157894737,1387.5,8.328140609390625,192192,139.0584415584414
14,0.0655263157894737,1662.5,8.267272307781056,173370,143.13873795927776
15,0.0655263157894737,2400.0,8.341875447387272,118745,152.66562802644304
16,0.08710526315789476,625.0,9.099376461418538,100074,158.54238863241207
17,0.08710526315789476,1387.5,8.658557716226788,116579,152.36668696763596
18,0.08710526315789476,1662.5,8.597210760086412,107843,153.0366829557785
19,0.08710526315789476,2400.0,8.742265149086236,74856,169.8493507534467
20,0.1086842105263158,625.0,9.295441089402017,62493,164.94909829900948
21,0.1086842105263158,1387.5,8.960763293310471,74624,165.11109026586655
22,0.1086842105263158,1662.5,8.872639375777432,70744,163.66719439104392
23,0.1086842105263158,2400.0,9.014964370546329,50520,178.56726049089463
24,0.13026315789473686,625.0,9.449381487274291,42198,171.01850798616064
25,0.13026315789473686,1387.5,9.047831733039505,50824,164.78575082638102
26,0.13026315789473686,1662.5,9.1265177419685,48839,176.25815434386453
27,0.13026315789473686,2400.0,9.224322406697894,35235,189.3709947495388
28,0.1518421052631579,625.0,9.661997440905099,29698,177.4431274833322
29,0.1518421052631579,1387.5,9.301635456024718,36259,173.09947875010326
30,0.1518421052631579,1662.5,9.347365431046725,35205,180.68598210481483
31,0.1518421052631579,2400.0,9.371103375444909,25567,192.58227402511017
32,0.17342105263157898,625.0,9.759810303143013,21508,264.6433885066024
33,0.17342105263157898,1387.5,9.472637743872866,26807,181.2693326369976
34,0.17342105263157898,1662.5,9.416022120091169,26763,187.12704106415563
35,0.17342105263157898,2400.0,9.576812634601586,19502,196.22443851912652
36,0.195,625.0,9.853201082055914,16635,185.6785091674177
37,0.195,1387.5,9.472112813031845,20565,178.77461706783373
38,0.195,1662.5,9.574544032076655,20451,192.18292504034028
39,0.195,2400.0,9.637702211951146,15145,206.49461868603515
40,0.2165789473684211,625.0,9.858454889249032,12957,182.8974299606389
41,0.2165789473684211,1387.5,9.715072854169202,16334,187.4938165789153
42,0.2165789473684211,1662.5,9.716006358522854,16356,198.55300807043272
43,0.2165789473684211,2400.0,9.723406019401375,12061,205.19907138711565
44,0.23815789473684212,625.0,9.994533459000923,10610,189.34137606032058
45,0.23815789473684212,1387.5,9.57019025931095,13613,180.11099684125443
46,0.23815789473684212,1662.5,9.819232751638335,13581,197.26389809292405
47,0.23815789473684212,2400.0,9.82001000500251,9995,209.6677338669331
48,0.25973684210526315,625.0,10.311736223195773,8674,204.18676504496173
49,0.25973684210526315,1387.5,9.842468866466687,11001,192.3060630851741
50,0.25973684210526315,1662.5,9.776774311257057,10962,198.55637657361805
51,0.25973684210526315,2400.0,9.606807368549477,8197,204.27412467976112
52,0.28131578947368424,625.0,10.290451686678098,6996,196.17352773013164
53,0.28131578947368424,1387.5,9.83357025697102,9145,196.15571350464742
54,0.28131578947368424,1662.5,9.892520775623268,9025,204.10770083102548
55,0.28131578947368424,2400.0,9.86836027713626,6928,218.0366628175518
56,0.3028947368421053,625.0,10.307218309859161,5680,199.04348591549314
57,0.3028947368421053,1387.5,9.945503718728856,7395,197.1019607843132
58,0.3028947368421053,1662.5,9.69948392219133,7557,195.10056900886613
59,0.3028947368421053,2400.0,9.88869443472174,5714,213.1722086104306
60,0.32447368421052636,625.0,10.398075240594938,4572,204.1885389326333
61,0.32447368421052636,1387.5,9.96960801243309,5791,206.20272837161107
62,0.32447368421052636,1662.5,10.075008242664053,6066,209.38757006264453
63,0.32447368421052636,2400.0,9.784440481498017,4486,211.50445831475753
64,0.3460526315789474,625.0,10.629906025428431,3618,220.80735212824737
65,0.3460526315789474,1387.5,9.99641255605379,4460,202.58878923766852
66,0.3460526315789474,1662.5,10.337193460490468,4404,235.17279745685744
67,0.3460526315789474,2400.0,9.859887673662424,3383,218.21755838013596
68,0.3676315789473684,625.0,10.396253092965715,2829,204.57935666313168
69,0.3676315789473684,1387.5,10.595430884904578,3458,235.97137073452888
70,0.3676315789473684,1662.5,10.018090154211144,3372,193.37574139976297
71,0.3676315789473684,2400.0,10.101270849880892,2518,217.89793486894337
72,0.3892105263157895,625.0,10.647856517935251,2286,218.10367454068268
73,0.3892105263157895,1387.5,10.40795059822463,2591,208.50906985719806
74,0.3892105263157895,1662.5,10.449999999999985,2580,233.46162790697682
75,0.3892105263157895,2400.0,10.445043103448269,1856,240.53340517241367
76,0.7,625.0,10.239763421292071,10990,200.37934485896247
77,0.7,1387.5,10.39928337747312,12838,218.32138962455218
78,0.7,1662.5,10.617548387096779,11625,242.95647311827975
79,0.7,2400.0,10.331922099915335,8267,236.6580379823395
