,voc_bin,U_bin,clock_bin,rtmean,rtcount,rt_squaredmean
0,0.0007894736842105274,0.1,30.0,2.9018317344897597,547896,30.96231401579862
1,0.0007894736842105274,0.1,90.0,3.993775109967759,503784,36.543050196115736
2,0.0007894736842105274,0.1,150.0,3.244683407425209,249690,21.434759101285596
3,0.0007894736842105274,0.30000000000000004,30.0,3.613086912142741,211616,41.03810203387267
4,0.0007894736842105274,0.30000000000000004,90.0,4.848365625241872,310088,53.10249993550216
5,0.0007894736842105274,0.30000000000000004,150.0,3.518706293706296,354640,25.274187908865287
6,0.0007894736842105274,0.5,30.0,3.009462338497952,444499,33.22467992053978
7,0.0007894736842105274,0.5,90.0,4.821618007263717,710380,57.570684703961284
8,0.0007894736842105274,0.5,150.0,2.620133854244299,3636194,16.157266361475756
9,0.0007894736842105274,0.7000000000000001,30.0,3.5812207830601746,216484,38.693395354853
10,0.0007894736842105274,0.7000000000000001,90.0,4.96005090049732,385065,53.09588251334184
11,0.0007894736842105274,0.7000000000000001,150.0,3.6982053158726313,558817,26.27792998423454
12,0.0007894736842105274,0.9,30.0,2.5996624987170134,662516,21.21983770957986
13,0.0007894736842105274,0.9,90.0,4.058714769158605,656598,34.89907371024585
14,0.0007894736842105274,0.9,150.0,3.349854994101459,406880,20.818110990955503
15,0.022368421052631583,0.1,30.0,4.002722838697459,126706,45.7607769166417
16,0.022368421052631583,0.1,90.0,5.068570992715757,157326,53.21536173296211
17,0.022368421052631583,0.1,150.0,3.768289905988749,92223,26.79976795376427
18,0.022368421052631583,0.30000000000000004,30.0,4.032130404090108,46747,46.77515134661056
19,0.022368421052631583,0.30000000000000004,90.0,5.710682799630243,72481,66.99121148990773
20,0.022368421052631583,0.30000000000000004,150.0,3.922902208201894,103025,29.287930114050027
21,0.022368421052631583,0.5,30.0,4.13352330257182,69134,52.04716926548443
22,0.022368421052631583,0.5,90.0,5.862611498800305,163791,75.57054416909351
23,0.022368421052631583,0.5,150.0,3.092937178429241,871309,20.86940683500345
24,0.022368421052631583,0.7000000000000001,30.0,3.7601809954751166,47957,38.87242738286382
25,0.022368421052631583,0.7000000000000001,90.0,5.429945511754627,78182,58.045483615154424
26,0.022368421052631583,0.7000000000000001,150.0,4.118204376268892,88660,30.27432889690957
27,0.022368421052631583,0.9,30.0,3.4746912004616717,90107,31.383666085875657
28,0.022368421052631583,0.9,90.0,4.873169165411114,121461,45.12235203069297
29,0.022368421052631583,0.9,150.0,3.7715385029327892,74332,24.952187483183543
30,0.04394736842105264,0.1,30.0,4.197283103424132,71405,51.8746726419719
31,0.04394736842105264,0.1,90.0,5.404023267086769,86646,60.41489509036768
32,0.04394736842105264,0.1,150.0,3.944929085460135,52387,29.439154752133163
33,0.04394736842105264,0.30000000000000004,30.0,4.552524139718748,30862,58.47398094744347
34,0.04394736842105264,0.30000000000000004,90.0,6.07438503461482,54312,73.25626012667556
35,0.04394736842105264,0.30000000000000004,150.0,4.053010765408727,84530,31.282065538861936
36,0.04394736842105264,0.5,30.0,4.796377054679638,35772,67.05082187185512
37,0.04394736842105264,0.5,90.0,6.311171900645586,91390,81.90797680271348
38,0.04394736842105264,0.5,150.0,3.5951413880985372,337051,26.453219245752095
39,0.04394736842105264,0.7000000000000001,30.0,4.058394848437259,31835,43.27347259305808
40,0.04394736842105264,0.7000000000000001,90.0,5.700603858084163,54483,63.117155810069114
41,0.04394736842105264,0.7000000000000001,150.0,4.232116949183674,54451,31.53659253273586
42,0.04394736842105264,0.9,30.0,3.287999649368862,45632,30.09624824684432
43,0.04394736842105264,0.9,90.0,4.883456364668797,51071,46.40138238922282
44,0.04394736842105264,0.9,150.0,3.831992427827738,27469,25.74724234591718
45,0.0655263157894737,0.1,30.0,4.5687495012369315,37593,58.77799058335332
46,0.0655263157894737,0.1,90.0,5.706469330426398,47702,66.98784118066332
47,0.0655263157894737,0.1,150.0,4.075942609275943,29970,31.71891891891887
48,0.0655263157894737,0.30000000000000004,30.0,4.88830848133725,21058,65.83246272200586
49,0.0655263157894737,0.30000000000000004,90.0,6.371201819665238,40447,81.77456918930937
50,0.0655263157894737,0.30000000000000004,150.0,4.14599136601913,64860,32.72674992291095
51,0.0655263157894737,0.5,30.0,5.064027939464486,21475,70.84749708963908
52,0.0655263157894737,0.5,90.0,6.592976613940821,52852,88.69310527510784
53,0.0655263157894737,0.5,150.0,3.9968864733800387,145173,31.401321182313545
54,0.0655263157894737,0.7000000000000001,30.0,4.245336402436101,20853,46.896753464729315
55,0.0655263157894737,0.7000000000000001,90.0,5.8908192050945445,35803,67.20115632768194
56,0.0655263157894737,0.7000000000000001,150.0,4.394331390914358,32777,34.04951642920339
57,0.0655263157894737,0.9,30.0,3.5171389741782875,19867,33.241808023355304
58,0.0655263157894737,0.9,90.0,4.895238095238093,21525,47.53988385598134
59,0.0655263157894737,0.9,150.0,3.80537313432836,10050,25.263482587064704
60,0.08710526315789476,0.1,30.0,4.745254568032643,22548,64.21252439240726
61,0.08710526315789476,0.1,90.0,5.9892562883379945,27551,76.35490544807817
62,0.08710526315789476,0.1,150.0,4.249432076328937,17608,34.73705134029986
63,0.08710526315789476,0.30000000000000004,30.0,5.14686274509804,15300,70.12084967320261
64,0.08710526315789476,0.30000000000000004,90.0,6.7099004062377094,30524,90.5039640938278
65,0.08710526315789476,0.30000000000000004,150.0,4.271572492334646,50226,34.85250666985221
66,0.08710526315789476,0.5,30.0,5.202531645569625,13746,71.08598865124415
67,0.08710526315789476,0.5,90.0,6.742420997889198,32689,89.67490593165884
68,0.08710526315789476,0.5,150.0,4.162492413514061,74145,33.789574482433075
69,0.08710526315789476,0.7000000000000001,30.0,4.456262714327223,13764,48.88331880267356
70,0.08710526315789476,0.7000000000000001,90.0,6.016321996239954,23404,69.53606221158779
71,0.08710526315789476,0.7000000000000001,150.0,4.469981051161862,20054,35.02238954821984
72,0.08710526315789476,0.9,30.0,3.227203443019815,11153,28.12023670761231
73,0.08710526315789476,0.9,90.0,4.69036254696862,9847,44.97085406722857
74,0.08710526315789476,0.9,150.0,3.801929777539533,3731,25.486732779415725
75,0.1086842105263158,0.1,30.0,4.84759472115795,14094,70.66666666666679
76,0.1086842105263158,0.1,90.0,6.316705069124431,17360,83.48110599078343
77,0.1086842105263158,0.1,150.0,4.436199722607485,11536,37.70405686546462
78,0.1086842105263158,0.30000000000000004,30.0,5.290588135449374,11783,73.44521768649741
79,0.1086842105263158,0.30000000000000004,90.0,6.88107523302264,24032,94.74242676431419
80,0.1086842105263158,0.30000000000000004,150.0,4.316604769351062,40928,36.66507036747457
81,0.1086842105263158,0.5,30.0,5.3439372480662435,9179,70.03573374005879
82,0.1086842105263158,0.5,90.0,6.779149387597645,20738,89.05960073295407
83,0.1086842105263158,0.5,150.0,4.435455243847518,37749,37.27044425017883
84,0.1086842105263158,0.7000000000000001,30.0,4.6762107146851575,8941,58.5654848450956
85,0.1086842105263158,0.7000000000000001,90.0,6.018664510477728,14841,67.82743750421133
86,0.1086842105263158,0.7000000000000001,150.0,4.55847505440477,12407,36.66422181026839
87,0.1086842105263158,0.9,30.0,3.0660592255125247,7024,29.484054669703855
88,0.1086842105263158,0.9,90.0,4.528733459357274,5290,42.04593572778831
89,0.1086842105263158,0.9,150.0,3.746478873239438,1562,25.39948783610753
90,0.13026315789473686,0.1,30.0,5.040268456375845,9238,78.12838276683259
91,0.13026315789473686,0.1,90.0,6.545833687973448,11749,87.91650353221553
92,0.13026315789473686,0.1,150.0,4.485856136704773,8661,37.99307239348813
93,0.13026315789473686,0.30000000000000004,30.0,5.381439930290818,9181,77.18124387321643
94,0.13026315789473686,0.30000000000000004,90.0,7.033934478710915,18742,98.27126240529296
95,0.13026315789473686,0.30000000000000004,150.0,4.428414200811298,31801,37.904845759567344
96,0.13026315789473686,0.5,30.0,5.3192714819427165,6424,70.30588418430877
97,0.13026315789473686,0.5,90.0,7.0010771219302095,13926,94.96301881372985
98,0.13026315789473686,0.5,150.0,4.631106120157224,21372,39.718603780647555
99,0.13026315789473686,0.7000000000000001,30.0,4.836357411845258,5842,62.43478260869569
100,0.13026315789473686,0.7000000000000001,90.0,6.3910361842105194,9728,79.25884046052623
101,0.13026315789473686,0.7000000000000001,150.0,4.694904696648802,8027,39.02678460196837
102,0.13026315789473686,0.9,30.0,2.8072905563845656,4691,27.032402472820287
103,0.13026315789473686,0.9,90.0,4.473458621826574,3033,42.94757665677546
104,0.13026315789473686,0.9,150.0,3.549868766404198,762,23.599737532808394
105,0.1518421052631579,0.1,30.0,5.365342848278006,6446,83.73704623022036
106,0.1518421052631579,0.1,90.0,6.745966317277114,8491,93.80920975150151
107,0.1518421052631579,0.1,150.0,4.675514073209857,6857,42.22721306693883
108,0.1518421052631579,0.30000000000000004,30.0,5.748403221327411,7202,86.61899472368785
109,0.1518421052631579,0.30000000000000004,90.0,7.086317402814544,14354,99.60505782360315
110,0.1518421052631579,0.30000000000000004,150.0,4.502271006813016,23778,39.15051728488527
111,0.1518421052631579,0.5,30.0,5.3727254140257585,4891,78.09445921079543
112,0.1518421052631579,0.5,90.0,6.898919449901775,10180,93.2311394891945
113,0.1518421052631579,0.5,150.0,4.7570677436561795,13123,41.52503238588729
114,0.1518421052631579,0.7000000000000001,30.0,4.788988540109621,4014,61.97334329845539
115,0.1518421052631579,0.7000000000000001,90.0,6.546650351789531,6538,86.8265524625266
116,0.1518421052631579,0.7000000000000001,150.0,4.744330296569103,5159,40.86179492149641
117,0.1518421052631579,0.9,30.0,2.7587400484596776,2889,22.79958463136033
118,0.1518421052631579,0.9,90.0,4.1426886792452935,1696,35.81603773584907
119,0.1518421052631579,0.9,150.0,3.6909090909090896,385,23.64935064935068
120,0.17342105263157898,0.1,30.0,5.447729672650474,4735,83.15543822597657
121,0.17342105263157898,0.1,90.0,7.127176616915425,6432,104.24440298507457
122,0.17342105263157898,0.1,150.0,4.708657423063924,5914,42.18616841393307
123,0.17342105263157898,0.30000000000000004,30.0,5.703879941434845,5464,85.34480234260623
124,0.17342105263157898,0.30000000000000004,90.0,7.126183247008392,11198,99.89864261475269
125,0.17342105263157898,0.30000000000000004,150.0,4.59584612012275,18248,40.553320911880746
126,0.17342105263157898,0.5,30.0,5.357687576875768,4065,69.90528905289054
127,0.17342105263157898,0.5,90.0,7.008333333333338,7560,95.74695767195782
128,0.17342105263157898,0.5,150.0,4.822838345864667,8512,42.24318609022558
129,0.17342105263157898,0.7000000000000001,30.0,4.844517184942711,3055,61.85793780687394
130,0.17342105263157898,0.7000000000000001,90.0,6.451467752303403,4667,81.43325476751664
131,0.17342105263157898,0.7000000000000001,150.0,4.645134228187915,3576,39.08193512304246
132,0.17342105263157898,0.9,30.0,2.2674922600619167,1615,15.328792569659452
133,0.17342105263157898,0.9,90.0,3.476462196861624,701,25.878744650499293
134,0.17342105263157898,0.9,150.0,3.4000000000000012,125,27.864000000000033
135,0.195,0.1,30.0,5.73844419391206,3548,89.54453213077777
136,0.195,0.1,90.0,7.293103448275855,5278,104.4117089806744
137,0.195,0.1,150.0,4.7972540906526255,5317,42.75700583035541
138,0.195,0.30000000000000004,30.0,5.924823633156974,4536,100.70612874779543
139,0.195,0.30000000000000004,90.0,7.497201185380312,9111,110.74338711447707
140,0.195,0.30000000000000004,150.0,4.543518918141277,13902,40.02733419651856
141,0.195,0.5,30.0,5.382516867116469,3409,74.00674684658264
142,0.195,0.5,90.0,6.860479898299692,6293,90.03035118385489
143,0.195,0.5,150.0,4.728338762214972,6140,40.565146579804555
144,0.195,0.7000000000000001,30.0,4.56956875508543,2458,55.36696501220494
145,0.195,0.7000000000000001,90.0,6.318125770653513,3244,81.22688039457482
146,0.195,0.7000000000000001,150.0,4.582294800171893,2327,38.29522990975502
147,0.195,0.9,30.0,1.9895209580838318,668,13.480538922155668
148,0.195,0.9,90.0,3.1562499999999996,192,17.718749999999993
149,0.195,0.9,150.0,2.888888888888889,9,17.555555555555554
150,0.2165789473684211,0.1,30.0,6.058653149891383,2762,96.070963070239
151,0.2165789473684211,0.1,90.0,7.44979367262725,4362,108.68775790921596
152,0.2165789473684211,0.1,150.0,4.846631916599837,4988,44.41840417000799
153,0.2165789473684211,0.30000000000000004,30.0,5.837618403247637,3695,92.08822733423553
154,0.2165789473684211,0.30000000000000004,90.0,7.2373417721519,7268,102.5593010456796
155,0.2165789473684211,0.30000000000000004,150.0,4.71182131832214,11014,42.87379698565455
156,0.2165789473684211,0.5,30.0,5.337316490269719,2929,73.30658927961771
157,0.2165789473684211,0.5,90.0,6.9004029936672415,5211,95.04548071387443
158,0.2165789473684211,0.5,150.0,4.832020438577822,4697,41.87694272940176
159,0.2165789473684211,0.7000000000000001,30.0,4.258566978193148,1926,59.60020768431987
160,0.2165789473684211,0.7000000000000001,90.0,6.079143389199256,2148,77.16480446927373
161,0.2165789473684211,0.7000000000000001,150.0,4.642097802976609,1411,39.370659107016245
162,0.2165789473684211,0.9,30.0,0.0,0,0.0
163,0.2165789473684211,0.9,90.0,0.0,0,0.0
164,0.2165789473684211,0.9,150.0,0.0,0,0.0
165,0.23815789473684212,0.1,30.0,5.873411978221423,2204,101.44419237749567
166,0.23815789473684212,0.1,90.0,7.707054812483603,3813,116.96118541830587
167,0.23815789473684212,0.1,150.0,4.659769624573382,4688,40.228882252559714
168,0.23815789473684212,0.30000000000000004,30.0,5.742493472584861,3064,89.33191906005221
169,0.23815789473684212,0.30000000000000004,90.0,7.487559729774266,6069,110.88185862580318
170,0.23815789473684212,0.30000000000000004,150.0,4.717501148369314,8708,41.15043638034
171,0.23815789473684212,0.5,30.0,5.430866965620334,2676,82.38228699551566
172,0.23815789473684212,0.5,90.0,6.8253572238602915,4409,90.58040371966446
173,0.23815789473684212,0.5,150.0,4.869287720194018,3917,43.47434260913966
174,0.23815789473684212,0.7000000000000001,30.0,4.325396825396825,1260,67.29206349206353
175,0.23815789473684212,0.7000000000000001,90.0,6.377934272300461,1278,86.37323943661985
176,0.23815789473684212,0.7000000000000001,150.0,4.990267639902677,822,47.75425790754256
177,0.23815789473684212,0.9,30.0,0.0,0,0.0
178,0.23815789473684212,0.9,90.0,0.0,0,0.0
179,0.23815789473684212,0.9,150.0,0.0,0,0.0
180,0.25973684210526315,0.1,30.0,6.09183673469388,1862,95.45703544575713
181,0.25973684210526315,0.1,90.0,7.574299462213413,3533,111.77752618171532
182,0.25973684210526315,0.1,150.0,4.78039965986395,4704,44.819515306122454
183,0.25973684210526315,0.30000000000000004,30.0,6.037678975131879,2654,98.81085154483783
184,0.25973684210526315,0.30000000000000004,90.0,7.364292878635909,4985,109.40882647943829
185,0.25973684210526315,0.30000000000000004,150.0,4.452234522345228,7317,39.27360940276066
186,0.25973684210526315,0.5,30.0,5.340711805555566,2304,76.88585069444437
187,0.25973684210526315,0.5,90.0,6.961445133459147,3709,94.912914532219
188,0.25973684210526315,0.5,150.0,4.692706645056724,3085,39.53679092382494
189,0.25973684210526315,0.7000000000000001,30.0,3.970273483947682,841,54.108204518430426
190,0.25973684210526315,0.7000000000000001,90.0,6.005449591280661,734,74.33514986376026
191,0.25973684210526315,0.7000000000000001,150.0,4.234972677595627,366,31.8142076502732
192,0.25973684210526315,0.9,30.0,0.0,0,0.0
193,0.25973684210526315,0.9,90.0,0.0,0,0.0
194,0.25973684210526315,0.9,150.0,0.0,0,0.0
195,0.28131578947368424,0.1,30.0,6.335347432024169,1655,107.46888217522647
196,0.28131578947368424,0.1,90.0,7.758880855077012,3181,120.28701666142727
197,0.28131578947368424,0.1,150.0,4.711743772241992,4496,44.17304270462633
198,0.28131578947368424,0.30000000000000004,30.0,6.077636718749997,2048,97.36669921875003
199,0.28131578947368424,0.30000000000000004,90.0,7.188229325215619,3942,103.18772196854385
200,0.28131578947368424,0.30000000000000004,150.0,4.657407407407409,5184,40.70640432098778
201,0.28131578947368424,0.5,30.0,5.6381479617513905,1987,83.283844992451
202,0.28131578947368424,0.5,90.0,6.540442390227808,3029,82.57741828986468
203,0.28131578947368424,0.5,150.0,4.902666102412189,2363,43.65594583157007
204,0.28131578947368424,0.7000000000000001,30.0,3.7615526802218113,541,41.87615526802217
205,0.28131578947368424,0.7000000000000001,90.0,5.604166666666658,480,66.63749999999999
206,0.28131578947368424,0.7000000000000001,150.0,5.425837320574163,209,56.45933014354073
207,0.28131578947368424,0.9,30.0,0.0,0,0.0
208,0.28131578947368424,0.9,90.0,0.0,0,0.0
209,0.28131578947368424,0.9,150.0,0.0,0,0.0
210,0.3028947368421053,0.1,30.0,5.9475635593220435,1888,94.60222457627115
211,0.3028947368421053,0.1,90.0,7.361637347767254,2956,109.89546684709077
212,0.3028947368421053,0.1,150.0,4.730121608980351,4276,43.50046772684753
213,0.3028947368421053,0.30000000000000004,30.0,6.653287197231837,1445,112.76678200692027
214,0.3028947368421053,0.30000000000000004,90.0,7.798017771701984,2926,120.62371838687633
215,0.3028947368421053,0.30000000000000004,150.0,4.856184598873085,3727,44.54708881137644
216,0.3028947368421053,0.5,30.0,5.17561858780929,1657,69.37477368738685
217,0.3028947368421053,0.5,90.0,6.632848232848241,2405,84.26195426195426
218,0.3028947368421053,0.5,150.0,4.710120068610636,1749,39.6923956546598
219,0.3028947368421053,0.7000000000000001,30.0,3.4212962962962954,432,40.7638888888889
220,0.3028947368421053,0.7000000000000001,90.0,5.976653696498053,257,64.87159533073927
221,0.3028947368421053,0.7000000000000001,150.0,4.180555555555554,144,33.638888888888914
222,0.3028947368421053,0.9,30.0,0.0,0,0.0
223,0.3028947368421053,0.9,90.0,0.0,0,0.0
224,0.3028947368421053,0.9,150.0,0.0,0,0.0
225,0.32447368421052636,0.1,30.0,6.070194384449246,1852,112.93412526997844
226,0.32447368421052636,0.1,90.0,7.291086350974927,2872,105.56615598885797
227,0.32447368421052636,0.1,150.0,4.593051440883383,3713,40.99596014004848
228,0.32447368421052636,0.30000000000000004,30.0,6.668896321070241,897,104.54403567447048
229,0.32447368421052636,0.30000000000000004,90.0,7.861509073543467,2094,122.19197707736409
230,0.32447368421052636,0.30000000000000004,150.0,5.322323915638681,2513,56.09988062077201
231,0.32447368421052636,0.5,30.0,5.356374807987715,1302,71.40552995391705
232,0.32447368421052636,0.5,90.0,6.732905982905993,1872,87.41025641025637
233,0.32447368421052636,0.5,150.0,4.760886777513858,1263,42.689627870150446
234,0.32447368421052636,0.7000000000000001,30.0,3.9774919614147937,311,50.009646302250836
235,0.32447368421052636,0.7000000000000001,90.0,5.615740740740746,216,62.27314814814816
236,0.32447368421052636,0.7000000000000001,150.0,4.494845360824741,97,35.52577319587628
237,0.32447368421052636,0.9,30.0,0.0,0,0.0
238,0.32447368421052636,0.9,90.0,0.0,0,0.0
239,0.32447368421052636,0.9,150.0,0.0,0,0.0
240,0.3460526315789474,0.1,30.0,6.014462809917355,1452,98.99104683195606
241,0.3460526315789474,0.1,90.0,7.288757932910253,2206,103.39483227561202
242,0.3460526315789474,0.1,150.0,4.700594613501228,2859,43.82126617698501
243,0.3460526315789474,0.30000000000000004,30.0,7.323193916349809,789,130.98859315589365
244,0.3460526315789474,0.30000000000000004,90.0,7.556785090273732,1717,113.0081537565521
245,0.3460526315789474,0.30000000000000004,150.0,5.038683602771367,1732,46.5941108545035
246,0.3460526315789474,0.5,30.0,5.0812379110251396,1034,66.22630560928417
247,0.3460526315789474,0.5,90.0,6.87096774193548,1333,88.98949737434347
248,0.3460526315789474,0.5,150.0,4.476136363636363,880,35.62613636363636
249,0.3460526315789474,0.7000000000000001,30.0,3.287449392712553,247,36.364372469635654
250,0.3460526315789474,0.7000000000000001,90.0,5.035460992907801,141,45.13475177304965
251,0.3460526315789474,0.7000000000000001,150.0,3.5483870967741917,62,19.741935483870954
252,0.3460526315789474,0.9,30.0,0.0,0,0.0
253,0.3460526315789474,0.9,90.0,0.0,0,0.0
254,0.3460526315789474,0.9,150.0,0.0,0,0.0
255,0.3676315789473684,0.1,30.0,5.888027562446169,1161,88.88027562446159
256,0.3676315789473684,0.1,90.0,7.174044875682228,1649,99.3147362037598
257,0.3676315789473684,0.1,150.0,4.67837837837838,1850,41.08918918918922
258,0.3676315789473684,0.30000000000000004,30.0,6.743283582089551,670,116.6000000000001
259,0.3676315789473684,0.30000000000000004,90.0,7.476719944405845,1439,102.04933981931902
260,0.3676315789473684,0.30000000000000004,150.0,5.074484944532491,1262,44.78446909667198
261,0.3676315789473684,0.5,30.0,5.040342298288514,818,70.49511002444987
262,0.3676315789473684,0.5,90.0,6.58232931726908,996,89.6345381526104
263,0.3676315789473684,0.5,150.0,4.669950738916258,609,38.40394088669947
264,0.3676315789473684,0.7000000000000001,30.0,3.6190476190476204,147,48.89795918367346
265,0.3676315789473684,0.7000000000000001,90.0,5.0309278350515445,97,57.42268041237114
266,0.3676315789473684,0.7000000000000001,150.0,3.541666666666666,24,20.125000000000004
267,0.3676315789473684,0.9,30.0,0.0,0,0.0
268,0.3676315789473684,0.9,90.0,0.0,0,0.0
269,0.3676315789473684,0.9,150.0,0.0,0,0.0
270,0.3892105263157895,0.1,30.0,5.988636363636364,880,89.24772727272723
271,0.3892105263157895,0.1,90.0,8.52300613496933,1304,143.0107361963192
272,0.3892105263157895,0.1,150.0,4.765973826020012,1299,45.15396458814475
273,0.3892105263157895,0.30000000000000004,30.0,6.521381578947362,608,99.12006578947371
274,0.3892105263157895,0.30000000000000004,90.0,7.339378238341972,1158,104.68134715025903
275,0.3892105263157895,0.30000000000000004,150.0,4.8841657810839525,941,42.19128586609988
276,0.3892105263157895,0.5,30.0,5.203730272596843,697,66.54949784791965
277,0.3892105263157895,0.5,90.0,6.2439024390243905,820,78.00975609756082
278,0.3892105263157895,0.5,150.0,4.770234986945175,383,40.545691906005224
279,0.3892105263157895,0.7000000000000001,30.0,2.114285714285713,70,16.02857142857143
280,0.3892105263157895,0.7000000000000001,90.0,4.676470588235295,34,34.3235294117647
281,0.3892105263157895,0.7000000000000001,150.0,2.0,1,4.0
282,0.3892105263157895,0.9,30.0,0.0,0,0.0
283,0.3892105263157895,0.9,90.0,0.0,0,0.0
284,0.3892105263157895,0.9,150.0,0.0,0,0.0
285,0.7,0.1,30.0,6.285318985395852,6505,103.4465795541891
286,0.7,0.1,90.0,7.3264925373134435,7504,107.74386993603417
287,0.7,0.1,150.0,5.08411654135338,4256,48.501879699248136
288,0.7,0.30000000000000004,30.0,6.034449760765537,4180,92.24832535885159
289,0.7,0.30000000000000004,90.0,7.009122006841512,6139,94.41000162892988
290,0.7,0.30000000000000004,150.0,5.038878089419607,3601,47.10108303249103
291,0.7,0.5,30.0,3.9430656934306563,3425,47.23182481751831
292,0.7,0.5,90.0,5.732040546496251,2269,68.76156897311601
293,0.7,0.5,150.0,4.294186046511639,860,36.9058139534884
294,0.7,0.7000000000000001,30.0,0.0,0,0.0
295,0.7,0.7000000000000001,90.0,0.0,0,0.0
296,0.7,0.7000000000000001,150.0,0.0,0,0.0
297,0.7,0.9,30.0,0.0,0,0.0
298,0.7,0.9,90.0,0.0,0,0.0
299,0.7,0.9,150.0,0.0,0,0.0
