,voc_bin,elo_bin,rtmean,rtcount,rt_squaredmean
0,0.0007894736842105274,625.0,4.680019104777157,1036390,44.95180096295794
1,0.0007894736842105274,1387.5,4.174480939747532,1405569,38.17426323432001
2,0.0007894736842105274,1662.5,3.9746247637227903,1709856,36.48821304250179
3,0.0007894736842105274,2400.0,3.787201576150304,2205881,35.84277483690182
4,0.022368421052631583,625.0,5.321551868021819,227674,53.948149547159616
5,0.022368421052631583,1387.5,4.74755794308014,336192,45.902415881401105
6,0.022368421052631583,1662.5,4.508729676695943,428080,42.904945337320115
7,0.022368421052631583,2400.0,4.426586419861092,571570,44.32183984463848
8,0.04394736842105264,625.0,5.552875019669216,120747,58.73811357632069
9,0.04394736842105264,1387.5,5.029224995205879,182515,50.79631263183849
10,0.04394736842105264,1662.5,4.863698122791046,236255,49.996829696725975
11,0.04394736842105264,2400.0,4.818968951195786,323845,51.205042535781004
12,0.0655263157894737,625.0,5.75113289558864,64878,62.025863929221025
13,0.0655263157894737,1387.5,5.246374656794242,100887,67.73428687541505
14,0.0655263157894737,1662.5,5.113716104918712,135381,54.05240026296158
15,0.0655263157894737,2400.0,5.182148207905964,190894,59.3722746655212
16,0.08710526315789476,625.0,5.837482209511533,37239,63.36587985713901
17,0.08710526315789476,1387.5,5.446676611967517,60330,58.8782363666501
18,0.08710526315789476,1662.5,5.375505793360153,83285,60.12303536050912
19,0.08710526315789476,2400.0,5.436206725850631,121204,64.57578957790182
20,0.1086842105263158,625.0,6.029320722269983,23260,69.00524505588997
21,0.1086842105263158,1387.5,5.583147118432676,38486,61.265005456529636
22,0.1086842105263158,1662.5,5.505962709987084,54170,78.54210817795845
23,0.1086842105263158,2400.0,5.639435719727685,81378,69.8446017351126
24,0.13026315789473686,625.0,6.158660005124264,15612,70.37157314885992
25,0.13026315789473686,1387.5,5.742949234488314,26061,66.12873642607728
26,0.13026315789473686,1662.5,5.73039307628413,37321,66.84199244393237
27,0.13026315789473686,2400.0,5.802069001550001,57419,74.38455911806183
28,0.1518421052631579,625.0,6.305455552478548,10833,74.50890796639895
29,0.1518421052631579,1387.5,5.861906310995447,18444,68.94865538928646
30,0.1518421052631579,1662.5,5.837454900781728,26608,72.37406043295253
31,0.1518421052631579,2400.0,5.957728221992848,41659,77.41954919705229
32,0.17342105263157898,625.0,6.387019834295757,7966,76.16357017323622
33,0.17342105263157898,1387.5,5.897061017454874,13406,67.3153811726093
34,0.17342105263157898,1662.5,5.868052371491154,19629,69.77849100820214
35,0.17342105263157898,2400.0,6.08849361108469,31539,80.2026380037416
36,0.195,625.0,6.517957166392094,6070,78.53937397034588
37,0.195,1387.5,6.071579961464358,10380,72.04730250481697
38,0.195,1662.5,6.003895850918767,15401,76.32465424323092
39,0.195,2400.0,6.156194187368075,24636,82.85979866861503
40,0.2165789473684211,625.0,6.54712153518125,4690,79.29722814498932
41,0.2165789473684211,1387.5,6.04129395907363,8161,72.5319201078299
42,0.2165789473684211,1662.5,6.056578838688352,12107,75.87519616750643
43,0.2165789473684211,2400.0,6.274407679738563,19584,85.44311683006532
44,0.23815789473684212,625.0,6.536012526096038,3832,80.83507306889356
45,0.23815789473684212,1387.5,6.168193422435792,6659,74.04985733593631
46,0.23815789473684212,1662.5,6.02831519548569,9924,73.12565497783132
47,0.23815789473684212,2400.0,6.356398627114486,16316,91.37760480509921
48,0.25973684210526315,625.0,6.7623303541873545,3021,84.85435286329026
49,0.25973684210526315,1387.5,6.106972477064215,5450,73.68715596330283
50,0.25973684210526315,1662.5,6.216686967113283,8210,80.13580998781971
51,0.25973684210526315,2400.0,6.292784560274876,13679,87.10293150084068
52,0.28131578947368424,625.0,6.6017080745341685,2576,80.5372670807454
53,0.28131578947368424,1387.5,6.219964664310963,4528,77.30521201413433
54,0.28131578947368424,1662.5,6.212063117534282,6781,77.24907830703444
55,0.28131578947368424,2400.0,6.181021510135433,11297,86.07975568735077
56,0.3028947368421053,625.0,6.772334293948124,2082,83.99327569644568
57,0.3028947368421053,1387.5,6.262218561230093,3642,77.50494233937413
58,0.3028947368421053,1662.5,6.1494274450910495,5327,78.8886803078655
59,0.3028947368421053,2400.0,6.389834158948956,9286,89.1135041998707
60,0.32447368421052636,625.0,6.822519083969465,1572,90.31615776081424
61,0.32447368421052636,1387.5,6.211342021838686,2839,74.46495244804518
62,0.32447368421052636,1662.5,6.47056189836579,4467,85.1820013431833
63,0.32447368421052636,2400.0,6.3366013071895475,7344,88.12309368191714
64,0.3460526315789474,625.0,6.689029202841363,1267,81.47513812154675
65,0.3460526315789474,1387.5,6.516818181818192,2200,82.62863636363642
66,0.3460526315789474,1662.5,6.612444444444444,3375,92.49037037037044
67,0.3460526315789474,2400.0,6.297557364914876,5404,86.01628423390092
68,0.3676315789473684,625.0,6.56887486855941,951,78.79179810725543
69,0.3676315789473684,1387.5,6.545235223160436,1658,84.15681544028956
70,0.3676315789473684,1662.5,6.385135135135128,2516,81.6085055643879
71,0.3676315789473684,2400.0,6.363344051446945,4043,87.26514964135548
72,0.3892105263157895,625.0,6.459239130434784,736,77.92663043478268
73,0.3892105263157895,1387.5,6.4884462151394375,1255,79.18964143426298
74,0.3892105263157895,1662.5,6.358735095904616,1929,82.4758942457231
75,0.3892105263157895,2400.0,7.012016888600197,3079,105.95193244559921
76,0.7,625.0,6.609278626977746,3729,81.11611692142677
77,0.7,1387.5,6.631526768010578,6052,89.04957038995362
78,0.7,1662.5,6.781732469063042,8485,94.51915144372414
79,0.7,2400.0,6.727098250535171,13547,100.26677493171924
