,voc_bin,elo_bin,rtmean,rtcount,rt_squaredmean
0,0.0007894736842105274,625.0,4.314283531119772,850665,37.8690459816732
1,0.0007894736842105274,1387.5,4.113772627625951,832942,35.73432003668914
2,0.0007894736842105274,1662.5,4.020021181427564,612801,47.8740064066475
3,0.0007894736842105274,2400.0,3.9281155827993857,388916,36.10320737639993
4,0.022368421052631583,625.0,4.932573584515582,193485,45.79677494379397
5,0.022368421052631583,1387.5,4.687707297869222,203210,43.2786427833275
6,0.022368421052631583,1662.5,4.647699261812615,153755,44.29201651978798
7,0.022368421052631583,2400.0,4.6128932757557,100502,46.04904380012344
8,0.04394736842105264,625.0,5.148731752362625,101794,49.976030021415724
9,0.04394736842105264,1387.5,4.997144623890595,109968,49.104594063727845
10,0.04394736842105264,1662.5,4.95847092731537,85699,49.70326374870191
11,0.04394736842105264,2400.0,5.00938828633404,57625,53.159878524945675
12,0.0655263157894737,625.0,5.354030185674469,55258,54.249972854609354
13,0.0655263157894737,1387.5,5.239277798450116,61811,54.25644302794027
14,0.0655263157894737,1662.5,5.267966438328417,49342,55.49045437963606
15,0.0655263157894737,2400.0,5.311610750043919,34158,59.3782422858482
16,0.08710526315789476,625.0,5.532989913322394,32419,57.84663314722838
17,0.08710526315789476,1387.5,5.452685150824354,37726,58.02687801516207
18,0.08710526315789476,1662.5,5.514691637068126,30970,62.2092347433001
19,0.08710526315789476,2400.0,5.46811366160683,21608,62.52392632358413
20,0.1086842105263158,625.0,5.649367963657905,20252,58.585078016985946
21,0.1086842105263158,1387.5,5.655760964820765,23963,62.00555022326082
22,0.1086842105263158,1662.5,5.6362429961663,20346,64.73680330286051
23,0.1086842105263158,2400.0,5.727341234500228,14597,67.66760293210932
24,0.13026315789473686,625.0,5.781423187763264,13533,61.72615089041595
25,0.13026315789473686,1387.5,5.731186707901285,16491,63.339700442665844
26,0.13026315789473686,1662.5,5.783088493709151,14227,66.63780136360445
27,0.13026315789473686,2400.0,5.912805229763507,10402,75.06200730628701
28,0.1518421052631579,625.0,5.802508481546206,9727,61.51752852883724
29,0.1518421052631579,1387.5,5.842737094837939,11662,65.89847367518456
30,0.1518421052631579,1662.5,5.954011836615896,10307,72.8260405549626
31,0.1518421052631579,2400.0,6.002121453195409,7542,77.41607000795535
32,0.17342105263157898,625.0,5.956762749445676,7216,65.33508869179575
33,0.17342105263157898,1387.5,5.965401033475643,8902,68.25926758031868
34,0.17342105263157898,1662.5,6.014858645627875,7605,72.46114398422075
35,0.17342105263157898,2400.0,6.0261324041812,5740,78.09651567944255
36,0.195,625.0,6.152428810720251,5373,70.90321980271709
37,0.195,1387.5,5.923467104281668,6703,69.20677308667771
38,0.195,1662.5,6.064159656935512,6063,72.26208147781638
39,0.195,2400.0,6.1173961840628515,4455,77.19169472502774
40,0.2165789473684211,625.0,6.1031146767343,4238,69.78928739971641
41,0.2165789473684211,1387.5,6.071094480823189,5345,70.54181478016822
42,0.2165789473684211,1662.5,6.120232172470975,4824,73.23839137645078
43,0.2165789473684211,2400.0,6.289146410401349,3538,86.59270774448844
44,0.23815789473684212,625.0,6.113786185153346,3489,69.04413872169667
45,0.23815789473684212,1387.5,6.187098204389258,4511,75.5180669474616
46,0.23815789473684212,1662.5,6.148695224027586,4062,77.19793205317572
47,0.23815789473684212,2400.0,6.178224238496432,3086,81.90926766040204
48,0.25973684210526315,625.0,6.203508771929828,2850,71.8743859649122
49,0.25973684210526315,1387.5,6.155616438356163,3650,75.1528767123285
50,0.25973684210526315,1662.5,6.229205175600748,3246,79.86198398028355
51,0.25973684210526315,2400.0,6.066584967320273,2448,73.12214052287555
52,0.28131578947368424,625.0,6.224618149146456,2226,72.093441150045
53,0.28131578947368424,1387.5,5.9781167108753275,3016,66.30835543766571
54,0.28131578947368424,1662.5,6.154929577464787,2627,75.84811572135507
55,0.28131578947368424,2400.0,6.179970252850766,2017,78.44868616757539
56,0.3028947368421053,625.0,6.289798206278026,1784,75.23934977578465
57,0.3028947368421053,1387.5,6.095278246205732,2372,71.08768971332215
58,0.3028947368421053,1662.5,6.196357174589063,2251,75.50333185250992
59,0.3028947368421053,2400.0,6.2010902483343475,1651,81.58086008479712
60,0.32447368421052636,625.0,6.3997252747252675,1456,77.89285714285722
61,0.32447368421052636,1387.5,6.114727854855918,1874,73.41355389541076
62,0.32447368421052636,1662.5,6.484920165582499,1691,82.54405677114147
63,0.32447368421052636,2400.0,6.1078928312816805,1381,77.21433743664001
64,0.3460526315789474,625.0,6.104967197750707,1067,64.02811621368322
65,0.3460526315789474,1387.5,6.312806158152571,1429,75.65640307907613
66,0.3460526315789474,1662.5,6.497767857142856,1344,88.1227678571427
67,0.3460526315789474,2400.0,6.258531540847985,967,80.76732161323663
68,0.3676315789473684,625.0,6.386183465458665,883,75.36240090600229
69,0.3676315789473684,1387.5,6.114921223354957,1079,69.30861909175175
70,0.3676315789473684,1662.5,6.48204570184982,919,87.189336235038
71,0.3676315789473684,2400.0,6.474719101123588,712,98.05617977528094
72,0.3892105263157895,625.0,6.399390243902447,656,77.07926829268304
73,0.3892105263157895,1387.5,6.0426356589147305,774,63.88501291989664
74,0.3892105263157895,1662.5,6.983918128654963,684,92.38742690058483
75,0.3892105263157895,2400.0,6.559082892416227,567,85.57848324514995
76,0.7,625.0,6.197386058981219,2984,74.68867292225167
77,0.7,1387.5,6.22596527597824,3859,78.21559989634599
78,0.7,1662.5,6.315175097276241,3341,82.5534271176293
79,0.7,2400.0,6.433333333333311,2340,89.77777777777776
