,voc_bin,rtmean,rtcount,rt_squaredmean
0,0.0007894736842105274,22.869431947081928,156922,1853.208874472668
1,0.022368421052631583,27.71527057079315,40470,2262.916753150484
2,0.04394736842105264,29.652898127778073,22273,2663.433708974993
3,0.0655263157894737,31.44502452143653,12642,2820.747191900011
4,0.08710526315789476,31.737597052243746,7599,3099.354651927886
5,0.1086842105263158,33.203322784810176,5056,2962.8397943038
6,0.13026315789473686,34.189999999999884,3400,3031.3605882352954
7,0.1518421052631579,34.11007025761124,2562,3051.622950819669
8,0.17342105263157898,37.782462057335685,1779,5193.079820123671
9,0.195,39.47212420606914,1417,4224.169371912483
10,0.2165789473684211,34.73883161512032,1164,2702.2250859106493
11,0.23815789473684212,38.43991179713346,907,4353.315325248067
12,0.25973684210526315,33.390524967989755,781,2984.3866837387977
13,0.28131578947368424,34.16053511705685,598,3002.377926421403
14,0.3028947368421053,36.28846153846164,520,4014.6499999999983
15,0.32447368421052636,35.362110311750605,417,2947.592326139091
16,0.3460526315789474,36.57801418439719,282,3372.3085106382973
17,0.3676315789473684,44.66260162601623,246,10043.012195121957
18,0.3892105263157895,39.24516129032261,155,3927.361290322584
19,0.7,39.112771739130444,736,3836.5991847826085
