,voc_bin,rtmean,rtcount,rt_squaredmean
0,0.0007894736842105274,6.45149578410651,5515201,96.33743103832471
1,0.022368421052631583,7.51323902088533,1338883,118.70038083984933
2,0.04394736842105264,7.988878414049453,742520,132.54310725636984
3,0.0655263157894737,8.364743336345157,424992,145.13224013628454
4,0.08710526315789476,8.669368713987115,259803,157.14811607256246
5,0.1086842105263158,8.892227654209924,168958,162.9965139265382
6,0.13026315789473686,9.081147378149339,115777,227.94919543605334
7,0.1518421052631579,9.300626379955863,83336,177.48789238744354
8,0.17342105263157898,9.501398084463585,62228,185.5729735810243
9,0.195,9.556855666894906,48201,185.1501836061496
10,0.2165789473684211,9.740406854499566,38048,195.1656066021863
11,0.23815789473684212,9.753231829933927,31329,195.20032557694125
12,0.25973684210526315,9.784874471304988,25771,196.73687478173133
13,0.28131578947368424,9.827613764573115,21272,197.55664723580304
14,0.3028947368421053,9.943606444977735,17502,207.25957033481905
15,0.32447368421052636,9.969452195623429,13618,203.13526215303253
16,0.3460526315789474,9.88358742706571,10626,198.89808018068905
17,0.3676315789473684,10.333291010665308,7876,219.3937277805989
18,0.3892105263157895,10.44550958627647,5946,224.44315506222674
19,0.7,10.297127845884408,28550,223.13712784588438
