,voc_bin,U_bin,clock_bin,rtmean,rtcount,rt_squaredmean
0,0.0007894736842105274,0.1,30.0,3.910503921725834,361703,66.51185917728075
1,0.0007894736842105274,0.1,90.0,5.76015612010999,366897,98.054740158682
2,0.0007894736842105274,0.1,150.0,6.086074404325149,429303,90.3670414602272
3,0.0007894736842105274,0.1,210.0,5.6313201152517545,397738,67.11507575338575
4,0.0007894736842105274,0.1,270.0,4.235976659587711,149269,35.09355592922835
5,0.0007894736842105274,0.30000000000000004,30.0,4.896538315301911,115724,86.48438526148416
6,0.0007894736842105274,0.30000000000000004,90.0,7.405552036016134,148378,145.4809540497912
7,0.0007894736842105274,0.30000000000000004,150.0,7.709258694950152,219869,137.6212699380081
8,0.0007894736842105274,0.30000000000000004,210.0,6.9492608561749325,311712,99.18202699928125
9,0.0007894736842105274,0.30000000000000004,270.0,4.626238264043984,274477,41.365629907059535
10,0.0007894736842105274,0.5,30.0,3.998395468362351,236206,67.96950543169946
11,0.0007894736842105274,0.5,90.0,6.949470405868451,281914,139.97115077647777
12,0.0007894736842105274,0.5,150.0,7.6758420942576135,449534,149.7073458292359
13,0.0007894736842105274,0.5,210.0,8.02989377597733,797089,134.39729315045162
14,0.0007894736842105274,0.5,270.0,3.789144047264388,3675495,31.223833524464048
15,0.0007894736842105274,0.7000000000000001,30.0,4.82946044814198,115633,81.07195177847166
16,0.0007894736842105274,0.7000000000000001,90.0,7.454337953129223,170426,140.6238895473688
17,0.0007894736842105274,0.7000000000000001,150.0,8.046875000000005,268160,143.24383949880632
18,0.0007894736842105274,0.7000000000000001,210.0,7.527732390240834,413109,111.66533287824767
19,0.0007894736842105274,0.7000000000000001,270.0,5.030590655495453,460827,46.4635318677072
20,0.0007894736842105274,0.9,30.0,3.2708931409098936,461898,40.81135445487967
21,0.0007894736842105274,0.9,90.0,5.786667731686109,450696,84.54454443793614
22,0.0007894736842105274,0.9,150.0,6.3794199724469385,537871,89.62433557488671
23,0.0007894736842105274,0.9,210.0,6.033415395142471,537806,71.51264768336559
24,0.0007894736842105274,0.9,270.0,4.5042251381477785,263305,37.27252805681615
25,0.022368421052631583,0.1,30.0,5.612087622063857,75780,104.81646872525728
26,0.022368421052631583,0.1,90.0,8.088716502115686,92170,156.18017793208224
27,0.022368421052631583,0.1,150.0,8.00570524461624,128303,135.56049351924736
28,0.022368421052631583,0.1,210.0,6.8982690114551835,137667,91.74659141261137
29,0.022368421052631583,0.1,270.0,4.843049570916434,55234,43.81491472643661
30,0.022368421052631583,0.30000000000000004,30.0,5.491703473797284,25131,105.91930285304962
31,0.022368421052631583,0.30000000000000004,90.0,8.611095919545507,32913,182.8407923920646
32,0.022368421052631583,0.30000000000000004,150.0,9.090002199076393,50021,170.8389876251974
33,0.022368421052631583,0.30000000000000004,210.0,8.232562760813355,75485,126.63372855534227
34,0.022368421052631583,0.30000000000000004,270.0,5.171996616942264,81583,48.484770111420175
35,0.022368421052631583,0.5,30.0,5.4799489221975834,32891,108.3629260283972
36,0.022368421052631583,0.5,90.0,8.93909007226936,51059,196.6874987759257
37,0.022368421052631583,0.5,150.0,9.51042983890033,97269,201.6011473336827
38,0.022368421052631583,0.5,210.0,9.484985337536372,200171,168.2650483836319
39,0.022368421052631583,0.5,270.0,4.426837645707178,835580,39.541888269226106
40,0.022368421052631583,0.7000000000000001,30.0,4.993525400352471,26102,79.747107501341
41,0.022368421052631583,0.7000000000000001,90.0,8.15003363379523,37165,150.61660164132928
42,0.022368421052631583,0.7000000000000001,150.0,8.88118528073383,55818,155.40348991364763
43,0.022368421052631583,0.7000000000000001,210.0,8.23741895245645,76961,121.4497472745936
44,0.022368421052631583,0.7000000000000001,270.0,5.5725009754194454,64075,53.37392118611003
45,0.022368421052631583,0.9,30.0,4.609006688843569,55914,65.79343277175671
46,0.022368421052631583,0.9,90.0,7.677141283393008,72620,128.88300743596815
47,0.022368421052631583,0.9,150.0,8.048743764915557,97633,124.4959081458117
48,0.022368421052631583,0.9,210.0,7.13742712269973,105314,90.61347019389619
49,0.022368421052631583,0.9,270.0,5.075864422202,43960,43.294062784349286
50,0.04394736842105264,0.1,30.0,5.881392178980994,42552,123.60149934198151
51,0.04394736842105264,0.1,90.0,8.47170705694141,50631,173.6394501392426
52,0.04394736842105264,0.1,150.0,8.567995678642822,68497,154.3534461363267
53,0.04394736842105264,0.1,210.0,7.316846475223459,75636,102.6159104130309
54,0.04394736842105264,0.1,270.0,4.994004388540333,32357,45.687331952900514
55,0.04394736842105264,0.30000000000000004,30.0,6.16916762857509,15594,122.80684878799546
56,0.04394736842105264,0.30000000000000004,90.0,9.496969963112592,22772,205.2692341471979
57,0.04394736842105264,0.30000000000000004,150.0,9.774236204854132,36299,191.24827130223957
58,0.04394736842105264,0.30000000000000004,210.0,8.662442807817236,58793,138.0673039307398
59,0.04394736842105264,0.30000000000000004,270.0,5.3143406837353675,67570,51.47373094568595
60,0.04394736842105264,0.5,30.0,6.322686176540552,16812,147.86872472043825
61,0.04394736842105264,0.5,90.0,9.788323943175161,28931,220.1713041374307
62,0.04394736842105264,0.5,150.0,10.338733593278066,54627,223.36145129697718
63,0.04394736842105264,0.5,210.0,9.746293201297691,111889,174.10241399958852
64,0.04394736842105264,0.5,270.0,4.936598143539297,306174,46.74082057914795
65,0.04394736842105264,0.7000000000000001,30.0,5.51983274290027,17219,91.68604448574249
66,0.04394736842105264,0.7000000000000001,90.0,8.761893491124265,25350,163.45735700197267
67,0.04394736842105264,0.7000000000000001,150.0,9.354835404124508,39035,172.12055847316574
68,0.04394736842105264,0.7000000000000001,210.0,8.36005159038749,52723,124.43546459799309
69,0.04394736842105264,0.7000000000000001,270.0,5.748271601692903,38041,56.39651954470176
70,0.04394736842105264,0.9,30.0,4.293236586340054,30044,60.02469711090396
71,0.04394736842105264,0.9,90.0,7.457582792160056,34031,123.54268167259218
72,0.04394736842105264,0.9,150.0,8.019357884796973,42360,127.45108593012273
73,0.04394736842105264,0.9,210.0,7.179805418058562,41011,93.1312818512106
74,0.04394736842105264,0.9,270.0,5.207850467289736,16050,46.348660436137145
75,0.0655263157894737,0.1,30.0,6.459279038718288,21721,135.06514433037052
76,0.0655263157894737,0.1,90.0,9.147523155960595,26667,198.75160310496162
77,0.0655263157894737,0.1,150.0,9.012622227037573,36919,168.91971613532317
78,0.0655263157894737,0.1,210.0,7.611710765116028,41876,111.55124653739625
79,0.0655263157894737,0.1,270.0,5.144099509829776,18973,48.43435408211668
80,0.0655263157894737,0.30000000000000004,30.0,6.632323425403826,10463,141.6513428271048
81,0.0655263157894737,0.30000000000000004,90.0,9.836067650598592,15787,212.48254893266625
82,0.0655263157894737,0.30000000000000004,150.0,10.22547790065744,26313,211.87751301638014
83,0.0655263157894737,0.30000000000000004,210.0,8.956500857632921,43725,146.40253859348223
84,0.0655263157894737,0.30000000000000004,270.0,5.394913165697549,51938,52.882340482883585
85,0.0655263157894737,0.5,30.0,6.779337507574239,9902,135.79549585942223
86,0.0655263157894737,0.5,90.0,10.29307586837296,17504,229.27205210237648
87,0.0655263157894737,0.5,150.0,10.731870434863007,32447,231.2907510709779
88,0.0655263157894737,0.5,210.0,9.743794806436174,62770,170.63721523020556
89,0.0655263157894737,0.5,270.0,5.426987807735514,123767,54.682233551754464
90,0.0655263157894737,0.7000000000000001,30.0,5.789064618165395,11065,108.13032083145085
91,0.0655263157894737,0.7000000000000001,90.0,9.12430102516306,17168,178.7502329916121
92,0.0655263157894737,0.7000000000000001,150.0,9.526768753634427,25795,173.67749563868955
93,0.0655263157894737,0.7000000000000001,210.0,8.504257193188467,34060,128.04530240751654
94,0.0655263157894737,0.7000000000000001,270.0,5.793751120674201,22308,56.29007530930616
95,0.0655263157894737,0.9,30.0,4.590638758013455,12947,69.34216420792447
96,0.0655263157894737,0.9,90.0,7.823046105792058,14727,136.9754872003799
97,0.0655263157894737,0.9,150.0,7.983989735579604,17926,125.83113912752388
98,0.0655263157894737,0.9,210.0,7.1111804731880905,16019,93.67401211061909
99,0.0655263157894737,0.9,270.0,5.062454742939882,5524,44.14174511223745
100,0.08710526315789476,0.1,30.0,6.581762187335676,13313,145.19319462179837
101,0.08710526315789476,0.1,90.0,9.433809340023117,15546,215.79904798661946
102,0.08710526315789476,0.1,150.0,9.234532511585694,20931,178.5811475801443
103,0.08710526315789476,0.1,210.0,8.027687574773552,23404,125.49222355152952
104,0.08710526315789476,0.1,270.0,5.352276738439818,11332,53.252912107306514
105,0.08710526315789476,0.30000000000000004,30.0,7.041784226790277,7443,160.9528415961307
106,0.08710526315789476,0.30000000000000004,90.0,10.180292783152154,11681,229.48754387466806
107,0.08710526315789476,0.30000000000000004,150.0,10.558729514435054,19709,227.59957379877272
108,0.08710526315789476,0.30000000000000004,210.0,9.283675885728188,32939,158.39275630711296
109,0.08710526315789476,0.30000000000000004,270.0,5.518111964873767,39173,55.293416383733735
110,0.08710526315789476,0.5,30.0,7.093959731543614,6407,156.97939753394726
111,0.08710526315789476,0.5,90.0,10.54506206152186,11118,251.2178449361397
112,0.08710526315789476,0.5,150.0,10.976353047494715,19918,237.4195702379758
113,0.08710526315789476,0.5,210.0,9.793791334862995,37045,173.1390201106759
114,0.08710526315789476,0.5,270.0,5.600686990124528,60554,57.884499785315676
115,0.08710526315789476,0.7000000000000001,30.0,6.129898013955953,7452,110.61325818572182
116,0.08710526315789476,0.7000000000000001,90.0,9.382867448151503,11090,189.53922452660012
117,0.08710526315789476,0.7000000000000001,150.0,9.924930105288201,16811,191.22633989649702
118,0.08710526315789476,0.7000000000000001,210.0,8.602775524916643,22194,131.85861043525202
119,0.08710526315789476,0.7000000000000001,270.0,5.868558236520705,13428,57.8876228775691
120,0.08710526315789476,0.9,30.0,4.39885164908533,7489,60.32968353585252
121,0.08710526315789476,0.9,90.0,7.22886278559443,7747,116.75745449851566
122,0.08710526315789476,0.9,150.0,7.527735249087293,8491,116.83405959250986
123,0.08710526315789476,0.9,210.0,6.725663716814163,6441,84.57879211302605
124,0.08710526315789476,0.9,270.0,5.124183006535935,1836,45.70043572984751
125,0.1086842105263158,0.1,30.0,6.611441037449989,8251,147.66416191976649
126,0.1086842105263158,0.1,90.0,9.715050940027288,9521,229.88499107236612
127,0.1086842105263158,0.1,150.0,9.810239068889612,12716,203.39517143755853
128,0.1086842105263158,0.1,210.0,8.34726840855104,14735,133.87112317611022
129,0.1086842105263158,0.1,270.0,5.472528952329666,7426,54.583490438998204
130,0.1086842105263158,0.30000000000000004,30.0,7.109907391228385,5723,155.0497990564384
131,0.1086842105263158,0.30000000000000004,90.0,10.410195546512934,8847,232.24561998417485
132,0.1086842105263158,0.30000000000000004,150.0,10.777350371626037,15338,233.3349198070151
133,0.1086842105263158,0.30000000000000004,210.0,9.573669688608597,25370,167.1785573512028
134,0.1086842105263158,0.30000000000000004,270.0,5.5126734505088075,32430,55.961085414739436
135,0.1086842105263158,0.5,30.0,7.121247931930979,4231,165.9376034034506
136,0.1086842105263158,0.5,90.0,10.90876761045003,7311,253.95322117357355
137,0.1086842105263158,0.5,150.0,11.178063225905666,13001,252.31828320898416
138,0.1086842105263158,0.5,210.0,9.801224870190381,22533,171.99676030710503
139,0.1086842105263158,0.5,270.0,5.814871222120702,29547,60.36721156124148
140,0.1086842105263158,0.7000000000000001,30.0,6.384136212624587,4816,134.5294850498339
141,0.1086842105263158,0.7000000000000001,90.0,9.864325727558398,7319,214.89151523432156
142,0.1086842105263158,0.7000000000000001,150.0,9.903615577655941,10759,189.74263407379962
143,0.1086842105263158,0.7000000000000001,210.0,8.63035714285719,14000,132.4907857142859
144,0.1086842105263158,0.7000000000000001,270.0,5.90107142857145,8400,59.213928571428454
145,0.1086842105263158,0.9,30.0,3.9742833052276687,4744,52.04426644182132
146,0.1086842105263158,0.9,90.0,6.989146950293011,4607,114.2190145430863
147,0.1086842105263158,0.9,150.0,7.0380036630036775,4368,101.44963369963376
148,0.1086842105263158,0.9,210.0,6.766410614525124,2864,87.71543296089374
149,0.1086842105263158,0.9,270.0,4.543674698795177,664,37.07078313253012
150,0.13026315789473686,0.1,30.0,6.777132486388384,5510,151.75172413793052
151,0.13026315789473686,0.1,90.0,9.877866167524543,6411,236.81313367649307
152,0.13026315789473686,0.1,150.0,10.151584253480607,8332,208.5205232837263
153,0.13026315789473686,0.1,210.0,8.73499547602295,9947,145.7411279782849
154,0.13026315789473686,0.1,270.0,5.582777877859845,5551,56.21149342460822
155,0.13026315789473686,0.30000000000000004,30.0,7.32948369565217,4416,151.85982789855012
156,0.13026315789473686,0.30000000000000004,90.0,10.938588721582505,6774,259.3354000590492
157,0.13026315789473686,0.30000000000000004,150.0,11.218205238299687,11645,252.58411335336947
158,0.13026315789473686,0.30000000000000004,210.0,9.710949129921453,19481,172.47548893793984
159,0.13026315789473686,0.30000000000000004,270.0,5.726320436667216,24916,60.68305506501841
160,0.13026315789473686,0.5,30.0,7.2528542646071035,2978,154.70819341840183
161,0.13026315789473686,0.5,90.0,11.03418005229734,5354,271.4962644751586
162,0.13026315789473686,0.5,150.0,11.166647538161365,8713,241.39091013428208
163,0.13026315789473686,0.5,210.0,9.559292155400385,14749,162.59827784934524
164,0.13026315789473686,0.5,270.0,6.041703581825078,15802,64.4892418681177
165,0.13026315789473686,0.7000000000000001,30.0,6.627076923076903,3250,131.83999999999966
166,0.13026315789473686,0.7000000000000001,90.0,9.63490364025696,4670,198.41648822269843
167,0.13026315789473686,0.7000000000000001,150.0,10.35916666666665,7200,208.19277777777717
168,0.13026315789473686,0.7000000000000001,210.0,8.693004751906269,9049,135.26036026080217
169,0.13026315789473686,0.7000000000000001,270.0,5.97752388087658,5339,60.79827683086728
170,0.13026315789473686,0.9,30.0,3.9071320182094045,3295,59.27526555386945
171,0.13026315789473686,0.9,90.0,6.392307692307688,2860,94.87062937062919
172,0.13026315789473686,0.9,150.0,6.631859131859129,2442,95.93161343161326
173,0.13026315789473686,0.9,210.0,6.042244224422445,1515,70.63762376237614
174,0.13026315789473686,0.9,270.0,5.0627450980392155,255,43.64313725490199
175,0.1518421052631579,0.1,30.0,6.572933549432748,3702,154.69340896812548
176,0.1518421052631579,0.1,90.0,10.077805261974351,4447,229.1315493591185
177,0.1518421052631579,0.1,150.0,10.670281995661611,5993,238.49641248122802
178,0.1518421052631579,0.1,210.0,9.118867171918591,7521,156.49980055843585
179,0.1518421052631579,0.1,270.0,5.955237045203962,4535,64.10297684674744
180,0.1518421052631579,0.30000000000000004,30.0,7.458295420078863,3297,159.6784956020628
181,0.1518421052631579,0.30000000000000004,90.0,11.537614336382287,5357,295.7317528467433
182,0.1518421052631579,0.30000000000000004,150.0,11.392295771529794,9034,264.3615231348246
183,0.1518421052631579,0.30000000000000004,210.0,9.764897146648973,15070,175.26244193762363
184,0.1518421052631579,0.30000000000000004,270.0,5.7904135853190795,18255,60.518433305943596
185,0.1518421052631579,0.5,30.0,7.283849918433929,2452,175.88254486133795
186,0.1518421052631579,0.5,90.0,11.55139240506329,3950,290.1205063291135
187,0.1518421052631579,0.5,150.0,11.129657007687735,6764,239.67105263157953
188,0.1518421052631579,0.5,210.0,9.682713347921204,10054,166.9150586831113
189,0.1518421052631579,0.5,270.0,6.082414698162711,9525,64.42908136482939
190,0.1518421052631579,0.7000000000000001,30.0,6.9871168369613414,2251,147.7929808973786
191,0.1518421052631579,0.7000000000000001,90.0,10.22249093107621,3308,229.82527206771474
192,0.1518421052631579,0.7000000000000001,150.0,10.513090128755342,4660,211.53283261802562
193,0.1518421052631579,0.7000000000000001,210.0,8.943216080402046,5970,142.3063651591287
194,0.1518421052631579,0.7000000000000001,270.0,5.965259833476892,3483,60.366637955785414
195,0.1518421052631579,0.9,30.0,3.606580166821128,2158,38.25532900834112
196,0.1518421052631579,0.9,90.0,6.2979797979797905,1782,95.19696969696975
197,0.1518421052631579,0.9,150.0,6.490857946554131,1422,92.22644163150495
198,0.1518421052631579,0.9,210.0,6.19875,800,74.20624999999994
199,0.1518421052631579,0.9,270.0,4.864285714285713,140,47.33571428571432
200,0.17342105263157898,0.1,30.0,7.501351873310152,2589,183.31826960216281
201,0.17342105263157898,0.1,90.0,10.453287197231843,3179,244.70305127398515
202,0.17342105263157898,0.1,150.0,10.94184491978605,4488,243.23016934046314
203,0.17342105263157898,0.1,210.0,9.321547144754316,6024,161.89658034528534
204,0.17342105263157898,0.1,270.0,5.7597723899059705,4042,57.671202375061775
205,0.17342105263157898,0.30000000000000004,30.0,8.038375558867338,2684,207.34910581222044
206,0.17342105263157898,0.30000000000000004,90.0,11.41291398618061,4197,297.1603526328329
207,0.17342105263157898,0.30000000000000004,150.0,11.316507891369277,7033,256.7759135504052
208,0.17342105263157898,0.30000000000000004,210.0,9.96773354150405,11529,179.0798855061147
209,0.17342105263157898,0.30000000000000004,270.0,5.819795272111331,13579,61.01841078135341
210,0.17342105263157898,0.5,30.0,7.227449078564478,2062,150.2759456838018
211,0.17342105263157898,0.5,90.0,10.884673748103173,3295,273.3150227617604
212,0.17342105263157898,0.5,150.0,11.545632973503405,5095,263.0388616290478
213,0.17342105263157898,0.5,210.0,9.515783841626508,7476,160.9684323167474
214,0.17342105263157898,0.5,270.0,6.164988632672924,6158,66.89184800259837
215,0.17342105263157898,0.7000000000000001,30.0,6.28051511758119,1786,107.05655095184774
216,0.17342105263157898,0.7000000000000001,90.0,9.957781456953617,2416,212.5579470198674
217,0.17342105263157898,0.7000000000000001,150.0,10.500594177064787,3366,222.8190730837788
218,0.17342105263157898,0.7000000000000001,210.0,8.916078812940892,4111,142.3746047190464
219,0.17342105263157898,0.7000000000000001,270.0,6.056596091205213,2456,63.273208469055405
220,0.17342105263157898,0.9,30.0,3.0561702127659562,1175,27.706382978723372
221,0.17342105263157898,0.9,90.0,5.321670428893908,886,68.67155756207661
222,0.17342105263157898,0.9,150.0,5.58730158730158,630,78.75238095238092
223,0.17342105263157898,0.9,210.0,5.492647058823532,272,57.92647058823536
224,0.17342105263157898,0.9,270.0,4.4528301886792425,53,36.45283018867923
225,0.195,0.1,30.0,7.918107833163782,1966,202.98524923702985
226,0.195,0.1,90.0,11.021103896103897,2464,270.85633116883145
227,0.195,0.1,150.0,11.275035663338084,3505,254.25306704707543
228,0.195,0.1,210.0,9.556386418755029,4948,170.24151172190798
229,0.195,0.1,270.0,5.848561050572777,3579,61.08968985750179
230,0.195,0.30000000000000004,30.0,7.800362976406535,2204,174.5644283121594
231,0.195,0.30000000000000004,90.0,11.685081240768056,3385,298.594387001477
232,0.195,0.30000000000000004,150.0,11.728046833422022,5637,273.29235408905413
233,0.195,0.30000000000000004,210.0,10.011084804132594,9292,180.9936504520019
234,0.195,0.30000000000000004,270.0,5.863701715709781,10433,61.73047062206474
235,0.195,0.5,30.0,7.544388609715225,1791,159.7085427135677
236,0.195,0.5,90.0,10.939570440480528,2747,253.07935930105626
237,0.195,0.5,150.0,10.814004376367633,4113,223.83904692438594
238,0.195,0.5,210.0,9.385761302615595,5773,155.91685432184346
239,0.195,0.5,270.0,6.233802816901402,4260,67.45305164319225
240,0.195,0.7000000000000001,30.0,6.019741320626266,1469,138.7712729748127
241,0.195,0.7000000000000001,90.0,9.669403393541346,1827,205.605911330049
242,0.195,0.7000000000000001,150.0,10.077210460772115,2409,210.54130344541272
243,0.195,0.7000000000000001,210.0,8.720492396813935,2762,131.5626357711805
244,0.195,0.7000000000000001,270.0,6.126184834123204,1688,64.90699052132695
245,0.195,0.9,30.0,3.1006036217303823,497,40.388329979879245
246,0.195,0.9,90.0,5.106508875739647,338,53.14792899408285
247,0.195,0.9,150.0,4.748917748917748,231,45.554112554112564
248,0.195,0.9,210.0,4.654545454545453,55,40.47272727272728
249,0.195,0.9,270.0,1.5000000000000002,6,2.8333333333333335
250,0.2165789473684211,0.1,30.0,7.65639972621492,1461,159.88637919233398
251,0.2165789473684211,0.1,90.0,11.136176772867419,1946,267.20606372045256
252,0.2165789473684211,0.1,150.0,11.935910478128179,2949,278.46354696507314
253,0.2165789473684211,0.1,210.0,9.701144057903333,4283,176.9264534205002
254,0.2165789473684211,0.1,270.0,6.056246466930475,3538,65.85726399095512
255,0.2165789473684211,0.30000000000000004,30.0,8.068319559228662,1815,164.2303030303029
256,0.2165789473684211,0.30000000000000004,90.0,11.660079051383414,2783,289.88070427596097
257,0.2165789473684211,0.30000000000000004,150.0,11.66623683644964,4653,261.42123361272337
258,0.2165789473684211,0.30000000000000004,210.0,10.163472222222222,7200,188.96458333333305
259,0.2165789473684211,0.30000000000000004,270.0,5.864367535949321,8206,62.53460882281274
260,0.2165789473684211,0.5,30.0,7.564020486555692,1562,177.26056338028127
261,0.2165789473684211,0.5,90.0,10.92083514571555,2299,245.8916920400173
262,0.2165789473684211,0.5,150.0,10.89164086687304,3553,218.82746974387834
263,0.2165789473684211,0.5,210.0,9.200558299334322,4657,153.90659222675515
264,0.2165789473684211,0.5,270.0,6.216605392156849,3264,66.85079656862717
265,0.2165789473684211,0.7000000000000001,30.0,5.153846153846158,1287,89.46153846153864
266,0.2165789473684211,0.7000000000000001,90.0,8.495041952707819,1311,173.09000762776503
267,0.2165789473684211,0.7000000000000001,150.0,10.077469335054865,1549,200.22724338282754
268,0.2165789473684211,0.7000000000000001,210.0,8.483126110124305,1689,130.4547069271757
269,0.2165789473684211,0.7000000000000001,270.0,6.01829268292682,984,59.528455284552784
270,0.2165789473684211,0.9,30.0,0.0,0,0.0
271,0.2165789473684211,0.9,90.0,3.5,4,19.5
272,0.2165789473684211,0.9,150.0,15.0,1,225.0
273,0.2165789473684211,0.9,210.0,0.0,0,0.0
274,0.2165789473684211,0.9,270.0,6.0,3,56.66666666666666
275,0.23815789473684212,0.1,30.0,8.144691780821914,1168,181.0179794520547
276,0.23815789473684212,0.1,90.0,11.854477611940316,1608,314.70771144278643
277,0.23815789473684212,0.1,150.0,12.251461988304074,2565,295.31500974658854
278,0.23815789473684212,0.1,210.0,9.897515527950278,3864,175.57608695652195
279,0.23815789473684212,0.1,270.0,5.878745053702655,3538,60.33550028264562
280,0.23815789473684212,0.30000000000000004,30.0,8.269183168316784,1616,218.40779702970255
281,0.23815789473684212,0.30000000000000004,90.0,11.411106328024093,2323,286.3572965992251
282,0.23815789473684212,0.30000000000000004,150.0,12.254192872117383,3816,311.3710691823907
283,0.23815789473684212,0.30000000000000004,210.0,9.931681294097379,5811,176.92187231113414
284,0.23815789473684212,0.30000000000000004,270.0,5.955847064469695,6251,64.25179971204605
285,0.23815789473684212,0.5,30.0,7.829234012649343,1423,191.4708362614195
286,0.23815789473684212,0.5,90.0,10.569767441860446,1978,237.4757330637005
287,0.23815789473684212,0.5,150.0,10.965187713310614,2930,226.93924914675733
288,0.23815789473684212,0.5,210.0,9.3497198166072,3926,159.11334691798257
289,0.23815789473684212,0.5,270.0,6.027286702536502,2602,64.5368946963874
290,0.23815789473684212,0.7000000000000001,30.0,5.390697674418601,860,105.13023255813957
291,0.23815789473684212,0.7000000000000001,90.0,8.573943661971855,852,170.149061032864
292,0.23815789473684212,0.7000000000000001,150.0,9.811578947368414,950,196.2705263157896
293,0.23815789473684212,0.7000000000000001,210.0,8.223014256619118,982,120.83604887983702
294,0.23815789473684212,0.7000000000000001,270.0,5.922818791946309,596,62.463087248322125
295,0.23815789473684212,0.9,30.0,1.0,1,1.0
296,0.23815789473684212,0.9,90.0,0.0,0,0.0
297,0.23815789473684212,0.9,150.0,12.0,1,144.0
298,0.23815789473684212,0.9,210.0,0.0,0,0.0
299,0.23815789473684212,0.9,270.0,10.25,4,174.25
300,0.25973684210526315,0.1,30.0,8.728070175438614,912,237.93201754385927
301,0.25973684210526315,0.1,90.0,12.872388059701521,1340,368.4843283582088
302,0.25973684210526315,0.1,150.0,11.851955307262577,2148,273.68994413407825
303,0.25973684210526315,0.1,210.0,10.161664190193207,3365,191.22555720653799
304,0.25973684210526315,0.1,270.0,6.035352071863236,3451,66.94813097652847
305,0.25973684210526315,0.30000000000000004,30.0,8.23956043956044,1365,213.90109890109903
306,0.25973684210526315,0.30000000000000004,90.0,11.74923857868021,1970,298.2162436548234
307,0.25973684210526315,0.30000000000000004,150.0,11.79492798998123,3194,270.8406386975583
308,0.25973684210526315,0.30000000000000004,210.0,10.209363070122572,4977,191.2714486638539
309,0.25973684210526315,0.30000000000000004,270.0,5.498816675769163,5493,57.98234116147802
310,0.25973684210526315,0.5,30.0,7.124405705229792,1262,189.2749603803486
311,0.25973684210526315,0.5,90.0,10.692264885920961,1797,243.66165831942072
312,0.25973684210526315,0.5,150.0,10.68435534591195,2544,223.04048742138426
313,0.25973684210526315,0.5,210.0,9.24759540800497,3223,155.17499224325135
314,0.25973684210526315,0.5,270.0,6.0317164179104426,2144,63.30503731343285
315,0.25973684210526315,0.7000000000000001,30.0,5.010989010989014,546,81.45054945054949
316,0.25973684210526315,0.7000000000000001,90.0,9.06529850746268,536,210.63619402985086
317,0.25973684210526315,0.7000000000000001,150.0,9.274442538593483,583,176.1766723842196
318,0.25973684210526315,0.7000000000000001,210.0,8.883720930232545,559,149.16279069767438
319,0.25973684210526315,0.7000000000000001,270.0,6.32520325203252,246,66.58536585365847
320,0.25973684210526315,0.9,30.0,0.0,0,0.0
321,0.25973684210526315,0.9,90.0,11.666666666666666,3,225.66666666666666
322,0.25973684210526315,0.9,150.0,0.0,0,0.0
323,0.25973684210526315,0.9,210.0,26.4,5,1395.2
324,0.25973684210526315,0.9,270.0,7.0,2,74.0
325,0.28131578947368424,0.1,30.0,8.780327868852465,915,230.87868852459016
326,0.28131578947368424,0.1,90.0,12.412420382165605,1256,355.7977707006369
327,0.28131578947368424,0.1,150.0,12.637787056367431,1916,318.2233820459284
328,0.28131578947368424,0.1,210.0,9.976335145506857,3127,178.62551966741282
329,0.28131578947368424,0.1,270.0,5.944850700792202,3282,62.712675198049965
330,0.28131578947368424,0.30000000000000004,30.0,8.05990338164252,1035,191.39516908212576
331,0.28131578947368424,0.30000000000000004,90.0,12.595208070617927,1586,351.97982345523275
332,0.28131578947368424,0.30000000000000004,150.0,11.917669902912623,2575,284.7324271844662
333,0.28131578947368424,0.30000000000000004,210.0,10.0,3843,181.47020556856614
334,0.28131578947368424,0.30000000000000004,270.0,5.9358738501971136,3805,64.83153745072265
335,0.28131578947368424,0.5,30.0,7.2025547445255516,1096,173.38868613138717
336,0.28131578947368424,0.5,90.0,11.034090909090919,1496,265.12767379679184
337,0.28131578947368424,0.5,150.0,10.666825548141102,2098,227.30648236415615
338,0.28131578947368424,0.5,210.0,9.088791848617166,2748,145.90975254730705
339,0.28131578947368424,0.5,270.0,6.030450669914739,1642,62.26065773447
340,0.28131578947368424,0.7000000000000001,30.0,4.559193954659951,397,66.77078085642322
341,0.28131578947368424,0.7000000000000001,90.0,9.150887573964507,338,207.60650887573962
342,0.28131578947368424,0.7000000000000001,150.0,8.833333333333332,348,168.2471264367816
343,0.28131578947368424,0.7000000000000001,210.0,8.346007604562734,263,119.08365019011401
344,0.28131578947368424,0.7000000000000001,270.0,5.138613861386137,101,46.940594059405946
345,0.28131578947368424,0.9,30.0,0.0,0,0.0
346,0.28131578947368424,0.9,90.0,0.0,0,0.0
347,0.28131578947368424,0.9,150.0,8.0,2,89.0
348,0.28131578947368424,0.9,210.0,17.0,2,305.0
349,0.28131578947368424,0.9,270.0,0.0,0,0.0
350,0.3028947368421053,0.1,30.0,7.150050352467285,993,178.9707955689828
351,0.3028947368421053,0.1,90.0,12.223010244286819,1269,328.9101654846337
352,0.3028947368421053,0.1,150.0,11.872651356993707,1916,272.8256784968686
353,0.3028947368421053,0.1,210.0,9.954391891891884,2960,177.6165540540539
354,0.3028947368421053,0.1,270.0,5.8339856490541475,3066,61.469993476842724
355,0.3028947368421053,0.30000000000000004,30.0,8.589101620029462,679,200.34756995581714
356,0.3028947368421053,0.30000000000000004,90.0,11.457842248413419,1103,279.9129646418859
357,0.3028947368421053,0.30000000000000004,150.0,12.354416575790632,1834,273.8026172300983
358,0.3028947368421053,0.30000000000000004,210.0,10.412417620534162,2883,196.27089836975378
359,0.3028947368421053,0.30000000000000004,270.0,5.974703557312251,2530,71.3059288537548
360,0.3028947368421053,0.5,30.0,7.439957492029748,941,162.95749202975574
361,0.3028947368421053,0.5,90.0,11.51625693893736,1261,274.92942109436996
362,0.3028947368421053,0.5,150.0,10.631729667812156,1746,215.30412371134057
363,0.3028947368421053,0.5,210.0,9.121522693997054,2049,145.28062469497323
364,0.3028947368421053,0.5,270.0,6.001692047377324,1182,61.164128595600644
365,0.3028947368421053,0.7000000000000001,30.0,4.0163398692810475,306,44.9705882352942
366,0.3028947368421053,0.7000000000000001,90.0,7.914396887159542,257,183.50972762645935
367,0.3028947368421053,0.7000000000000001,150.0,8.711111111111112,225,143.97333333333341
368,0.3028947368421053,0.7000000000000001,210.0,8.11494252873563,174,127.52873563218397
369,0.3028947368421053,0.7000000000000001,270.0,7.138888888888887,72,79.75000000000004
370,0.3028947368421053,0.9,30.0,1.0,1,1.0
371,0.3028947368421053,0.9,90.0,1.0,1,1.0
372,0.3028947368421053,0.9,150.0,0.0,0,0.0
373,0.3028947368421053,0.9,210.0,4.0,1,16.0
374,0.3028947368421053,0.9,270.0,2.0,1,4.0
375,0.32447368421052636,0.1,30.0,8.579449152542384,944,279.3866525423729
376,0.32447368421052636,0.1,90.0,11.637335526315784,1216,310.0863486842103
377,0.32447368421052636,0.1,150.0,11.69716270990156,1727,270.3132599884198
378,0.32447368421052636,0.1,210.0,10.31946624803769,2548,192.2558869701722
379,0.32447368421052636,0.1,270.0,5.967021276595731,2820,65.01312056737599
380,0.32447368421052636,0.30000000000000004,30.0,9.411764705882357,442,238.3755656108596
381,0.32447368421052636,0.30000000000000004,90.0,12.656479217603904,818,335.2652811735942
382,0.32447368421052636,0.30000000000000004,150.0,12.155873493975891,1328,267.1453313253006
383,0.32447368421052636,0.30000000000000004,210.0,10.566132264529069,1996,213.27755511021954
384,0.32447368421052636,0.30000000000000004,270.0,6.941536748329603,1796,90.48608017817358
385,0.32447368421052636,0.5,30.0,6.912213740458023,786,129.99618320610702
386,0.32447368421052636,0.5,90.0,11.275316455696187,948,299.9018987341773
387,0.32447368421052636,0.5,150.0,10.974930362116995,1436,227.33426183844009
388,0.32447368421052636,0.5,210.0,9.19283387622147,1535,149.0768729641694
389,0.32447368421052636,0.5,270.0,5.8285714285714265,805,61.17018633540373
390,0.32447368421052636,0.7000000000000001,30.0,4.333333333333327,234,63.940170940171
391,0.32447368421052636,0.7000000000000001,90.0,7.322751322751322,189,139.31216931216935
392,0.32447368421052636,0.7000000000000001,150.0,8.832335329341317,167,157.03592814371262
393,0.32447368421052636,0.7000000000000001,210.0,7.43362831858407,113,98.61946902654867
394,0.32447368421052636,0.7000000000000001,270.0,6.303030303030302,33,76.78787878787878
395,0.32447368421052636,0.9,30.0,2.0,1,4.0
396,0.32447368421052636,0.9,90.0,4.0,2,20.0
397,0.32447368421052636,0.9,150.0,0.0,0,0.0
398,0.32447368421052636,0.9,210.0,1.0,1,1.0
399,0.32447368421052636,0.9,270.0,7.0,1,49.0
400,0.3460526315789474,0.1,30.0,8.417582417582427,819,237.75824175824172
401,0.3460526315789474,0.1,90.0,11.14007782101167,1028,263.9299610894943
402,0.3460526315789474,0.1,150.0,11.676491732566475,1391,274.987778576563
403,0.3460526315789474,0.1,210.0,9.684368737474939,1996,170.04609218436832
404,0.3460526315789474,0.1,270.0,5.94216510133465,2023,63.9174493326741
405,0.3460526315789474,0.30000000000000004,30.0,9.936170212765955,376,269.22872340425545
406,0.3460526315789474,0.30000000000000004,90.0,13.08571428571429,630,348.5746031746026
407,0.3460526315789474,0.30000000000000004,150.0,12.105990783410133,1085,266.77327188940035
408,0.3460526315789474,0.30000000000000004,210.0,10.398184176394286,1542,191.57457846952045
409,0.3460526315789474,0.30000000000000004,270.0,6.453386454183266,1255,74.595219123506
410,0.3460526315789474,0.5,30.0,7.479131886477461,599,196.13021702838046
411,0.3460526315789474,0.5,90.0,11.060025542784174,783,278.28607918263054
412,0.3460526315789474,0.5,150.0,10.205311542390188,979,181.77834525025528
413,0.3460526315789474,0.5,210.0,9.242258652094717,1098,155.54644808743151
414,0.3460526315789474,0.5,270.0,6.061511423550085,569,62.43409490333924
415,0.3460526315789474,0.7000000000000001,30.0,4.383720930232558,172,52.8604651162791
416,0.3460526315789474,0.7000000000000001,90.0,8.256097560975611,164,141.0853658536586
417,0.3460526315789474,0.7000000000000001,150.0,9.682539682539684,126,185.03174603174617
418,0.3460526315789474,0.7000000000000001,210.0,8.110000000000005,100,146.19000000000008
419,0.3460526315789474,0.7000000000000001,270.0,5.361111111111111,36,50.41666666666668
420,0.3460526315789474,0.9,30.0,1.0,1,1.0
421,0.3460526315789474,0.9,90.0,0.0,0,0.0
422,0.3460526315789474,0.9,150.0,0.0,0,0.0
423,0.3460526315789474,0.9,210.0,9.0,1,81.0
424,0.3460526315789474,0.9,270.0,1.0,1,1.0
425,0.3676315789473684,0.1,30.0,8.08662613981763,658,202.41185410334347
426,0.3676315789473684,0.1,90.0,11.08375634517766,788,265.6827411167513
427,0.3676315789473684,0.1,150.0,12.097560975609772,1148,296.73693379790944
428,0.3676315789473684,0.1,210.0,10.075747508305636,1505,189.84451827242563
429,0.3676315789473684,0.1,270.0,5.909451945988874,1259,64.4670373312152
430,0.3676315789473684,0.30000000000000004,30.0,9.356209150326801,306,233.90522875817004
431,0.3676315789473684,0.30000000000000004,90.0,12.761565836298933,562,342.306049822064
432,0.3676315789473684,0.30000000000000004,150.0,12.338860103626956,965,286.0694300518129
433,0.3676315789473684,0.30000000000000004,210.0,10.15262321144674,1258,185.1001589825118
434,0.3676315789473684,0.30000000000000004,270.0,6.501344086021516,744,72.06048387096773
435,0.3676315789473684,0.5,30.0,6.720238095238093,504,120.93849206349196
436,0.3676315789473684,0.5,90.0,10.592424242424247,660,241.15000000000026
437,0.3676315789473684,0.5,150.0,10.849299065420563,856,206.95677570093466
438,0.3676315789473684,0.5,210.0,8.813380281690149,852,150.19835680751177
439,0.3676315789473684,0.5,270.0,5.860000000000006,350,58.50000000000001
440,0.3676315789473684,0.7000000000000001,30.0,3.30188679245283,106,43.69811320754717
441,0.3676315789473684,0.7000000000000001,90.0,6.412698412698411,63,112.60317460317454
442,0.3676315789473684,0.7000000000000001,150.0,7.902777777777779,72,129.62499999999991
443,0.3676315789473684,0.7000000000000001,210.0,7.196078431372546,51,92.29411764705877
444,0.3676315789473684,0.7000000000000001,270.0,5.869565217391303,23,54.30434782608694
445,0.3676315789473684,0.9,30.0,0.0,0,0.0
446,0.3676315789473684,0.9,90.0,0.0,0,0.0
447,0.3676315789473684,0.9,150.0,0.0,0,0.0
448,0.3676315789473684,0.9,210.0,3.0,2,9.0
449,0.3676315789473684,0.9,270.0,9.0,1,81.0
450,0.3892105263157895,0.1,30.0,6.81983805668016,494,133.9412955465587
451,0.3892105263157895,0.1,90.0,12.246969696969689,660,327.3469696969695
452,0.3892105263157895,0.1,150.0,11.627078384798075,842,274.4323040380046
453,0.3892105263157895,0.1,210.0,10.12322274881518,1055,174.86824644549782
454,0.3892105263157895,0.1,270.0,5.97724810400866,923,65.73456121343446
455,0.3892105263157895,0.30000000000000004,30.0,9.273885350318462,314,198.89808917197465
456,0.3892105263157895,0.30000000000000004,90.0,12.14837398373985,492,312.8069105691056
457,0.3892105263157895,0.30000000000000004,150.0,11.904635761589404,755,255.02251655629138
458,0.3892105263157895,0.30000000000000004,210.0,9.987512007684908,1041,174.14121037463985
459,0.3892105263157895,0.30000000000000004,270.0,6.319999999999997,550,69.72727272727283
460,0.3892105263157895,0.5,30.0,7.280219780219782,364,196.93956043956072
461,0.3892105263157895,0.5,90.0,10.842000000000017,500,232.23400000000004
462,0.3892105263157895,0.5,150.0,10.533333333333331,585,228.45811965811967
463,0.3892105263157895,0.5,210.0,9.103019538188274,563,147.9484902309058
464,0.3892105263157895,0.5,270.0,6.099585062240664,241,66.63070539419088
465,0.3892105263157895,0.7000000000000001,30.0,1.7843137254901957,51,11.156862745098039
466,0.3892105263157895,0.7000000000000001,90.0,5.212121212121211,33,81.45454545454542
467,0.3892105263157895,0.7000000000000001,150.0,5.928571428571429,14,66.21428571428572
468,0.3892105263157895,0.7000000000000001,210.0,8.000000000000002,6,89.0
469,0.3892105263157895,0.7000000000000001,270.0,0.0,0,0.0
470,0.3892105263157895,0.9,30.0,11.0,1,121.0
471,0.3892105263157895,0.9,90.0,0.0,0,0.0
472,0.3892105263157895,0.9,150.0,0.0,0,0.0
473,0.3892105263157895,0.9,210.0,13.5,2,314.5
474,0.3892105263157895,0.9,270.0,0.0,0,0.0
475,0.7,0.1,30.0,8.521196358907646,3845,222.03276983094864
476,0.7,0.1,90.0,11.83808095952024,4669,302.10194902548767
477,0.7,0.1,150.0,11.40411795498169,5731,260.448961786773
478,0.7,0.1,210.0,9.534345491575646,5401,170.3175337900385
479,0.7,0.1,270.0,6.440404040404034,2475,74.13494949494934
480,0.7,0.30000000000000004,30.0,8.324978012313087,2274,190.00307827616467
481,0.7,0.30000000000000004,90.0,11.664314206811902,3259,296.8247928812514
482,0.7,0.30000000000000004,150.0,11.111857793193147,4613,237.99761543464038
483,0.7,0.30000000000000004,210.0,9.20085470085467,4914,153.60419210419246
484,0.7,0.30000000000000004,270.0,5.947862356621481,1918,61.045881126172986
485,0.7,0.5,30.0,4.93233082706767,2660,85.34736842105262
486,0.7,0.5,90.0,8.446199407699876,2026,193.10858835143125
487,0.7,0.5,150.0,8.817946058091279,1928,169.00259336099577
488,0.7,0.5,210.0,7.691666666666665,1320,116.40681818181821
489,0.7,0.5,270.0,5.383647798742131,477,54.10062893081757
490,0.7,0.7000000000000001,30.0,17.0,2,485.0
491,0.7,0.7000000000000001,90.0,5.0,1,25.0
492,0.7,0.7000000000000001,150.0,21.333333333333332,3,744.6666666666666
493,0.7,0.7000000000000001,210.0,7.0,3,63.0
494,0.7,0.7000000000000001,270.0,0.0,0,0.0
495,0.7,0.9,30.0,4.0,2,25.0
496,0.7,0.9,90.0,0.0,0,0.0
497,0.7,0.9,150.0,3.6666666666666665,3,15.0
498,0.7,0.9,210.0,12.0,1,144.0
499,0.7,0.9,270.0,13.333333333333332,3,235.33333333333331
