,voc_bin,elo_bin,rtmean,rtcount,rt_squaredmean
0,0.0007894736842105274,625.0,13.581734710608279,12198,456.4341695359892
1,0.0007894736842105274,1387.5,14.01415694448204,36943,806.1310938472777
2,0.0007894736842105274,1662.5,15.331741499277895,60936,619.8552743862391
3,0.0007894736842105274,2400.0,16.02019789860244,49015,726.9297153932475
4,0.022368421052631583,625.0,16.458777540867086,2814,640.9193319118688
5,0.022368421052631583,1387.5,16.66147559089909,9054,602.3484647669543
6,0.022368421052631583,1662.5,18.140188111843376,15629,754.0541941263033
7,0.022368421052631583,2400.0,20.2854669918955,12709,1002.7633960185715
8,0.04394736842105264,625.0,17.46346414073074,1478,661.9492557510144
9,0.04394736842105264,1387.5,17.893156281920334,4895,702.5595505617973
10,0.04394736842105264,1662.5,19.221592879435917,8651,830.8399029013992
11,0.04394736842105264,2400.0,21.44897400820794,7310,1118.9091655266777
12,0.0655263157894737,625.0,17.520671834625333,774,659.7661498708009
13,0.0655263157894737,1387.5,18.45551222970576,2821,755.5593761077637
14,0.0655263157894737,1662.5,20.228731942215095,4984,914.3523274478314
15,0.0655263157894737,2400.0,22.532428002809585,4271,1204.2196206977285
16,0.08710526315789476,625.0,16.90748898678413,454,588.1894273127762
17,0.08710526315789476,1387.5,18.729729729729712,1702,749.0188014101049
18,0.08710526315789476,1662.5,21.215478484264576,3114,979.5578034682057
19,0.08710526315789476,2400.0,23.706764168190148,2735,1313.4932358318076
20,0.1086842105263158,625.0,17.04477611940299,268,628.6940298507461
21,0.1086842105263158,1387.5,19.14107142857145,1120,854.8839285714291
22,0.1086842105263158,1662.5,21.894841269841287,2016,1022.929563492062
23,0.1086842105263158,2400.0,23.522615803814734,1835,1353.9160762942802
24,0.13026315789473686,625.0,17.977653631284916,179,623.8547486033519
25,0.13026315789473686,1387.5,20.897142857142853,700,920.8685714285705
26,0.13026315789473686,1662.5,21.73684210526312,1387,1019.1355443403011
27,0.13026315789473686,2400.0,24.229929851909574,1283,1474.0085736554938
28,0.1518421052631579,625.0,20.393103448275856,145,845.510344827586
29,0.1518421052631579,1387.5,21.873267326732716,505,1003.9405940594062
30,0.1518421052631579,1662.5,23.060817547357942,1003,1149.780658025922
31,0.1518421052631579,2400.0,25.100497512437848,1005,1354.8915422885564
32,0.17342105263157898,625.0,21.119047619047606,84,933.3333333333334
33,0.17342105263157898,1387.5,18.618279569892486,372,722.9247311827961
34,0.17342105263157898,1662.5,23.500000000000036,746,1264.9584450402174
35,0.17342105263157898,2400.0,26.68023255813956,688,1593.9418604651157
36,0.195,625.0,21.28767123287671,73,994.6849315068494
37,0.195,1387.5,18.9344827586207,290,848.0586206896552
38,0.195,1662.5,25.0749574105622,587,1475.7972742759775
39,0.195,2400.0,27.190388170055442,541,1762.0554528650646
40,0.2165789473684211,625.0,21.586956521739125,46,750.6739130434784
41,0.2165789473684211,1387.5,22.385365853658513,205,1117.4878048780483
42,0.2165789473684211,1662.5,27.81983805668017,494,1772.973684210526
43,0.2165789473684211,2400.0,27.441704035874444,446,1611.0156950672629
44,0.23815789473684212,625.0,24.520833333333336,48,1471.8541666666667
45,0.23815789473684212,1387.5,22.80203045685279,197,1131.0761421319796
46,0.23815789473684212,1662.5,22.586956521739147,368,1096.597826086957
47,0.23815789473684212,2400.0,26.41142857142859,350,1695.274285714285
48,0.25973684210526315,625.0,28.722222222222218,36,2056.3333333333335
49,0.25973684210526315,1387.5,19.36423841059601,151,691.6026490066228
50,0.25973684210526315,1662.5,22.72025723472669,311,1031.2668810289404
51,0.25973684210526315,2400.0,23.313993174061444,293,1424.522184300342
52,0.28131578947368424,625.0,19.136363636363626,22,682.6818181818181
53,0.28131578947368424,1387.5,21.245762711864412,118,831.56779661017
54,0.28131578947368424,1662.5,25.225806451612897,248,1443.3790322580644
55,0.28131578947368424,2400.0,24.9698275862069,232,1694.0991379310356
56,0.3028947368421053,625.0,29.640000000000004,25,2481.3199999999997
57,0.3028947368421053,1387.5,19.159090909090892,88,701.1818181818181
58,0.3028947368421053,1662.5,24.130000000000006,200,1334.039999999999
59,0.3028947368421053,2400.0,26.492753623188403,207,1587.971014492754
60,0.32447368421052636,625.0,13.136363636363633,22,290.8636363636363
61,0.32447368421052636,1387.5,18.78378378378378,74,849.9729729729727
62,0.32447368421052636,1662.5,23.089385474860336,179,1173.2122905027936
63,0.32447368421052636,2400.0,21.55345911949687,159,1035.40251572327
64,0.3460526315789474,625.0,20.388888888888893,18,1469.1666666666665
65,0.3460526315789474,1387.5,21.984374999999996,64,906.4843749999999
66,0.3460526315789474,1662.5,26.627118644067803,118,1514.694915254237
67,0.3460526315789474,2400.0,29.966942148760346,121,2338.3636363636365
68,0.3676315789473684,625.0,19.684210526315788,19,1002.9473684210526
69,0.3676315789473684,1387.5,31.844444444444445,45,3377.0444444444433
70,0.3676315789473684,1662.5,26.08888888888889,90,1473.4888888888884
71,0.3676315789473684,2400.0,21.772727272727277,88,1018.977272727273
72,0.3892105263157895,625.0,23.999999999999996,12,1151.833333333333
73,0.3892105263157895,1387.5,25.11111111111111,27,1219.2592592592596
74,0.3892105263157895,1662.5,24.36538461538462,52,1092.557692307692
75,0.3892105263157895,2400.0,22.301369863013694,73,942.9041095890409
76,0.7,625.0,18.530612244897952,49,578.6122448979594
77,0.7,1387.5,19.34666666666666,150,919.4400000000006
78,0.7,1662.5,26.56610169491527,295,1747.0881355932192
79,0.7,2400.0,28.138297872340406,282,1887.9751773049636
