,voc_bin,elo_bin,rtmean,rtcount,rt_squaredmean
0,0.0007894736842105274,625.0,20.984967466905992,4457,1162.0237828135503
1,0.0007894736842105274,1387.5,21.651586166066377,20269,1250.9805121120917
2,0.0007894736842105274,1662.5,22.92670679945622,36047,1534.570671623157
3,0.0007894736842105274,2400.0,24.631980405878252,28580,1677.7191042687211
4,0.022368421052631583,625.0,24.044273339749747,1039,1436.6467757459106
5,0.022368421052631583,1387.5,25.091856805664836,5084,1389.0068843430347
6,0.022368421052631583,1662.5,28.305219161933323,9331,1862.5472082306303
7,0.022368421052631583,2400.0,30.572528201725273,7535,2283.844193762441
8,0.04394736842105264,625.0,26.15636363636363,550,1457.9745454545462
9,0.04394736842105264,1387.5,27.680988184747562,2793,1622.5861081274631
10,0.04394736842105264,1662.5,29.091012730381895,5263,1957.2726581797463
11,0.04394736842105264,2400.0,32.019652650822664,4376,2457.3857404021874
12,0.0655263157894737,625.0,29.795527156549536,313,1812.0191693290728
13,0.0655263157894737,1387.5,28.196384039900263,1604,1807.1302992518717
14,0.0655263157894737,1662.5,30.636572554169398,3046,2179.448785292185
15,0.0655263157894737,2400.0,34.43789062500005,2560,2903.0988281249993
16,0.08710526315789476,625.0,24.96491228070177,171,1367.0584795321633
17,0.08710526315789476,1387.5,28.62838569880823,923,1757.2827735644635
18,0.08710526315789476,1662.5,31.758564437194163,1839,2732.617727025562
19,0.08710526315789476,2400.0,34.26388888888886,1584,2773.5101010101002
20,0.1086842105263158,625.0,28.05714285714286,105,1685.4666666666674
21,0.1086842105263158,1387.5,29.018867924528287,583,2136.548885077185
22,0.1086842105263158,1662.5,33.38467807660963,1227,2411.7970660146666
23,0.1086842105263158,2400.0,34.04434389140273,1105,2632.719457013573
24,0.13026315789473686,625.0,26.90476190476189,63,1582.1428571428567
25,0.13026315789473686,1387.5,29.302387267904525,377,1807.2175066312989
26,0.13026315789473686,1662.5,32.87602339181293,855,2551.6760233918117
27,0.13026315789473686,2400.0,34.56097560975614,820,2661.3024390243936
28,0.1518421052631579,625.0,27.302325581395348,43,2170.511627906977
29,0.1518421052631579,1387.5,26.92936802973979,269,1642.3791821561342
30,0.1518421052631579,1662.5,32.84158415841584,606,2232.6039603960417
31,0.1518421052631579,2400.0,37.33158813263522,573,3359.2233856893567
32,0.17342105263157898,625.0,29.76666666666666,30,1796.7000000000007
33,0.17342105263157898,1387.5,30.60576923076924,208,1906.192307692308
34,0.17342105263157898,1662.5,32.59234234234234,444,2224.484234234234
35,0.17342105263157898,2400.0,38.61904761904765,441,3971.09977324263
36,0.195,625.0,35.0,23,2708.304347826086
37,0.195,1387.5,30.096590909090917,176,1735.982954545455
38,0.195,1662.5,31.46086956521741,345,2112.405797101448
39,0.195,2400.0,41.232026143790875,306,3730.4411764705897
40,0.2165789473684211,625.0,37.454545454545446,22,2160.363636363635
41,0.2165789473684211,1387.5,30.74418604651164,129,1667.7984496124038
42,0.2165789473684211,1662.5,39.17730496453905,282,3356.1347517730496
43,0.2165789473684211,2400.0,35.16165413533838,266,2786.3195488721813
44,0.23815789473684212,625.0,25.666666666666668,18,1003.4444444444446
45,0.23815789473684212,1387.5,29.871559633027537,109,1784.018348623855
46,0.23815789473684212,1662.5,35.962499999999984,240,2898.5291666666644
47,0.23815789473684212,2400.0,41.913043478260896,230,4091.2608695652166
48,0.25973684210526315,625.0,34.5,16,3029.625
49,0.25973684210526315,1387.5,23.887499999999996,80,1334.7375
50,0.25973684210526315,1662.5,34.357142857142854,182,2322.3901098901106
51,0.25973684210526315,2400.0,45.54857142857143,175,5091.685714285713
52,0.28131578947368424,625.0,21.0,16,852.9999999999998
53,0.28131578947368424,1387.5,36.509090909090915,55,2914.145454545453
54,0.28131578947368424,1662.5,36.69680851063835,188,2758.3670212765974
55,0.28131578947368424,2400.0,34.775,160,2640.837500000001
56,0.3028947368421053,625.0,27.5,10,938.3000000000001
57,0.3028947368421053,1387.5,41.06122448979591,49,3270.4489795918366
58,0.3028947368421053,1662.5,38.027972027972055,143,3652.713286713285
59,0.3028947368421053,2400.0,36.050359712230225,139,4327.172661870504
60,0.32447368421052636,625.0,33.833333333333336,12,2190.1666666666665
61,0.32447368421052636,1387.5,27.47619047619047,42,1516.380952380952
62,0.32447368421052636,1662.5,31.17708333333332,96,1992.0104166666672
63,0.32447368421052636,2400.0,34.301075268817215,93,2504.2580645161297
64,0.3460526315789474,625.0,30.11111111111111,9,2333.6666666666665
65,0.3460526315789474,1387.5,26.91176470588235,34,1155.3823529411764
66,0.3460526315789474,1662.5,38.98305084745762,59,2677.9322033898297
67,0.3460526315789474,2400.0,45.58904109589042,73,8689.671232876713
68,0.3676315789473684,625.0,21.000000000000004,5,602.1999999999999
69,0.3676315789473684,1387.5,34.56666666666666,30,1612.3
70,0.3676315789473684,1662.5,35.43396226415094,53,2313.433962264151
71,0.3676315789473684,2400.0,31.279069767441875,43,2423.7441860465115
72,0.3892105263157895,625.0,15.5,2,296.5
73,0.3892105263157895,1387.5,32.642857142857146,14,1716.9285714285713
74,0.3892105263157895,1662.5,40.04878048780489,41,2743.024390243903
75,0.3892105263157895,2400.0,46.526315789473685,38,4119.78947368421
76,0.7,625.0,29.919999999999998,25,1715.6799999999998
77,0.7,1387.5,34.476190476190496,84,2601.119047619046
78,0.7,1662.5,37.4044943820225,178,3420.707865168539
79,0.7,2400.0,38.32142857142856,168,3289.3452380952394
