,voc_bin,U_bin,clock_bin,rtmean,rtcount,rt_squaredmean
0,0.0007894736842105274,0.1,30.0,5.106881136206162,163069,224.0959471144124
1,0.0007894736842105274,0.1,90.0,8.114530773153088,131397,302.3956026393292
2,0.0007894736842105274,0.1,150.0,8.98612193684531,157803,309.62017832360567
3,0.0007894736842105274,0.1,210.0,9.425243419057255,191234,301.7264346298245
4,0.0007894736842105274,0.1,270.0,9.664300769060992,231061,291.64995823613685
5,0.0007894736842105274,0.1,330.0,9.676694062240303,270725,261.5130224397439
6,0.0007894736842105274,0.1,390.0,9.271438455456005,303520,217.88928241960974
7,0.0007894736842105274,0.1,450.0,8.507598513599508,303283,166.84605467500623
8,0.0007894736842105274,0.1,510.0,7.205150923432914,232502,108.92816405880365
9,0.0007894736842105274,0.1,570.0,5.086758321273506,69100,52.121664254703425
10,0.0007894736842105274,0.30000000000000004,30.0,6.129296204095031,51819,195.34958219957971
11,0.0007894736842105274,0.30000000000000004,90.0,10.889854179503004,48690,401.46598890942715
12,0.0007894736842105274,0.30000000000000004,150.0,12.269160758766006,62628,457.73930190968804
13,0.0007894736842105274,0.30000000000000004,210.0,12.813348113138595,82094,477.116561502667
14,0.0007894736842105274,0.30000000000000004,270.0,12.946450315747777,105939,451.8197830827179
15,0.0007894736842105274,0.30000000000000004,330.0,13.051448023120717,134252,428.94986294431516
16,0.0007894736842105274,0.30000000000000004,390.0,12.439771463937362,174502,362.9786879233467
17,0.0007894736842105274,0.30000000000000004,450.0,11.178863172988601,223165,274.6584231398294
18,0.0007894736842105274,0.30000000000000004,510.0,9.043006876143037,266283,166.22654469117492
19,0.0007894736842105274,0.30000000000000004,570.0,5.660973093545239,179325,61.37134253450452
20,0.0007894736842105274,0.5,30.0,4.487673993724344,122059,137.34319468453808
21,0.0007894736842105274,0.5,90.0,8.920613051575394,105244,325.96715252175954
22,0.0007894736842105274,0.5,150.0,10.810543283488634,127797,403.79820340070535
23,0.0007894736842105274,0.5,210.0,12.064684824902667,160625,457.06350817120665
24,0.0007894736842105274,0.5,270.0,11.159977564246926,244253,413.1203055847822
25,0.0007894736842105274,0.5,330.0,14.18944736608257,247578,533.6938621363746
26,0.0007894736842105274,0.5,390.0,14.414494732907322,339751,502.51821775359036
27,0.0007894736842105274,0.5,450.0,13.755632107228545,521652,421.8406389700402
28,0.0007894736842105274,0.5,510.0,11.546626408436767,983981,269.4885622791505
29,0.0007894736842105274,0.5,570.0,5.1542277605361,3602380,57.00519017982557
30,0.0007894736842105274,0.7000000000000001,30.0,5.67260653246454,48037,178.5344422008039
31,0.0007894736842105274,0.7000000000000001,90.0,10.509012087718965,51209,386.536819699664
32,0.0007894736842105274,0.7000000000000001,150.0,12.370255458578598,68974,458.8980775364626
33,0.0007894736842105274,0.7000000000000001,210.0,13.134386095066523,94355,477.98773779873875
34,0.0007894736842105274,0.7000000000000001,270.0,13.548883558446164,124234,479.4799652269097
35,0.0007894736842105274,0.7000000000000001,330.0,14.055072960719318,157482,470.52999707903126
36,0.0007894736842105274,0.7000000000000001,390.0,13.553720463261683,210162,416.9873573719306
37,0.0007894736842105274,0.7000000000000001,450.0,12.34068708038561,282849,319.82274287694185
38,0.0007894736842105274,0.7000000000000001,510.0,10.068123451709345,374203,198.1211855597092
39,0.0007894736842105274,0.7000000000000001,570.0,6.291456373033135,330094,73.16858228262254
40,0.0007894736842105274,0.9,30.0,3.3891089467068185,221154,70.72112193313265
41,0.0007894736842105274,0.9,90.0,7.250515146204835,165487,183.34686108274437
42,0.0007894736842105274,0.9,150.0,8.682705171379787,195093,233.60224610826694
43,0.0007894736842105274,0.9,210.0,9.60019745437056,234991,269.6885582852111
44,0.0007894736842105274,0.9,270.0,10.087781102729044,279035,274.7225975236077
45,0.0007894736842105274,0.9,330.0,10.339617673712274,326632,271.18927110632126
46,0.0007894736842105274,0.9,390.0,9.948376973986699,374116,233.58554298666687
47,0.0007894736842105274,0.9,450.0,9.161402777707181,393562,183.82621289657004
48,0.0007894736842105274,0.9,510.0,7.724991206114161,343989,120.61538014296963
49,0.0007894736842105274,0.9,570.0,5.375331972445437,146473,55.98169628532217
50,0.022368421052631583,0.1,30.0,7.578955751648573,31391,333.1903730368576
51,0.022368421052631583,0.1,90.0,12.567274137262467,28369,535.3480559765939
52,0.022368421052631583,0.1,150.0,13.58482493433345,36929,529.2342061794244
53,0.022368421052631583,0.1,210.0,13.978750724877814,48284,516.3247866788162
54,0.022368421052631583,0.1,270.0,13.95585631980432,62138,482.87130258457074
55,0.022368421052631583,0.1,330.0,13.472260634586371,78823,416.9865140885278
56,0.022368421052631583,0.1,390.0,12.3573000733676,95410,327.9144743737551
57,0.022368421052631583,0.1,450.0,10.7355165403105,105258,232.25728210682368
58,0.022368421052631583,0.1,510.0,8.547992661219581,87753,141.04042027053217
59,0.022368421052631583,0.1,570.0,5.793576783915839,26809,64.02588682904992
60,0.022368421052631583,0.30000000000000004,30.0,6.6288623901122685,11489,193.90973975106647
61,0.022368421052631583,0.30000000000000004,90.0,12.454895489548974,10908,518.9503116978369
62,0.022368421052631583,0.30000000000000004,150.0,14.326884057970968,13800,536.4912318840564
63,0.022368421052631583,0.30000000000000004,210.0,15.175596701076024,18309,595.4443170025675
64,0.022368421052631583,0.30000000000000004,270.0,15.302666666666651,24000,556.3070833333309
65,0.022368421052631583,0.30000000000000004,330.0,15.729992049821112,30188,550.6813634556803
66,0.022368421052631583,0.30000000000000004,390.0,15.13284568785658,39783,483.7520548978194
67,0.022368421052631583,0.30000000000000004,450.0,13.433241680098593,52735,352.77891343509975
68,0.022368421052631583,0.30000000000000004,510.0,10.785626535626536,68376,212.14762489762438
69,0.022368421052631583,0.30000000000000004,570.0,6.3626866459135565,56859,71.99862818551172
70,0.022368421052631583,0.5,30.0,6.332580269733676,14607,237.42192099678206
71,0.022368421052631583,0.5,90.0,12.56711650042371,15339,542.5469065780022
72,0.022368421052631583,0.5,150.0,15.10195467564444,19901,629.9848248831727
73,0.022368421052631583,0.5,210.0,16.453839638622274,28336,715.8279220779224
74,0.022368421052631583,0.5,270.0,14.637816990482515,48227,625.3465486138497
75,0.022368421052631583,0.5,330.0,18.71617852161785,50190,789.7734010759098
76,0.022368421052631583,0.5,390.0,18.142524716028543,76064,685.6010333403445
77,0.022368421052631583,0.5,450.0,16.67711292127362,127797,540.4185153016133
78,0.022368421052631583,0.5,510.0,13.27471403115481,260955,319.85242283152286
79,0.022368421052631583,0.5,570.0,5.937007239501443,769390,69.3333731917495
80,0.022368421052631583,0.7000000000000001,30.0,5.832974717590112,11154,159.68289402904716
81,0.022368421052631583,0.7000000000000001,90.0,11.6057283698793,11766,369.8389427163017
82,0.022368421052631583,0.7000000000000001,150.0,13.484578960839498,15628,459.7960711543377
83,0.022368421052631583,0.7000000000000001,210.0,14.920494276545837,20879,539.6989798361967
84,0.022368421052631583,0.7000000000000001,270.0,15.335458718938993,27446,542.9119361655623
85,0.022368421052631583,0.7000000000000001,330.0,15.949483523353091,33593,546.5347244961731
86,0.022368421052631583,0.7000000000000001,390.0,15.119264992121586,43156,461.8116831958469
87,0.022368421052631583,0.7000000000000001,450.0,13.564895862005688,54495,349.21488209927486
88,0.022368421052631583,0.7000000000000001,510.0,10.99256288389571,63331,217.83013058375874
89,0.022368421052631583,0.7000000000000001,570.0,6.80529013935353,41549,79.23769525138981
90,0.022368421052631583,0.9,30.0,4.971483054520236,23074,111.49076883071854
91,0.022368421052631583,0.9,90.0,10.322124210809116,22333,291.98871624949675
92,0.022368421052631583,0.9,150.0,12.26021934197406,29087,374.31268264172974
93,0.022368421052631583,0.9,210.0,13.419446737133573,37559,423.31545035810376
94,0.022368421052631583,0.9,270.0,13.9747929573567,46971,433.4776777160404
95,0.022368421052631583,0.9,330.0,13.816629344091337,58499,398.7596881997984
96,0.022368421052631583,0.9,390.0,12.860495877072005,71066,331.06990684715703
97,0.022368421052631583,0.9,450.0,11.193780545382621,78367,240.70952058902336
98,0.022368421052631583,0.9,510.0,8.867031373779918,66903,143.56613305830834
99,0.022368421052631583,0.9,570.0,5.965428416485907,22128,60.89447758496033
100,0.04394736842105264,0.1,30.0,7.632806086147459,18271,290.3722292156974
101,0.04394736842105264,0.1,90.0,12.914019379369547,16306,540.9348705997778
102,0.04394736842105264,0.1,150.0,14.224770642201856,20928,571.897171253822
103,0.04394736842105264,0.1,210.0,14.791432867568835,27267,573.6374371951413
104,0.04394736842105264,0.1,270.0,14.88485025566105,34225,548.3500949598223
105,0.04394736842105264,0.1,330.0,14.320991999249205,42621,459.05870345604365
106,0.04394736842105264,0.1,390.0,13.264100181937815,51666,380.93490883753253
107,0.04394736842105264,0.1,450.0,11.61461659228423,56689,275.66400889061305
108,0.04394736842105264,0.1,510.0,9.083192884845763,49247,156.19578857595397
109,0.04394736842105264,0.1,570.0,5.885374999999996,16000,65.70300000000015
110,0.04394736842105264,0.30000000000000004,30.0,7.679688647378476,6809,222.71890145395852
111,0.04394736842105264,0.30000000000000004,90.0,13.585203780271693,6772,527.673803898405
112,0.04394736842105264,0.30000000000000004,150.0,15.98749039833204,9113,646.4003072533736
113,0.04394736842105264,0.30000000000000004,210.0,16.811439295039253,12256,708.237353133158
114,0.04394736842105264,0.30000000000000004,270.0,16.865804021626843,16461,652.5982625599898
115,0.04394736842105264,0.30000000000000004,330.0,17.14660780669148,21520,629.1296003717484
116,0.04394736842105264,0.30000000000000004,390.0,16.369859749455312,29376,546.3895356753815
117,0.04394736842105264,0.30000000000000004,450.0,14.27116365899189,40175,389.8992906036088
118,0.04394736842105264,0.30000000000000004,510.0,11.223734761728833,54140,229.54298115995547
119,0.04394736842105264,0.30000000000000004,570.0,6.561338289962832,47344,78.67113044947615
120,0.04394736842105264,0.5,30.0,7.278091557669452,6728,239.24123067776426
121,0.04394736842105264,0.5,90.0,14.315169557338853,7726,610.64884804556
122,0.04394736842105264,0.5,150.0,16.629881466507413,10883,708.7629330147951
123,0.04394736842105264,0.5,210.0,18.284275853334304,15791,871.2029003862966
124,0.04394736842105264,0.5,270.0,17.149759229534517,24920,745.7682182985569
125,0.04394736842105264,0.5,330.0,19.75549987987777,29137,826.5428836187643
126,0.04394736842105264,0.5,390.0,18.851040353089452,44408,723.1650828679517
127,0.04394736842105264,0.5,450.0,16.79965139789443,71715,539.7016663180627
128,0.04394736842105264,0.5,510.0,13.224461220017037,131408,313.61786192621486
129,0.04394736842105264,0.5,570.0,6.37085004775548,261750,77.0801146131803
130,0.04394736842105264,0.7000000000000001,30.0,6.185652837519073,7207,148.96822533647807
131,0.04394736842105264,0.7000000000000001,90.0,12.513355048859923,7675,496.9897068403907
132,0.04394736842105264,0.7000000000000001,150.0,14.692790262172304,10680,554.9594569288398
133,0.04394736842105264,0.7000000000000001,210.0,15.922118160692914,14201,573.5005985493982
134,0.04394736842105264,0.7000000000000001,270.0,16.482190439936872,18389,602.6681711892982
135,0.04394736842105264,0.7000000000000001,330.0,16.432848515777803,23514,564.6370672790639
136,0.04394736842105264,0.7000000000000001,390.0,15.659044346044539,30262,485.6696847531556
137,0.04394736842105264,0.7000000000000001,450.0,13.872779886903643,37667,360.3386518703381
138,0.04394736842105264,0.7000000000000001,510.0,10.996942772523148,41868,214.59128690169055
139,0.04394736842105264,0.7000000000000001,570.0,6.91472632493483,23020,81.8738053866202
140,0.04394736842105264,0.9,30.0,4.5094312140412125,13731,89.26567620712206
141,0.04394736842105264,0.9,90.0,9.840382461883022,11609,302.06934275131397
142,0.04394736842105264,0.9,150.0,12.03588803497144,14183,398.93865895790793
143,0.04394736842105264,0.9,210.0,13.13022941970309,17784,421.17780026990687
144,0.04394736842105264,0.9,270.0,13.674094837654785,21405,424.437841625788
145,0.04394736842105264,0.9,330.0,13.539600848589654,25454,395.1347136010053
146,0.04394736842105264,0.9,390.0,12.619152170241533,29605,326.9113325451779
147,0.04394736842105264,0.9,450.0,11.111040488145923,31466,240.33369351045542
148,0.04394736842105264,0.9,510.0,8.847518429455594,25367,150.61335593487607
149,0.04394736842105264,0.9,570.0,6.069056603773592,7950,65.81169811320748
150,0.0655263157894737,0.1,30.0,8.414361702127632,9400,351.98031914893545
151,0.0655263157894737,0.1,90.0,14.29650284652028,8607,614.550946903685
152,0.0655263157894737,0.1,150.0,15.861312545322688,11032,698.5152284263964
153,0.0655263157894737,0.1,210.0,16.022398995185235,14331,653.8517200474478
154,0.0655263157894737,0.1,270.0,15.718054054053992,18500,603.6002162162171
155,0.0655263157894737,0.1,330.0,15.177888540368674,23273,523.3224337214803
156,0.0655263157894737,0.1,390.0,14.11746494911396,28102,424.5128816454353
157,0.0655263157894737,0.1,450.0,12.006449553001296,31320,284.70862068965516
158,0.0655263157894737,0.1,510.0,9.5010630247559,27751,176.20943389427393
159,0.0655263157894737,0.1,570.0,6.119970272852746,9419,68.70262235906128
160,0.0655263157894737,0.30000000000000004,30.0,7.868508026440053,4236,255.97049102927284
161,0.0655263157894737,0.30000000000000004,90.0,14.923665791776003,4572,582.0505249343839
162,0.0655263157894737,0.30000000000000004,150.0,17.036988110964295,6056,757.9947159841472
163,0.0655263157894737,0.30000000000000004,210.0,18.060154784240137,8528,781.865267354593
164,0.0655263157894737,0.30000000000000004,270.0,18.13912160446816,11817,762.3068460692223
165,0.0655263157894737,0.30000000000000004,330.0,18.200435729847534,15147,693.0799498250472
166,0.0655263157894737,0.30000000000000004,390.0,17.08415352013188,21235,578.8372969154693
167,0.0655263157894737,0.30000000000000004,450.0,14.988053244592335,30050,425.6277870216314
168,0.0655263157894737,0.30000000000000004,510.0,11.630630408520533,40561,244.01765242474355
169,0.0655263157894737,0.30000000000000004,570.0,6.607234227859125,36742,77.98445920200304
170,0.0655263157894737,0.5,30.0,8.679163478704377,3921,409.5840346850287
171,0.0655263157894737,0.5,90.0,15.851307542684232,4627,857.1973200778062
172,0.0655263157894737,0.5,150.0,17.769348659003843,6525,775.7944827586217
173,0.0655263157894737,0.5,210.0,18.72883667261089,9533,818.4558900660869
174,0.0655263157894737,0.5,270.0,18.417222222222186,14400,816.340833333329
175,0.0655263157894737,0.5,330.0,20.512125133629596,17773,894.3822652337775
176,0.0655263157894737,0.5,390.0,18.942506925733312,26351,721.152669727906
177,0.0655263157894737,0.5,450.0,16.85888721658501,41194,536.5319949507214
178,0.0655263157894737,0.5,510.0,13.089738122895463,68009,304.95946124777555
179,0.0655263157894737,0.5,570.0,6.837786996929209,98346,85.8296524515487
180,0.0655263157894737,0.7000000000000001,30.0,6.967846353042718,4634,264.3722485973238
181,0.0655263157894737,0.7000000000000001,90.0,13.051619234543665,5095,485.5470068694789
182,0.0655263157894737,0.7000000000000001,150.0,15.000574960471443,6957,541.6859278424612
183,0.0655263157894737,0.7000000000000001,210.0,16.42429651406968,9524,640.3661276774432
184,0.0655263157894737,0.7000000000000001,270.0,16.85437941054378,12045,627.8860107928585
185,0.0655263157894737,0.7000000000000001,330.0,16.868926627762125,15251,594.5417349681992
186,0.0655263157894737,0.7000000000000001,390.0,16.046874999999996,20160,508.0579861111118
187,0.0655263157894737,0.7000000000000001,450.0,14.039349208938189,24524,366.73426031642487
188,0.0655263157894737,0.7000000000000001,510.0,11.040495276805537,26571,217.21278837830712
189,0.0655263157894737,0.7000000000000001,570.0,6.913966992665018,13088,83.09474327628332
190,0.0655263157894737,0.9,30.0,4.993125330512944,5673,103.65802926141353
191,0.0655263157894737,0.9,90.0,10.328929733869385,5223,271.97204671644613
192,0.0655263157894737,0.9,150.0,12.424956781392464,6363,393.0347320446327
193,0.0655263157894737,0.9,210.0,13.207044025157263,7950,412.0425157232705
194,0.0655263157894737,0.9,270.0,13.547784303256819,9365,419.43801388147324
195,0.0655263157894737,0.9,330.0,13.307577732265875,10742,384.87693167007933
196,0.0655263157894737,0.9,390.0,12.422714458316568,12415,327.7082561417633
197,0.0655263157894737,0.9,450.0,10.799311283735122,12487,230.54384559942324
198,0.0655263157894737,0.9,510.0,8.711024616031967,9506,141.4911634756993
199,0.0655263157894737,0.9,570.0,6.1559424678274075,2642,68.70401211203645
200,0.08710526315789476,0.1,30.0,8.389319703912575,5674,314.91875220303206
201,0.08710526315789476,0.1,90.0,14.563380281690133,5325,670.9494835680733
202,0.08710526315789476,0.1,150.0,16.541972799749853,6397,797.4070658120977
203,0.08710526315789476,0.1,210.0,16.497823785436978,8501,704.6655687566167
204,0.08710526315789476,0.1,270.0,16.533818938605634,10571,669.7308674676019
205,0.08710526315789476,0.1,330.0,15.735008349779882,13174,552.5554121754966
206,0.08710526315789476,0.1,390.0,14.597927068191902,15823,454.26246603046184
207,0.08710526315789476,0.1,450.0,12.636893536773544,17499,320.0412023544208
208,0.08710526315789476,0.1,510.0,9.946816479400772,16020,188.9300873907613
209,0.08710526315789476,0.1,570.0,6.138290713324364,5944,69.67429340511426
210,0.08710526315789476,0.30000000000000004,30.0,9.197000000000013,3000,426.5849999999999
211,0.08710526315789476,0.30000000000000004,90.0,15.765065769348436,3269,714.7831141021722
212,0.08710526315789476,0.30000000000000004,150.0,17.818344920385695,4459,761.2419825072882
213,0.08710526315789476,0.30000000000000004,210.0,18.730513307984783,6312,827.1519328263607
214,0.08710526315789476,0.30000000000000004,270.0,18.44264553909753,8709,773.0360546561059
215,0.08710526315789476,0.30000000000000004,330.0,18.981172481484844,11207,760.0472918711549
216,0.08710526315789476,0.30000000000000004,390.0,17.767829092051457,15915,624.9957273012867
217,0.08710526315789476,0.30000000000000004,450.0,15.579003653863287,22442,456.8745209874336
218,0.08710526315789476,0.30000000000000004,510.0,11.98059759410168,30924,257.55678437459585
219,0.08710526315789476,0.30000000000000004,570.0,6.781150850879722,27736,83.03612633400617
220,0.08710526315789476,0.5,30.0,8.383086515978153,2566,274.4360872954015
221,0.08710526315789476,0.5,90.0,16.209651124877656,3067,879.9605477665453
222,0.08710526315789476,0.5,150.0,18.488069414316694,4149,884.8110388045319
223,0.08710526315789476,0.5,210.0,19.748277600403263,5951,938.8190220131065
224,0.08710526315789476,0.5,270.0,19.490587564175677,8765,908.1673702224737
225,0.08710526315789476,0.5,330.0,20.661441168611358,11227,877.3472877883677
226,0.08710526315789476,0.5,390.0,19.07487192148637,16201,702.9009320412325
227,0.08710526315789476,0.5,450.0,16.816330711242202,24408,533.8349311701062
228,0.08710526315789476,0.5,510.0,13.032717720108254,37686,302.9436660828955
229,0.08710526315789476,0.5,570.0,6.984775072052115,47882,89.34745833507337
230,0.08710526315789476,0.7000000000000001,30.0,7.308779011099896,2973,311.3202152707708
231,0.08710526315789476,0.7000000000000001,90.0,13.329582469647617,3377,477.19159016878876
232,0.08710526315789476,0.7000000000000001,150.0,15.672758920800668,4596,587.5783289817231
233,0.08710526315789476,0.7000000000000001,210.0,17.045505889946863,6197,669.8684847506855
234,0.08710526315789476,0.7000000000000001,270.0,17.31613555892766,7908,649.2114314618098
235,0.08710526315789476,0.7000000000000001,330.0,17.434385546952498,10074,632.8197339686305
236,0.08710526315789476,0.7000000000000001,390.0,16.382280049566354,12912,519.9976765799272
237,0.08710526315789476,0.7000000000000001,450.0,14.197498226836036,15509,371.2363788767822
238,0.08710526315789476,0.7000000000000001,510.0,11.115175903908355,16401,218.5925248460463
239,0.08710526315789476,0.7000000000000001,570.0,6.917327873048375,7814,80.59201433324797
240,0.08710526315789476,0.9,30.0,4.7277411966790766,3493,93.29172630976238
241,0.08710526315789476,0.9,90.0,10.106245975531218,3106,270.304571796523
242,0.08710526315789476,0.9,150.0,11.993827160493819,3564,374.47979797979764
243,0.08710526315789476,0.9,210.0,12.48249506903352,4056,385.39768244575885
244,0.08710526315789476,0.9,270.0,12.421589460263489,4706,363.1835954101144
245,0.08710526315789476,0.9,330.0,12.758301158301137,5180,372.20772200772063
246,0.08710526315789476,0.9,390.0,11.313705054716,5757,271.6496439117596
247,0.08710526315789476,0.9,450.0,10.058353925109284,5261,199.34252043337742
248,0.08710526315789476,0.9,510.0,8.190043923865275,3415,124.4489019033672
249,0.08710526315789476,0.9,570.0,5.703196347031966,876,56.94520547945208
250,0.1086842105263158,0.1,30.0,8.925905747752672,3671,364.0138926722952
251,0.1086842105263158,0.1,90.0,14.622135102533178,3316,679.8127261761158
252,0.1086842105263158,0.1,150.0,15.90653531955791,4162,670.3366170110523
253,0.1086842105263158,0.1,210.0,16.80102720182611,5257,729.0015217804828
254,0.1086842105263158,0.1,270.0,16.41280591042021,6497,661.8984146529168
255,0.1086842105263158,0.1,330.0,16.40799313473094,8157,604.3864165747201
256,0.1086842105263158,0.1,390.0,15.656948798328106,9570,521.6084639498432
257,0.1086842105263158,0.1,450.0,13.420358945597329,10698,359.6678818470745
258,0.1086842105263158,0.1,510.0,10.407760314341807,10180,206.27102161100166
259,0.1086842105263158,0.1,570.0,6.652957603452641,3939,81.30693069306923
260,0.1086842105263158,0.30000000000000004,30.0,9.611279826464221,2305,555.0585683297182
261,0.1086842105263158,0.30000000000000004,90.0,17.162514827995277,2529,820.4072756030033
262,0.1086842105263158,0.30000000000000004,150.0,18.659805603201836,3498,959.5403087478577
263,0.1086842105263158,0.30000000000000004,210.0,19.62312500000002,4800,916.952708333336
264,0.1086842105263158,0.30000000000000004,270.0,18.735399820305478,6678,799.0579514824778
265,0.1086842105263158,0.30000000000000004,330.0,19.97076818490821,8826,829.7582143666428
266,0.1086842105263158,0.30000000000000004,390.0,18.338545484159926,12279,665.4417297825543
267,0.1086842105263158,0.30000000000000004,450.0,15.97795175867826,17371,477.6104426918421
268,0.1086842105263158,0.30000000000000004,510.0,12.39431438127092,23920,275.7431438127091
269,0.1086842105263158,0.30000000000000004,570.0,6.7498957203637096,23974,82.66180028364033
270,0.1086842105263158,0.5,30.0,9.004681100058521,1709,329.6799297834985
271,0.1086842105263158,0.5,90.0,16.480632008154966,1962,843.0412844036681
272,0.1086842105263158,0.5,150.0,18.504609929078015,2820,776.3365248226933
273,0.1086842105263158,0.5,210.0,20.11363636363633,3960,938.2121212121224
274,0.1086842105263158,0.5,270.0,19.224159402241565,5621,820.343177370574
275,0.1086842105263158,0.5,330.0,20.526030368763596,7376,839.4438720173536
276,0.1086842105263158,0.5,390.0,19.393956724811755,10491,723.1169573920508
277,0.1086842105263158,0.5,450.0,16.651884700665157,14883,517.5971242357053
278,0.1086842105263158,0.5,510.0,12.962352180339995,21648,298.82940687361287
279,0.1086842105263158,0.5,570.0,7.315154306771085,21710,94.09709811146942
280,0.1086842105263158,0.7000000000000001,30.0,6.785353535353537,1980,154.11565656565648
281,0.1086842105263158,0.7000000000000001,90.0,13.958126969833415,2221,525.4070238631252
282,0.1086842105263158,0.7000000000000001,150.0,16.92682926829267,2993,713.0644837955223
283,0.1086842105263158,0.7000000000000001,210.0,17.45905391658184,3932,707.8649542217679
284,0.1086842105263158,0.7000000000000001,270.0,17.882837967401677,5215,689.8460210929974
285,0.1086842105263158,0.7000000000000001,330.0,17.175981524249448,6495,588.9462663587362
286,0.1086842105263158,0.7000000000000001,390.0,16.240923298869884,8318,522.8761721567671
287,0.1086842105263158,0.7000000000000001,450.0,14.074304649061164,9959,368.27954613917063
288,0.1086842105263158,0.7000000000000001,510.0,11.19699740159753,10391,221.62544509671804
289,0.1086842105263158,0.7000000000000001,570.0,6.998159132746992,4889,83.45387604827144
290,0.1086842105263158,0.9,30.0,4.428514056224888,2490,69.22771084337326
291,0.1086842105263158,0.9,90.0,8.844720496894404,1932,257.4658385093163
292,0.1086842105263158,0.9,150.0,10.64650726676043,2133,305.88982653539557
293,0.1086842105263158,0.9,210.0,11.689784053156165,2408,357.43895348837196
294,0.1086842105263158,0.9,270.0,12.257281553398064,2678,380.1474981329353
295,0.1086842105263158,0.9,330.0,11.192812715964042,2894,290.6924671734623
296,0.1086842105263158,0.9,390.0,10.7607638888889,2880,256.1378472222219
297,0.1086842105263158,0.9,450.0,9.797794117647078,2448,199.6499183006538
298,0.1086842105263158,0.9,510.0,8.106761565836289,1405,136.93665480427074
299,0.1086842105263158,0.9,570.0,5.675090252707577,277,58.71480144404336
300,0.13026315789473686,0.1,30.0,8.522411128284375,2588,404.0850077279746
301,0.13026315789473686,0.1,90.0,14.997399219765928,2307,725.7299523190301
302,0.13026315789473686,0.1,150.0,16.17166309778726,2802,800.898286937904
303,0.13026315789473686,0.1,210.0,17.228782287822856,3523,733.0334941810947
304,0.13026315789473686,0.1,270.0,17.2544794188862,4130,743.6467312348666
305,0.13026315789473686,0.1,330.0,17.34599884858951,5211,675.4876223373636
306,0.13026315789473686,0.1,390.0,15.96077825818407,6476,544.0926497838155
307,0.13026315789473686,0.1,450.0,14.083017334777864,7384,395.95598591549253
308,0.13026315789473686,0.1,510.0,10.938217000691084,7235,225.1941948859712
309,0.13026315789473686,0.1,570.0,6.538410814375205,3033,75.63237718430561
310,0.13026315789473686,0.30000000000000004,30.0,9.353524229074862,1816,340.06277533039616
311,0.13026315789473686,0.30000000000000004,90.0,15.908010335917329,1935,823.5772609819116
312,0.13026315789473686,0.30000000000000004,150.0,19.29892711801705,2703,911.8997410284852
313,0.13026315789473686,0.30000000000000004,210.0,20.539774218955078,3809,1000.1706484641645
314,0.13026315789473686,0.30000000000000004,270.0,19.019496498201757,5283,794.183229225816
315,0.13026315789473686,0.30000000000000004,330.0,20.116438356164455,6862,828.5192363742337
316,0.13026315789473686,0.30000000000000004,390.0,18.8961622921676,9563,707.1669978040367
317,0.13026315789473686,0.30000000000000004,450.0,16.35871607907989,13303,509.3079756445906
318,0.13026315789473686,0.30000000000000004,510.0,12.735494787402404,18321,294.40625511707884
319,0.13026315789473686,0.30000000000000004,570.0,7.099264104660672,18345,91.57950395203035
320,0.13026315789473686,0.5,30.0,9.724369747899157,1190,476.1042016806721
321,0.13026315789473686,0.5,90.0,17.02106027596222,1377,875.331880900508
322,0.13026315789473686,0.5,150.0,19.494757863205212,2003,951.7044433349972
323,0.13026315789473686,0.5,210.0,19.45034482758627,2900,865.1317241379306
324,0.13026315789473686,0.5,270.0,20.436734693877494,3920,938.612755102041
325,0.13026315789473686,0.5,330.0,20.655206094940482,5119,851.3135378003534
326,0.13026315789473686,0.5,390.0,18.90040183696889,6968,681.9767508610787
327,0.13026315789473686,0.5,450.0,16.294464794464883,9828,499.27126577126694
328,0.13026315789473686,0.5,510.0,12.7429755178908,13275,295.00482109227914
329,0.13026315789473686,0.5,570.0,7.38761384335155,10980,95.0750455373406
330,0.13026315789473686,0.7000000000000001,30.0,7.282889733840295,1315,223.5262357414449
331,0.13026315789473686,0.7000000000000001,90.0,14.576283441793192,1383,694.2075198843105
332,0.13026315789473686,0.7000000000000001,150.0,16.739063304168862,1943,679.6809058157497
333,0.13026315789473686,0.7000000000000001,210.0,17.867759146341495,2624,705.0011432926825
334,0.13026315789473686,0.7000000000000001,270.0,18.04878048780488,3198,710.4621638524056
335,0.13026315789473686,0.7000000000000001,330.0,17.795804195804163,4290,634.8545454545442
336,0.13026315789473686,0.7000000000000001,390.0,16.621998883305388,5373,538.5710031639695
337,0.13026315789473686,0.7000000000000001,450.0,14.50281883285084,6563,396.6725582812754
338,0.13026315789473686,0.7000000000000001,510.0,11.200990693485444,6662,222.32737916541618
339,0.13026315789473686,0.7000000000000001,570.0,7.102187397975853,3063,85.23604309500494
340,0.13026315789473686,0.9,30.0,4.043981481481479,1728,72.55671296296292
341,0.13026315789473686,0.9,90.0,8.285173978819959,1322,214.2155824508317
342,0.13026315789473686,0.9,150.0,10.035441278665736,1439,307.7199444058377
343,0.13026315789473686,0.9,210.0,10.508563899868246,1518,302.2384716732527
344,0.13026315789473686,0.9,270.0,10.85628382441368,1663,300.0493084786527
345,0.13026315789473686,0.9,330.0,10.485465116279048,1720,280.2319767441851
346,0.13026315789473686,0.9,390.0,9.954516740366365,1583,230.55464308275427
347,0.13026315789473686,0.9,450.0,9.167215815485992,1214,194.3484349258647
348,0.13026315789473686,0.9,510.0,7.9442724458204275,646,115.74922600619192
349,0.13026315789473686,0.9,570.0,6.220338983050847,118,70.40677966101703
350,0.1518421052631579,0.1,30.0,8.963821368004519,1769,293.7970604861502
351,0.1518421052631579,0.1,90.0,16.39102969046116,1583,860.139608338598
352,0.1518421052631579,0.1,150.0,17.042478760619655,2001,791.4662668665648
353,0.1518421052631579,0.1,210.0,17.33291351805205,2382,744.003778337532
354,0.1518421052631579,0.1,270.0,18.589845037916263,3033,848.0326409495556
355,0.1518421052631579,0.1,330.0,17.486076647366968,3627,680.625861593603
356,0.1518421052631579,0.1,390.0,16.860102472711084,4489,582.8516373357095
357,0.1518421052631579,0.1,450.0,14.788010899182568,5505,419.80599455040715
358,0.1518421052631579,0.1,510.0,11.322243511583366,5741,237.09719561052086
359,0.1518421052631579,0.1,570.0,6.707208872458402,2705,81.90794824399262
360,0.1518421052631579,0.30000000000000004,30.0,9.199856218547811,1391,262.28828181164664
361,0.1518421052631579,0.30000000000000004,90.0,16.39763779527556,1524,665.6089238845145
362,0.1518421052631579,0.30000000000000004,150.0,19.772058823529406,2040,941.4975490196065
363,0.1518421052631579,0.30000000000000004,210.0,20.09880868955845,2854,945.045550105115
364,0.1518421052631579,0.30000000000000004,270.0,21.00860977462647,3949,1016.5436819447957
365,0.1518421052631579,0.30000000000000004,330.0,20.398925968546294,5214,882.6793248945162
366,0.1518421052631579,0.30000000000000004,390.0,19.04663728138779,7033,724.4554244276933
367,0.1518421052631579,0.30000000000000004,450.0,16.356608478802958,10025,507.1833416458836
368,0.1518421052631579,0.30000000000000004,510.0,12.633727252954392,13793,283.27361705212746
369,0.1518421052631579,0.30000000000000004,570.0,7.0889423076922995,12896,89.93819789081898
370,0.1518421052631579,0.5,30.0,9.06458557588806,929,251.49946178686753
371,0.1518421052631579,0.5,90.0,16.49023090586144,1126,730.0728241563047
372,0.1518421052631579,0.5,150.0,19.327307940606833,1549,867.0652033570047
373,0.1518421052631579,0.5,210.0,19.84533209475152,2153,913.070599163959
374,0.1518421052631579,0.5,270.0,19.997954312990107,2933,831.1578588475993
375,0.1518421052631579,0.5,330.0,20.311627906976724,3870,834.3844961240285
376,0.1518421052631579,0.5,390.0,18.693651718113006,5151,673.9516598718672
377,0.1518421052631579,0.5,450.0,16.326344707923706,6916,512.6363504916136
378,0.1518421052631579,0.5,510.0,12.593739210496006,8689,280.64852111865565
379,0.1518421052631579,0.5,570.0,7.3869544666771665,6347,95.62391681109156
380,0.1518421052631579,0.7000000000000001,30.0,7.4244060475161975,926,177.43088552915756
381,0.1518421052631579,0.7000000000000001,90.0,14.157943925233672,1070,519.185981308411
382,0.1518421052631579,0.7000000000000001,150.0,16.467694566813467,1362,592.699706314244
383,0.1518421052631579,0.7000000000000001,210.0,18.55537098560355,1806,800.7425249169418
384,0.1518421052631579,0.7000000000000001,270.0,18.211446046308392,2289,727.9379641764955
385,0.1518421052631579,0.7000000000000001,330.0,17.598802395209578,2839,623.8263473053879
386,0.1518421052631579,0.7000000000000001,390.0,17.302389453446857,3641,586.3867069486408
387,0.1518421052631579,0.7000000000000001,450.0,14.739388190656884,4217,405.2938107659473
388,0.1518421052631579,0.7000000000000001,510.0,11.324442400551849,4349,228.46401471602724
389,0.1518421052631579,0.7000000000000001,570.0,7.081094779523568,1973,85.09528636594035
390,0.1518421052631579,0.9,30.0,3.904040404040402,1188,52.944444444444386
391,0.1518421052631579,0.9,90.0,7.923645320197049,812,171.81034482758633
392,0.1518421052631579,0.9,150.0,9.341692789968665,957,231.9477533960289
393,0.1518421052631579,0.9,210.0,10.094496365524412,963,345.57943925233604
394,0.1518421052631579,0.9,270.0,10.253773584905671,1060,261.8839622641505
395,0.1518421052631579,0.9,330.0,10.08011869436201,1011,250.17309594460937
396,0.1518421052631579,0.9,390.0,9.321925133689826,935,194.08770053475953
397,0.1518421052631579,0.9,450.0,8.743703703703703,675,162.05037037037056
398,0.1518421052631579,0.9,510.0,7.430463576158938,302,109.31788079470199
399,0.1518421052631579,0.9,570.0,4.647058823529409,68,37.76470588235293
400,0.17342105263157898,0.1,30.0,9.078844652615155,1281,505.1740827478522
401,0.17342105263157898,0.1,90.0,16.266261925411982,1153,967.5533391153493
402,0.17342105263157898,0.1,150.0,17.617689015691827,1402,829.8131241084167
403,0.17342105263157898,0.1,210.0,18.435267857142833,1792,929.9308035714282
404,0.17342105263157898,0.1,270.0,18.931612318840553,2208,850.4243659420289
405,0.17342105263157898,0.1,330.0,19.100619759387513,2743,824.2220196864712
406,0.17342105263157898,0.1,390.0,17.508228730822832,3585,609.6365411436551
407,0.17342105263157898,0.1,450.0,15.44256207936879,4309,457.4174982594565
408,0.17342105263157898,0.1,510.0,11.442590559824355,4555,234.37650933040587
409,0.17342105263157898,0.1,570.0,6.9995808885163315,2386,86.46647108130774
410,0.17342105263157898,0.30000000000000004,30.0,9.601860465116255,1075,369.79534883720964
411,0.17342105263157898,0.30000000000000004,90.0,16.720626631853776,1149,731.2602262837254
412,0.17342105263157898,0.30000000000000004,150.0,19.680902989627825,1639,935.6345332519816
413,0.17342105263157898,0.30000000000000004,210.0,21.351351351351365,2294,1056.8430688753272
414,0.17342105263157898,0.30000000000000004,270.0,20.193261284170344,3146,893.6929434202133
415,0.17342105263157898,0.30000000000000004,330.0,21.221813725490176,4080,941.0056372549017
416,0.17342105263157898,0.30000000000000004,390.0,19.198876601720237,5697,723.7030015797807
417,0.17342105263157898,0.30000000000000004,450.0,16.47807296301008,7867,514.8866149739415
418,0.17342105263157898,0.30000000000000004,510.0,12.748517647058822,10625,289.37684705882396
419,0.17342105263157898,0.30000000000000004,570.0,7.251518960821291,9546,93.66069557930058
420,0.17342105263157898,0.5,30.0,8.550446998722867,783,302.95402298850536
421,0.17342105263157898,0.5,90.0,16.235167206041023,927,594.5868392664505
422,0.17342105263157898,0.5,150.0,19.992383853769983,1313,1045.8537699923806
423,0.17342105263157898,0.5,210.0,18.86995515695059,1784,836.1076233183857
424,0.17342105263157898,0.5,270.0,20.30993150684935,2336,840.6078767123278
425,0.17342105263157898,0.5,330.0,20.15958481998052,3083,845.7619202075904
426,0.17342105263157898,0.5,390.0,18.204338180921848,4057,647.2090214444191
427,0.17342105263157898,0.5,450.0,15.590500390930405,5116,451.93725566849
428,0.17342105263157898,0.5,510.0,12.408224674022037,5982,278.1995987963884
429,0.17342105263157898,0.5,570.0,7.278201032194653,4069,91.12484639960694
430,0.17342105263157898,0.7000000000000001,30.0,6.741233373639663,827,169.97460701330084
431,0.17342105263157898,0.7000000000000001,90.0,14.746495327102792,856,550.6857476635527
432,0.17342105263157898,0.7000000000000001,150.0,17.57419980601358,1031,929.1047526673127
433,0.17342105263157898,0.7000000000000001,210.0,17.758339510748705,1349,694.1749444032614
434,0.17342105263157898,0.7000000000000001,270.0,18.39928486293201,1678,909.9785458879597
435,0.17342105263157898,0.7000000000000001,330.0,17.75536694957563,2003,681.5546679980041
436,0.17342105263157898,0.7000000000000001,390.0,16.719060883406325,2513,556.0656585754065
437,0.17342105263157898,0.7000000000000001,450.0,14.215846994535486,2928,371.2964480874315
438,0.17342105263157898,0.7000000000000001,510.0,10.95833333333332,2976,215.34408602150526
439,0.17342105263157898,0.7000000000000001,570.0,7.1858887381275425,1474,88.62279511533222
440,0.17342105263157898,0.9,30.0,3.436750998668445,751,36.994673768308864
441,0.17342105263157898,0.9,90.0,6.463461538461538,520,116.09423076923085
442,0.17342105263157898,0.9,150.0,8.121085594989571,479,220.74739039665965
443,0.17342105263157898,0.9,210.0,9.238476953907803,499,243.54308617234474
444,0.17342105263157898,0.9,270.0,9.009671179883947,517,214.6344294003871
445,0.17342105263157898,0.9,330.0,8.048523206751053,474,186.221518987342
446,0.17342105263157898,0.9,390.0,9.484293193717273,382,248.37434554973814
447,0.17342105263157898,0.9,450.0,7.510729613733905,233,121.0815450643777
448,0.17342105263157898,0.9,510.0,6.495238095238095,105,71.44761904761916
449,0.17342105263157898,0.9,570.0,4.058823529411765,17,25.235294117647065
450,0.195,0.1,30.0,10.517429193899794,918,736.8311546840955
451,0.195,0.1,90.0,16.829890643985415,823,780.7181044957471
452,0.195,0.1,150.0,19.819444444444482,1008,1038.7460317460318
453,0.195,0.1,210.0,20.27252906976747,1376,1052.9600290697674
454,0.195,0.1,270.0,20.279314159291967,1808,981.3357300884965
455,0.195,0.1,330.0,19.641713747645987,2124,827.0042372881348
456,0.195,0.1,390.0,18.194371482176333,2665,672.1891181988733
457,0.195,0.1,450.0,15.66752429959973,3498,457.8401943967972
458,0.195,0.1,510.0,11.706978967495203,4184,246.69933078393902
459,0.195,0.1,570.0,6.634079488350841,2189,77.34490634993169
460,0.195,0.30000000000000004,30.0,10.26242774566474,865,384.9838150289029
461,0.195,0.30000000000000004,90.0,17.735553379040134,1021,793.369245837414
462,0.195,0.30000000000000004,150.0,19.718983557548558,1338,919.3393124065782
463,0.195,0.30000000000000004,210.0,20.534547402249586,1867,904.4659882163896
464,0.195,0.30000000000000004,270.0,20.262425447316076,2515,899.7860834990053
465,0.195,0.30000000000000004,330.0,21.62858004220678,3317,1020.5878806150139
466,0.195,0.30000000000000004,390.0,19.808813559322033,4425,758.9428248587592
467,0.195,0.30000000000000004,450.0,17.016286644951073,6140,544.4410423452769
468,0.195,0.30000000000000004,510.0,12.75605875153001,8170,284.262545899634
469,0.195,0.30000000000000004,570.0,7.392812887236671,7263,97.1102850061956
470,0.195,0.5,30.0,8.941558441558453,770,315.81428571428603
471,0.195,0.5,90.0,16.68979057591625,764,743.4096858638746
472,0.195,0.5,150.0,18.577757685352598,1106,874.0207956600375
473,0.195,0.5,210.0,20.315050167224058,1495,1013.7866220735783
474,0.195,0.5,270.0,20.847022587268988,1948,960.4537987679671
475,0.195,0.5,330.0,20.314208702348857,2597,832.690026954178
476,0.195,0.5,390.0,18.06042003231018,3095,624.6956381260097
477,0.195,0.5,450.0,15.540138988737116,4173,455.16007668344054
478,0.195,0.5,510.0,12.136589582883097,4627,257.5872055327426
479,0.195,0.5,570.0,7.380386329866274,2692,94.45913818722153
480,0.195,0.7000000000000001,30.0,6.297602256699576,709,158.94358251057824
481,0.195,0.7000000000000001,90.0,13.946456692913399,635,535.177952755905
482,0.195,0.7000000000000001,150.0,15.872483221476505,745,587.3758389261736
483,0.195,0.7000000000000001,210.0,17.016949152542374,1003,692.8075772681951
484,0.195,0.7000000000000001,270.0,18.482399999999974,1250,782.7255999999999
485,0.195,0.7000000000000001,330.0,16.887074829931965,1470,591.3074829931986
486,0.195,0.7000000000000001,390.0,16.505447941888658,1652,571.2693704600478
487,0.195,0.7000000000000001,450.0,14.023761375126394,1978,381.00657229524825
488,0.195,0.7000000000000001,510.0,11.520939734422878,1958,241.83963227783383
489,0.195,0.7000000000000001,570.0,7.239130434782615,966,91.12732919254661
490,0.195,0.9,30.0,3.1151515151515126,330,26.48484848484848
491,0.195,0.9,90.0,6.477064220183486,218,126.2935779816514
492,0.195,0.9,150.0,7.706666666666664,225,177.4755555555556
493,0.195,0.9,210.0,7.062200956937798,209,120.28708133971298
494,0.195,0.9,270.0,6.631578947368414,171,93.22807017543865
495,0.195,0.9,330.0,7.2986111111111125,144,132.77083333333343
496,0.195,0.9,390.0,8.338129496402878,139,165.9352517985612
497,0.195,0.9,450.0,6.499999999999999,72,89.80555555555557
498,0.195,0.9,510.0,6.090909090909091,11,109.36363636363635
499,0.195,0.9,570.0,2.0,2,5.0
500,0.2165789473684211,0.1,30.0,8.19124087591241,685,225.20145985401487
501,0.2165789473684211,0.1,90.0,17.96923076923078,650,948.9876923076924
502,0.2165789473684211,0.1,150.0,19.915094339622627,848,936.3490566037735
503,0.2165789473684211,0.1,210.0,19.48508771929821,1140,863.5973684210531
504,0.2165789473684211,0.1,270.0,20.856625633598885,1381,1014.4105720492391
505,0.2165789473684211,0.1,330.0,20.54661262304573,1727,866.184134337002
506,0.2165789473684211,0.1,390.0,18.465473145780052,2346,684.1551577152607
507,0.2165789473684211,0.1,450.0,15.928121894667111,3019,482.9463398476319
508,0.2165789473684211,0.1,510.0,12.119681581114465,3643,264.16854241010014
509,0.2165789473684211,0.1,570.0,6.991166899116693,2151,87.20130172013049
510,0.2165789473684211,0.30000000000000004,30.0,10.252673796791452,748,363.8863636363632
511,0.2165789473684211,0.30000000000000004,90.0,16.746898263027273,806,611.5583126550868
512,0.2165789473684211,0.30000000000000004,150.0,19.890710382513692,1098,916.7030965391631
513,0.2165789473684211,0.30000000000000004,210.0,21.423763736263712,1456,1132.4100274725265
514,0.2165789473684211,0.30000000000000004,270.0,21.231517509727617,2056,1030.1138132295703
515,0.2165789473684211,0.30000000000000004,330.0,21.882758620689657,2610,958.5770114942517
516,0.2165789473684211,0.30000000000000004,390.0,19.590502035278124,3685,763.8938941655359
517,0.2165789473684211,0.30000000000000004,450.0,16.857369884783505,5034,539.6690504568905
518,0.2165789473684211,0.30000000000000004,510.0,13.003304791948388,6657,302.3705873516585
519,0.2165789473684211,0.30000000000000004,570.0,7.372861650888545,6021,99.4220229197809
520,0.2165789473684211,0.5,30.0,9.93144560357674,671,456.64679582712347
521,0.2165789473684211,0.5,90.0,16.897333333333354,750,847.3106666666666
522,0.2165789473684211,0.5,150.0,19.663430420711972,927,897.894282632148
523,0.2165789473684211,0.5,210.0,19.462151394422303,1255,845.8015936254973
524,0.2165789473684211,0.5,270.0,20.434596577017107,1636,873.7059902200494
525,0.2165789473684211,0.5,330.0,19.396025206010684,2063,781.7421231216683
526,0.2165789473684211,0.5,390.0,18.660655134339358,2717,711.0449024659559
527,0.2165789473684211,0.5,450.0,15.331225534477593,3321,427.3691659138814
528,0.2165789473684211,0.5,510.0,11.761797752808993,3560,250.4679775280897
529,0.2165789473684211,0.5,570.0,7.400000000000001,2160,93.83055555555563
530,0.2165789473684211,0.7000000000000001,30.0,6.593558282208586,652,372.8573619631897
531,0.2165789473684211,0.7000000000000001,90.0,11.938628158844766,554,441.794223826715
532,0.2165789473684211,0.7000000000000001,150.0,13.569254185692543,657,534.3485540334848
533,0.2165789473684211,0.7000000000000001,210.0,17.049350649350668,770,692.464935064936
534,0.2165789473684211,0.7000000000000001,270.0,15.779176201373005,874,579.5343249427914
535,0.2165789473684211,0.7000000000000001,330.0,16.981991525423734,944,593.356991525422
536,0.2165789473684211,0.7000000000000001,390.0,14.424083769633496,1146,409.79581151832394
537,0.2165789473684211,0.7000000000000001,450.0,14.510466988727837,1242,427.6666666666666
538,0.2165789473684211,0.7000000000000001,510.0,11.267461669505973,1174,231.91822827938714
539,0.2165789473684211,0.7000000000000001,570.0,7.115384615384605,598,82.4464882943144
540,0.2165789473684211,0.9,30.0,0.0,0,0.0
541,0.2165789473684211,0.9,90.0,0.0,0,0.0
542,0.2165789473684211,0.9,150.0,0.0,0,0.0
543,0.2165789473684211,0.9,210.0,0.0,0,0.0
544,0.2165789473684211,0.9,270.0,0.0,0,0.0
545,0.2165789473684211,0.9,330.0,0.0,0,0.0
546,0.2165789473684211,0.9,390.0,0.0,0,0.0
547,0.2165789473684211,0.9,450.0,0.0,0,0.0
548,0.2165789473684211,0.9,510.0,0.0,0,0.0
549,0.2165789473684211,0.9,570.0,0.0,0,0.0
550,0.23815789473684212,0.1,30.0,10.183123877917426,557,451.9784560143622
551,0.23815789473684212,0.1,90.0,18.95200000000002,500,945.5080000000003
552,0.23815789473684212,0.1,150.0,20.151285930408452,661,923.9848714069582
553,0.23815789473684212,0.1,210.0,20.448732083792734,907,928.7309812568903
554,0.23815789473684212,0.1,270.0,20.35918003565063,1122,892.667557932263
555,0.23815789473684212,0.1,330.0,20.25,1440,844.2805555555567
556,0.23815789473684212,0.1,390.0,19.099802371541486,2024,721.2144268774691
557,0.23815789473684212,0.1,450.0,16.59106271122791,2663,533.1100262861448
558,0.23815789473684212,0.1,510.0,12.41502683363146,3354,280.26356589147275
559,0.23815789473684212,0.1,570.0,7.049277824978774,2354,88.23449447748507
560,0.23815789473684212,0.30000000000000004,30.0,11.252032520325189,615,643.8569105691053
561,0.23815789473684212,0.30000000000000004,90.0,17.493943472409168,743,780.1399730821007
562,0.23815789473684212,0.30000000000000004,150.0,20.451716738197423,932,918.2371244635203
563,0.23815789473684212,0.30000000000000004,210.0,21.258746948738835,1229,1011.533767290482
564,0.23815789473684212,0.30000000000000004,270.0,21.730545876887344,1722,1038.7595818815319
565,0.23815789473684212,0.30000000000000004,330.0,21.537205081669708,2204,952.3457350272223
566,0.23815789473684212,0.30000000000000004,390.0,19.355548260013148,3046,736.3870650032832
567,0.23815789473684212,0.30000000000000004,450.0,16.661648568608108,4052,534.928183613029
568,0.23815789473684212,0.30000000000000004,510.0,12.9293539856441,5294,297.40725349452214
569,0.23815789473684212,0.30000000000000004,570.0,7.198143851508107,4310,90.76658932714614
570,0.23815789473684212,0.5,30.0,9.074866310160422,561,504.76114081996514
571,0.23815789473684212,0.5,90.0,16.066767830045542,659,701.6631259484075
572,0.23815789473684212,0.5,150.0,17.603155339805824,824,736.0084951456306
573,0.23815789473684212,0.5,210.0,20.17368421052633,1140,899.3421052631578
574,0.23815789473684212,0.5,270.0,19.66551246537394,1444,816.6198060941823
575,0.23815789473684212,0.5,330.0,19.142451759364352,1762,736.6066969352997
576,0.23815789473684212,0.5,390.0,18.117495711835318,2332,650.558319039451
577,0.23815789473684212,0.5,450.0,15.208453757225456,2768,430.11813583815086
578,0.23815789473684212,0.5,510.0,11.713758389261749,2980,247.21778523489905
579,0.23815789473684212,0.5,570.0,7.4124926340600945,1697,95.09428403064207
580,0.23815789473684212,0.7000000000000001,30.0,4.702764976958522,434,82.78571428571426
581,0.23815789473684212,0.7000000000000001,90.0,12.43999999999999,350,557.5714285714282
582,0.23815789473684212,0.7000000000000001,150.0,13.802352941176478,425,546.912941176471
583,0.23815789473684212,0.7000000000000001,210.0,15.915492957746476,497,596.3742454728368
584,0.23815789473684212,0.7000000000000001,270.0,16.46666666666664,555,877.4360360360366
585,0.23815789473684212,0.7000000000000001,330.0,16.058098591549303,568,558.8045774647896
586,0.23815789473684212,0.7000000000000001,390.0,14.197767145135566,627,418.5071770334936
587,0.23815789473684212,0.7000000000000001,450.0,13.398571428571417,700,344.5042857142857
588,0.23815789473684212,0.7000000000000001,510.0,10.750369276218608,677,217.24963072378142
589,0.23815789473684212,0.7000000000000001,570.0,7.426934097421202,349,102.8997134670487
590,0.23815789473684212,0.9,30.0,0.0,0,0.0
591,0.23815789473684212,0.9,90.0,0.0,0,0.0
592,0.23815789473684212,0.9,150.0,0.0,0,0.0
593,0.23815789473684212,0.9,210.0,0.0,0,0.0
594,0.23815789473684212,0.9,270.0,0.0,0,0.0
595,0.23815789473684212,0.9,330.0,0.0,0,0.0
596,0.23815789473684212,0.9,390.0,0.0,0,0.0
597,0.23815789473684212,0.9,450.0,0.0,0,0.0
598,0.23815789473684212,0.9,510.0,0.0,0,0.0
599,0.23815789473684212,0.9,570.0,0.0,0,0.0
600,0.25973684210526315,0.1,30.0,10.227790432801838,439,376.43280182232326
601,0.25973684210526315,0.1,90.0,19.085158150851573,411,1018.6763990267644
602,0.25973684210526315,0.1,150.0,19.729523809523815,525,923.0628571428565
603,0.25973684210526315,0.1,210.0,21.19254658385094,805,1019.1875776397511
604,0.25973684210526315,0.1,270.0,20.90081799591005,978,913.2423312883437
605,0.25973684210526315,0.1,330.0,21.61317829457365,1290,925.5790697674418
606,0.25973684210526315,0.1,390.0,19.56575102279371,1711,741.8953828170653
607,0.25973684210526315,0.1,450.0,16.56504599211566,2283,495.7100306614097
608,0.25973684210526315,0.1,510.0,12.742596810933948,3073,293.17474780344963
609,0.25973684210526315,0.1,570.0,7.114714227807036,2467,91.29631130928256
610,0.25973684210526315,0.30000000000000004,30.0,9.777978339350161,554,299.51083032491
611,0.25973684210526315,0.30000000000000004,90.0,17.5034602076125,578,844.1332179930807
612,0.25973684210526315,0.30000000000000004,150.0,19.449999999999978,820,882.4573170731703
613,0.25973684210526315,0.30000000000000004,210.0,22.041894353369763,1098,1114.3588342440785
614,0.25973684210526315,0.30000000000000004,270.0,21.953360768175553,1458,1099.869684499313
615,0.25973684210526315,0.30000000000000004,330.0,21.116666666666664,1800,907.7877777777763
616,0.25973684210526315,0.30000000000000004,390.0,18.733196721311543,2440,678.204508196722
617,0.25973684210526315,0.30000000000000004,450.0,17.422453349648176,3269,576.0104007341694
618,0.25973684210526315,0.30000000000000004,510.0,13.039007946063117,4153,311.82350108355325
619,0.25973684210526315,0.30000000000000004,570.0,6.2291142137789075,4369,76.00068665598504
620,0.25973684210526315,0.5,30.0,9.010330578512399,484,259.79958677685926
621,0.25973684210526315,0.5,90.0,16.087893864013253,603,690.963515754559
622,0.25973684210526315,0.5,150.0,17.71563342318064,742,641.5566037735852
623,0.25973684210526315,0.5,210.0,19.771859296482422,995,857.410050251255
624,0.25973684210526315,0.5,270.0,18.522399999999973,1250,721.0183999999995
625,0.25973684210526315,0.5,330.0,19.3809523809524,1575,744.4717460317455
626,0.25973684210526315,0.5,390.0,17.380880880880834,1998,577.369869869868
627,0.25973684210526315,0.5,450.0,14.879793192589382,2321,421.6148211977598
628,0.25973684210526315,0.5,510.0,11.947304907481893,2486,261.9561544650044
629,0.25973684210526315,0.5,570.0,7.274509803921567,1326,88.32880844645564
630,0.25973684210526315,0.7000000000000001,30.0,5.1635220125786185,318,104.12578616352194
631,0.25973684210526315,0.7000000000000001,90.0,9.965250965250958,259,299.7104247104251
632,0.25973684210526315,0.7000000000000001,150.0,13.823943661971839,284,497.36619718309834
633,0.25973684210526315,0.7000000000000001,210.0,13.405750798722048,313,425.8722044728437
634,0.25973684210526315,0.7000000000000001,270.0,14.048433048433054,351,531.9800569800572
635,0.25973684210526315,0.7000000000000001,330.0,13.956521739130437,368,385.1684782608695
636,0.25973684210526315,0.7000000000000001,390.0,15.802168021680208,369,507.37940379403767
637,0.25973684210526315,0.7000000000000001,450.0,13.611979166666664,384,379.6588541666665
638,0.25973684210526315,0.7000000000000001,510.0,10.216216216216207,333,201.52552552552538
639,0.25973684210526315,0.7000000000000001,570.0,8.664233576642335,137,130.69343065693437
640,0.25973684210526315,0.9,30.0,0.0,0,0.0
641,0.25973684210526315,0.9,90.0,0.0,0,0.0
642,0.25973684210526315,0.9,150.0,0.0,0,0.0
643,0.25973684210526315,0.9,210.0,0.0,0,0.0
644,0.25973684210526315,0.9,270.0,0.0,0,0.0
645,0.25973684210526315,0.9,330.0,0.0,0,0.0
646,0.25973684210526315,0.9,390.0,0.0,0,0.0
647,0.25973684210526315,0.9,450.0,0.0,0,0.0
648,0.25973684210526315,0.9,510.0,0.0,0,0.0
649,0.25973684210526315,0.9,570.0,0.0,0,0.0
650,0.28131578947368424,0.1,30.0,9.314814814814817,378,317.32539682539675
651,0.28131578947368424,0.1,90.0,20.091383812010445,383,1480.6919060052223
652,0.28131578947368424,0.1,150.0,19.71176470588235,510,862.974509803922
653,0.28131578947368424,0.1,210.0,20.300455235204897,659,938.1517450682863
654,0.28131578947368424,0.1,270.0,22.003456221198135,868,1044.3721198156659
655,0.28131578947368424,0.1,330.0,21.60632688927945,1138,954.3462214411248
656,0.28131578947368424,0.1,390.0,19.37755734655923,1613,708.8567885926839
657,0.28131578947368424,0.1,450.0,16.99730820995965,2229,537.4728577837598
658,0.28131578947368424,0.1,510.0,12.895320623916806,2885,303.03951473136857
659,0.28131578947368424,0.1,570.0,6.878406708595394,2385,85.61551362683433
660,0.28131578947368424,0.30000000000000004,30.0,10.656652360515007,466,417.9313304721029
661,0.28131578947368424,0.30000000000000004,90.0,20.5164113785558,457,1043.0809628008753
662,0.28131578947368424,0.30000000000000004,150.0,18.919303797468352,632,857.3085443037985
663,0.28131578947368424,0.30000000000000004,210.0,20.85062713797037,877,893.1607753705823
664,0.28131578947368424,0.30000000000000004,270.0,20.339100346020768,1156,856.0190311418684
665,0.28131578947368424,0.30000000000000004,330.0,21.756250000000005,1600,915.8012500000009
666,0.28131578947368424,0.30000000000000004,390.0,20.009693877551026,1960,777.6647959183662
667,0.28131578947368424,0.30000000000000004,450.0,16.684718100890205,2696,528.1594955489609
668,0.28131578947368424,0.30000000000000004,510.0,13.115419296663678,3327,317.13345356176706
669,0.28131578947368424,0.30000000000000004,570.0,6.8818582298758555,2497,85.29755706848213
670,0.28131578947368424,0.5,30.0,9.327004219409291,474,288.82489451476783
671,0.28131578947368424,0.5,90.0,17.296874999999968,448,901.5022321428578
672,0.28131578947368424,0.5,150.0,20.47359735973598,606,941.3778877887792
673,0.28131578947368424,0.5,210.0,21.02168674698796,830,1047.701204819276
674,0.28131578947368424,0.5,270.0,19.291512915129143,1084,847.3228782287835
675,0.28131578947368424,0.5,330.0,18.53834355828221,1304,713.4478527607365
676,0.28131578947368424,0.5,390.0,18.02476780185761,1615,652.6823529411776
677,0.28131578947368424,0.5,450.0,14.772511848341184,1899,394.377567140599
678,0.28131578947368424,0.5,510.0,11.458735262593782,1866,242.95927116827448
679,0.28131578947368424,0.5,570.0,6.9153386454183305,1004,82.29980079681273
680,0.28131578947368424,0.7000000000000001,30.0,3.7198275862068932,232,54.48706896551721
681,0.28131578947368424,0.7000000000000001,90.0,10.816091954022987,174,370.8505747126436
682,0.28131578947368424,0.7000000000000001,150.0,12.368421052631584,171,385.690058479532
683,0.28131578947368424,0.7000000000000001,210.0,16.262376237623766,202,999.3811881188109
684,0.28131578947368424,0.7000000000000001,270.0,12.758793969849233,199,395.7035175879401
685,0.28131578947368424,0.7000000000000001,330.0,13.801843317972342,217,504.8986175115206
686,0.28131578947368424,0.7000000000000001,390.0,14.896995708154506,233,473.5836909871248
687,0.28131578947368424,0.7000000000000001,450.0,11.582938388625593,211,259.5260663507109
688,0.28131578947368424,0.7000000000000001,510.0,9.879746835443035,158,191.7911392405063
689,0.28131578947368424,0.7000000000000001,570.0,8.236363636363631,55,109.3272727272727
690,0.28131578947368424,0.9,30.0,0.0,0,0.0
691,0.28131578947368424,0.9,90.0,0.0,0,0.0
692,0.28131578947368424,0.9,150.0,0.0,0,0.0
693,0.28131578947368424,0.9,210.0,0.0,0,0.0
694,0.28131578947368424,0.9,270.0,0.0,0,0.0
695,0.28131578947368424,0.9,330.0,0.0,0,0.0
696,0.28131578947368424,0.9,390.0,0.0,0,0.0
697,0.28131578947368424,0.9,450.0,0.0,0,0.0
698,0.28131578947368424,0.9,510.0,0.0,0,0.0
699,0.28131578947368424,0.9,570.0,0.0,0,0.0
700,0.3028947368421053,0.1,30.0,9.711111111111125,450,320.56444444444446
701,0.3028947368421053,0.1,90.0,17.428571428571402,413,1096.6101694915237
702,0.3028947368421053,0.1,150.0,20.444827586206884,580,990.9931034482751
703,0.3028947368421053,0.1,210.0,19.36079545454544,704,930.9744318181822
704,0.3028947368421053,0.1,270.0,20.616974972796527,919,930.9499455930362
705,0.3028947368421053,0.1,330.0,20.932103939647952,1193,882.5465213746867
706,0.3028947368421053,0.1,390.0,19.55368693402327,1546,787.6235446313062
707,0.3028947368421053,0.1,450.0,16.571632555925746,2101,530.1404093288901
708,0.3028947368421053,0.1,510.0,12.906485671191554,2652,294.29336349924534
709,0.3028947368421053,0.1,570.0,7.247895229186156,2138,93.42095416276906
710,0.3028947368421053,0.30000000000000004,30.0,12.989247311827963,279,1432.2795698924729
711,0.3028947368421053,0.30000000000000004,90.0,19.911262798634798,293,984.3139931740625
712,0.3028947368421053,0.30000000000000004,150.0,22.594298245614045,456,1195.4276315789475
713,0.3028947368421053,0.30000000000000004,210.0,21.542345276872958,614,1034.1547231270354
714,0.3028947368421053,0.30000000000000004,270.0,21.442893401015212,788,961.4733502538066
715,0.3028947368421053,0.30000000000000004,330.0,21.07643884892088,1112,863.3372302158265
716,0.3028947368421053,0.30000000000000004,390.0,19.205718270571836,1434,715.7343096234304
717,0.3028947368421053,0.30000000000000004,450.0,16.935419771485343,2013,531.5474416294091
718,0.3028947368421053,0.30000000000000004,510.0,12.720637583892604,2384,299.61157718120916
719,0.3028947368421053,0.30000000000000004,570.0,7.16248431618571,1594,91.02195734002534
720,0.3028947368421053,0.5,30.0,8.753213367609249,389,262.68637532133675
721,0.3028947368421053,0.5,90.0,17.325112107623323,446,828.248878923766
722,0.3028947368421053,0.5,150.0,18.620155038759723,516,956.7945736434108
723,0.3028947368421053,0.5,210.0,19.117728531855963,722,812.8767313019399
724,0.3028947368421053,0.5,270.0,18.87198067632849,828,731.4057971014498
725,0.3028947368421053,0.5,330.0,18.75901328273245,1054,701.7476280834918
726,0.3028947368421053,0.5,390.0,17.395313681028,1323,605.0597127739974
727,0.3028947368421053,0.5,450.0,14.173162939297136,1565,365.284984025559
728,0.3028947368421053,0.5,510.0,11.171581769436989,1492,222.93163538873992
729,0.3028947368421053,0.5,570.0,6.811813186813184,728,83.61401098901105
730,0.3028947368421053,0.7000000000000001,30.0,4.461538461538466,169,61.40828402366865
731,0.3028947368421053,0.7000000000000001,90.0,9.036231884057974,138,248.29710144927552
732,0.3028947368421053,0.7000000000000001,150.0,12.267857142857142,112,411.3392857142858
733,0.3028947368421053,0.7000000000000001,210.0,10.940000000000005,150,309.27333333333354
734,0.3028947368421053,0.7000000000000001,270.0,12.517241379310356,145,359.13793103448273
735,0.3028947368421053,0.7000000000000001,330.0,11.66081871345029,171,264.08187134502936
736,0.3028947368421053,0.7000000000000001,390.0,13.322368421052623,152,393.51973684210515
737,0.3028947368421053,0.7000000000000001,450.0,12.985074626865677,134,413.80597014925377
738,0.3028947368421053,0.7000000000000001,510.0,9.309734513274329,113,164.9380530973451
739,0.3028947368421053,0.7000000000000001,570.0,7.249999999999999,44,89.06818181818177
740,0.3028947368421053,0.9,30.0,0.0,0,0.0
741,0.3028947368421053,0.9,90.0,0.0,0,0.0
742,0.3028947368421053,0.9,150.0,0.0,0,0.0
743,0.3028947368421053,0.9,210.0,0.0,0,0.0
744,0.3028947368421053,0.9,270.0,0.0,0,0.0
745,0.3028947368421053,0.9,330.0,0.0,0,0.0
746,0.3028947368421053,0.9,390.0,0.0,0,0.0
747,0.3028947368421053,0.9,450.0,0.0,0,0.0
748,0.3028947368421053,0.9,510.0,0.0,0,0.0
749,0.3028947368421053,0.9,570.0,0.0,0,0.0
750,0.32447368421052636,0.1,30.0,11.039351851851853,432,1606.8032407407395
751,0.32447368421052636,0.1,90.0,17.68137254901962,408,881.3382352941182
752,0.32447368421052636,0.1,150.0,19.499999999999993,510,931.1039215686277
753,0.32447368421052636,0.1,210.0,21.005555555555574,720,1082.322222222222
754,0.32447368421052636,0.1,270.0,20.685057471264386,870,1039.204597701148
755,0.32447368421052636,0.1,330.0,20.15334572490708,1076,805.6626394052057
756,0.32447368421052636,0.1,390.0,18.906428571428542,1400,708.6521428571431
757,0.32447368421052636,0.1,450.0,16.684954751131215,1768,537.6023755656089
758,0.32447368421052636,0.1,510.0,13.286359530261942,2214,320.93405600722633
759,0.32447368421052636,0.1,570.0,7.200623700623692,1924,92.70582120582144
760,0.32447368421052636,0.30000000000000004,30.0,11.95424836601307,153,779.8758169934642
761,0.32447368421052636,0.30000000000000004,90.0,20.764705882352935,187,1049.5454545454556
762,0.32447368421052636,0.30000000000000004,150.0,21.101818181818157,275,893.8654545454549
763,0.32447368421052636,0.30000000000000004,210.0,24.196930946291566,391,1296.5805626598462
764,0.32447368421052636,0.30000000000000004,270.0,22.795880149812753,534,1011.8745318352068
765,0.32447368421052636,0.30000000000000004,330.0,21.579155672823212,758,864.2519788918203
766,0.32447368421052636,0.30000000000000004,390.0,19.907216494845347,1067,778.1508903467665
767,0.32447368421052636,0.30000000000000004,450.0,17.318641618497164,1384,613.9328034682097
768,0.32447368421052636,0.30000000000000004,510.0,14.634190077704716,1673,430.6150627615066
769,0.32447368421052636,0.30000000000000004,570.0,8.684388185654006,1185,143.6784810126584
770,0.32447368421052636,0.5,30.0,8.671779141104295,326,286.75153374233196
771,0.32447368421052636,0.5,90.0,15.620060790273552,329,652.6231003039516
772,0.32447368421052636,0.5,150.0,19.398210290827752,447,929.8098434004473
773,0.32447368421052636,0.5,210.0,18.924596050269308,557,747.9515260323161
774,0.32447368421052636,0.5,270.0,20.91230551626593,707,921.0084865629436
775,0.32447368421052636,0.5,330.0,19.219866071428577,896,821.6261160714287
776,0.32447368421052636,0.5,390.0,17.737166324435336,974,610.6488706365504
777,0.32447368421052636,0.5,450.0,14.823084200567623,1057,403.6688741721854
778,0.32447368421052636,0.5,510.0,11.18305744888024,1027,227.75559883154847
779,0.32447368421052636,0.5,570.0,6.911823647294588,499,82.9438877755512
780,0.32447368421052636,0.7000000000000001,30.0,3.692307692307691,156,47.19230769230771
781,0.32447368421052636,0.7000000000000001,90.0,8.855555555555553,90,220.72222222222223
782,0.32447368421052636,0.7000000000000001,150.0,10.721153846153843,104,297.24038461538447
783,0.32447368421052636,0.7000000000000001,210.0,11.08602150537635,93,283.36559139784947
784,0.32447368421052636,0.7000000000000001,270.0,12.816513761467894,109,494.8165137614679
785,0.32447368421052636,0.7000000000000001,330.0,13.767441860465116,129,442.6201550387598
786,0.32447368421052636,0.7000000000000001,390.0,11.99099099099099,111,314.78378378378363
787,0.32447368421052636,0.7000000000000001,450.0,11.883495145631068,103,355.63106796116506
788,0.32447368421052636,0.7000000000000001,510.0,9.385964912280702,57,201.0701754385964
789,0.32447368421052636,0.7000000000000001,570.0,5.499999999999999,22,46.954545454545446
790,0.32447368421052636,0.9,30.0,0.0,0,0.0
791,0.32447368421052636,0.9,90.0,0.0,0,0.0
792,0.32447368421052636,0.9,150.0,0.0,0,0.0
793,0.32447368421052636,0.9,210.0,0.0,0,0.0
794,0.32447368421052636,0.9,270.0,0.0,0,0.0
795,0.32447368421052636,0.9,330.0,0.0,0,0.0
796,0.32447368421052636,0.9,390.0,0.0,0,0.0
797,0.32447368421052636,0.9,450.0,0.0,0,0.0
798,0.32447368421052636,0.9,510.0,0.0,0,0.0
799,0.32447368421052636,0.9,570.0,0.0,0,0.0
800,0.3460526315789474,0.1,30.0,9.682926829268277,369,449.0216802168022
801,0.3460526315789474,0.1,90.0,17.791044776119417,335,808.6388059701497
802,0.3460526315789474,0.1,150.0,18.2196261682243,428,974.5747663551406
803,0.3460526315789474,0.1,210.0,20.654385964912287,570,1036.1456140350879
804,0.3460526315789474,0.1,270.0,20.49707602339178,684,974.0789473684205
805,0.3460526315789474,0.1,330.0,19.886310904872385,862,837.2157772621825
806,0.3460526315789474,0.1,390.0,18.18778908418131,1081,633.6993524514335
807,0.3460526315789474,0.1,450.0,16.01712583767682,1343,464.2092330603126
808,0.3460526315789474,0.1,510.0,13.122242098986263,1677,302.33035181872356
809,0.3460526315789474,0.1,570.0,7.014992503748117,1334,92.97451274362811
810,0.3460526315789474,0.30000000000000004,30.0,11.363636363636376,143,339.62937062937044
811,0.3460526315789474,0.30000000000000004,90.0,27.299999999999997,150,2529.713333333337
812,0.3460526315789474,0.30000000000000004,150.0,25.157894736842124,266,1321.7218045112782
813,0.3460526315789474,0.30000000000000004,210.0,25.020151133501273,397,1565.4483627204017
814,0.3460526315789474,0.30000000000000004,270.0,24.436590436590418,481,1318.2120582120567
815,0.3460526315789474,0.30000000000000004,330.0,21.54833597464344,631,897.8779714738512
816,0.3460526315789474,0.30000000000000004,390.0,19.604982206405655,843,722.5516014234875
817,0.3460526315789474,0.30000000000000004,450.0,16.73588184187661,1151,510.35708079930504
818,0.3460526315789474,0.30000000000000004,510.0,12.77930476960386,1237,300.4915117219084
819,0.3460526315789474,0.30000000000000004,570.0,7.646853146853146,858,105.22261072261064
820,0.3460526315789474,0.5,30.0,7.847826086956523,276,244.00724637681145
821,0.3460526315789474,0.5,90.0,15.993079584775078,289,675.5017301038068
822,0.3460526315789474,0.5,150.0,17.942771084337338,332,782.882530120482
823,0.3460526315789474,0.5,210.0,18.68162393162395,468,750.8910256410251
824,0.3460526315789474,0.5,270.0,17.87857142857142,560,618.7035714285707
825,0.3460526315789474,0.5,330.0,18.822445561139,597,748.0050251256276
826,0.3460526315789474,0.5,390.0,17.59054054054055,740,624.4635135135128
827,0.3460526315789474,0.5,450.0,14.975918884664123,789,432.5399239543732
828,0.3460526315789474,0.5,510.0,11.657342657342658,715,250.68111888111835
829,0.3460526315789474,0.5,570.0,6.860655737704923,366,79.89890710382518
830,0.3460526315789474,0.7000000000000001,30.0,4.608247422680411,97,83.78350515463926
831,0.3460526315789474,0.7000000000000001,90.0,10.27118644067796,59,346.30508474576266
832,0.3460526315789474,0.7000000000000001,150.0,10.850000000000007,80,301.9249999999997
833,0.3460526315789474,0.7000000000000001,210.0,15.337662337662335,77,782.4805194805195
834,0.3460526315789474,0.7000000000000001,270.0,14.250000000000004,96,421.47916666666674
835,0.3460526315789474,0.7000000000000001,330.0,11.842696629213481,89,343.4157303370786
836,0.3460526315789474,0.7000000000000001,390.0,13.085714285714285,105,380.95238095238096
837,0.3460526315789474,0.7000000000000001,450.0,13.25862068965517,58,377.43103448275843
838,0.3460526315789474,0.7000000000000001,510.0,6.539999999999998,50,89.13999999999997
839,0.3460526315789474,0.7000000000000001,570.0,4.666666666666668,24,29.916666666666664
840,0.3460526315789474,0.9,30.0,0.0,0,0.0
841,0.3460526315789474,0.9,90.0,0.0,0,0.0
842,0.3460526315789474,0.9,150.0,0.0,0,0.0
843,0.3460526315789474,0.9,210.0,0.0,0,0.0
844,0.3460526315789474,0.9,270.0,0.0,0,0.0
845,0.3460526315789474,0.9,330.0,0.0,0,0.0
846,0.3460526315789474,0.9,390.0,0.0,0,0.0
847,0.3460526315789474,0.9,450.0,0.0,0,0.0
848,0.3460526315789474,0.9,510.0,0.0,0,0.0
849,0.3460526315789474,0.9,570.0,0.0,0,0.0
850,0.3676315789473684,0.1,30.0,8.959501557632397,321,256.6043613707165
851,0.3676315789473684,0.1,90.0,16.554794520547922,292,670.8013698630134
852,0.3676315789473684,0.1,150.0,21.467032967032964,364,1416.3406593406592
853,0.3676315789473684,0.1,210.0,20.685267857142833,448,975.6897321428562
854,0.3676315789473684,0.1,270.0,19.560439560439583,546,980.5457875457886
855,0.3676315789473684,0.1,330.0,20.291350531107756,659,858.8254931714722
856,0.3676315789473684,0.1,390.0,18.38816568047338,845,717.7325443786978
857,0.3676315789473684,0.1,450.0,15.921904761904779,1050,481.37523809523816
858,0.3676315789473684,0.1,510.0,12.572263993316609,1197,281.4427736006672
859,0.3676315789473684,0.1,570.0,7.570581257414008,843,104.70225385527876
860,0.3676315789473684,0.30000000000000004,30.0,11.475000000000005,120,504.0583333333336
861,0.3676315789473684,0.30000000000000004,90.0,18.324503311258287,151,643.9536423841062
862,0.3676315789473684,0.30000000000000004,150.0,23.207373271889402,217,1095.0967741935485
863,0.3676315789473684,0.30000000000000004,210.0,24.143302180685364,321,1208.2990654205614
864,0.3676315789473684,0.30000000000000004,270.0,22.98924731182798,372,1107.1935483870977
865,0.3676315789473684,0.30000000000000004,330.0,22.130124777183596,561,963.5739750445629
866,0.3676315789473684,0.30000000000000004,390.0,18.995780590717303,711,670.928270042193
867,0.3676315789473684,0.30000000000000004,450.0,16.22800925925928,864,504.86689814814787
868,0.3676315789473684,0.30000000000000004,510.0,12.41516966067865,1002,277.7365269461079
869,0.3676315789473684,0.30000000000000004,570.0,7.462242562929066,437,99.0183066361556
870,0.3676315789473684,0.5,30.0,7.956097560975614,205,261.69268292682966
871,0.3676315789473684,0.5,90.0,15.772093023255813,215,585.4930232558143
872,0.3676315789473684,0.5,150.0,18.053639846743298,261,830.6360153256701
873,0.3676315789473684,0.5,210.0,19.219298245614024,342,1034.4883040935672
874,0.3676315789473684,0.5,270.0,19.209756097560987,410,781.99512195122
875,0.3676315789473684,0.5,330.0,19.142259414225943,478,876.3012552301257
876,0.3676315789473684,0.5,390.0,17.38938053097346,565,612.7911504424769
877,0.3676315789473684,0.5,450.0,14.398648648648653,592,420.85135135135164
878,0.3676315789473684,0.5,510.0,10.901803607214442,499,192.85771543086156
879,0.3676315789473684,0.5,570.0,7.201834862385322,218,91.2660550458715
880,0.3676315789473684,0.7000000000000001,30.0,5.377049180327866,61,166.29508196721304
881,0.3676315789473684,0.7000000000000001,90.0,9.17948717948718,39,284.20512820512823
882,0.3676315789473684,0.7000000000000001,150.0,8.674418604651159,43,150.1627906976744
883,0.3676315789473684,0.7000000000000001,210.0,10.471698113207545,53,357.0754716981132
884,0.3676315789473684,0.7000000000000001,270.0,13.74545454545454,55,1066.436363636363
885,0.3676315789473684,0.7000000000000001,330.0,10.257142857142856,35,376.94285714285706
886,0.3676315789473684,0.7000000000000001,390.0,9.632653061224488,49,171.59183673469386
887,0.3676315789473684,0.7000000000000001,450.0,12.380952380952376,42,353.7619047619046
888,0.3676315789473684,0.7000000000000001,510.0,8.411764705882353,34,132.76470588235298
889,0.3676315789473684,0.7000000000000001,570.0,6.500000000000002,6,59.16666666666666
890,0.3676315789473684,0.9,30.0,0.0,0,0.0
891,0.3676315789473684,0.9,90.0,0.0,0,0.0
892,0.3676315789473684,0.9,150.0,0.0,0,0.0
893,0.3676315789473684,0.9,210.0,0.0,0,0.0
894,0.3676315789473684,0.9,270.0,0.0,0,0.0
895,0.3676315789473684,0.9,330.0,0.0,0,0.0
896,0.3676315789473684,0.9,390.0,0.0,0,0.0
897,0.3676315789473684,0.9,450.0,0.0,0,0.0
898,0.3676315789473684,0.9,510.0,0.0,0,0.0
899,0.3676315789473684,0.9,570.0,0.0,0,0.0
900,0.3892105263157895,0.1,30.0,12.802469135802479,243,997.1975308641969
901,0.3892105263157895,0.1,90.0,21.46120689655172,232,1980.0732758620682
902,0.3892105263157895,0.1,150.0,20.66929133858269,254,925.4330708661416
903,0.3892105263157895,0.1,210.0,20.00892857142859,336,1085.5565476190473
904,0.3892105263157895,0.1,270.0,19.5011547344111,433,887.1501154734418
905,0.3892105263157895,0.1,330.0,20.390099009901004,505,875.6138613861386
906,0.3892105263157895,0.1,390.0,19.202852614896983,631,714.5182250396192
907,0.3892105263157895,0.1,450.0,16.1673151750973,771,489.16342412451354
908,0.3892105263157895,0.1,510.0,13.148379052369085,802,315.46259351620944
909,0.3892105263157895,0.1,570.0,7.465608465608463,567,95.40917107583769
910,0.3892105263157895,0.30000000000000004,30.0,12.05434782608696,92,462.3804347826087
911,0.3892105263157895,0.30000000000000004,90.0,21.507936507936517,126,1015.8888888888897
912,0.3892105263157895,0.30000000000000004,150.0,23.979057591623036,191,1136.7015706806271
913,0.3892105263157895,0.30000000000000004,210.0,22.75714285714285,280,1028.4357142857145
914,0.3892105263157895,0.30000000000000004,270.0,25.276422764227632,369,1325.6341463414612
915,0.3892105263157895,0.30000000000000004,330.0,21.510683760683794,468,912.9038461538463
916,0.3892105263157895,0.30000000000000004,390.0,18.609177215189877,632,660.1060126582286
917,0.3892105263157895,0.30000000000000004,450.0,16.140789473684215,760,489.87236842105307
918,0.3892105263157895,0.30000000000000004,510.0,10.932450331125821,755,205.8887417218541
919,0.3892105263157895,0.30000000000000004,570.0,7.3695014662756675,341,94.37829912023463
920,0.3892105263157895,0.5,30.0,7.278074866310161,187,221.1497326203208
921,0.3892105263157895,0.5,90.0,15.87005649717515,177,1004.1186440677959
922,0.3892105263157895,0.5,150.0,16.22173913043478,230,603.5260869565219
923,0.3892105263157895,0.5,210.0,19.67730496453899,282,851.946808510639
924,0.3892105263157895,0.5,270.0,19.414239482200664,309,879.3365695792877
925,0.3892105263157895,0.5,330.0,18.726368159203968,402,667.706467661691
926,0.3892105263157895,0.5,390.0,15.484018264840186,438,485.74429223744295
927,0.3892105263157895,0.5,450.0,12.752118644067805,472,315.15466101694915
928,0.3892105263157895,0.5,510.0,10.302197802197803,364,187.81318681318706
929,0.3892105263157895,0.5,570.0,6.438016528925623,121,64.53719008264463
930,0.3892105263157895,0.7000000000000001,30.0,2.5217391304347823,46,11.130434782608699
931,0.3892105263157895,0.7000000000000001,90.0,10.444444444444443,27,670.7407407407408
932,0.3892105263157895,0.7000000000000001,150.0,6.238095238095236,21,108.6190476190476
933,0.3892105263157895,0.7000000000000001,210.0,7.200000000000001,25,93.2
934,0.3892105263157895,0.7000000000000001,270.0,8.750000000000002,32,193.8125
935,0.3892105263157895,0.7000000000000001,330.0,5.300000000000001,20,57.19999999999999
936,0.3892105263157895,0.7000000000000001,390.0,4.750000000000001,12,48.25
937,0.3892105263157895,0.7000000000000001,450.0,10.25,4,111.75
938,0.3892105263157895,0.7000000000000001,510.0,2.0,1,4.0
939,0.3892105263157895,0.7000000000000001,570.0,0.0,0,0.0
940,0.3892105263157895,0.9,30.0,0.0,0,0.0
941,0.3892105263157895,0.9,90.0,0.0,0,0.0
942,0.3892105263157895,0.9,150.0,0.0,0,0.0
943,0.3892105263157895,0.9,210.0,0.0,0,0.0
944,0.3892105263157895,0.9,270.0,0.0,0,0.0
945,0.3892105263157895,0.9,330.0,0.0,0,0.0
946,0.3892105263157895,0.9,390.0,0.0,0,0.0
947,0.3892105263157895,0.9,450.0,0.0,0,0.0
948,0.3892105263157895,0.9,510.0,0.0,0,0.0
949,0.3892105263157895,0.9,570.0,0.0,0,0.0
950,0.7,0.1,30.0,10.768389057750781,1645,454.76838905775105
951,0.7,0.1,90.0,18.989519112207166,1622,908.7959309494461
952,0.7,0.1,150.0,20.026013006503238,1999,979.8769384692318
953,0.7,0.1,210.0,21.205539943797696,2491,1049.5323163388193
954,0.7,0.1,270.0,20.816245006657788,3004,985.0619174434067
955,0.7,0.1,330.0,19.073225265511418,3578,766.3046394633859
956,0.7,0.1,390.0,17.171385617639636,3991,603.5863192182389
957,0.7,0.1,450.0,14.676734897653475,4006,425.4390913629546
958,0.7,0.1,510.0,11.95869297163997,3244,264.0770653514186
959,0.7,0.1,570.0,7.922782386726218,1567,114.95149968091896
960,0.7,0.30000000000000004,30.0,10.522258414766547,921,422.09446254071656
961,0.7,0.30000000000000004,90.0,18.67008196721309,976,858.819672131147
962,0.7,0.30000000000000004,150.0,20.683320522674887,1301,954.758647194465
963,0.7,0.30000000000000004,210.0,21.70072992700727,1781,1152.7158899494675
964,0.7,0.30000000000000004,270.0,22.15464813205906,2302,1050.2919200695055
965,0.7,0.30000000000000004,330.0,19.80616130148837,2889,801.18449290412
966,0.7,0.30000000000000004,390.0,17.18004941321805,3238,572.7977146386658
967,0.7,0.30000000000000004,450.0,14.758882560347189,3687,405.3664225657722
968,0.7,0.30000000000000004,510.0,11.58652273470725,3057,243.9515865227347
969,0.7,0.30000000000000004,570.0,7.088780487804878,1025,86.56000000000006
970,0.7,0.5,30.0,5.249363867684475,1572,129.6704834605598
971,0.7,0.5,90.0,10.88536812674742,1073,449.8378378378378
972,0.7,0.5,150.0,12.893690579083856,1157,499.374243733794
973,0.7,0.5,210.0,13.632861635220126,1272,541.6422955974843
974,0.7,0.5,270.0,13.613636363636369,1276,494.6606583072099
975,0.7,0.5,330.0,13.247761194029843,1340,447.4104477611937
976,0.7,0.5,390.0,12.454394693200651,1206,341.2669983416251
977,0.7,0.5,450.0,11.828301886792431,1060,286.3641509433964
978,0.7,0.5,510.0,9.784530386740343,724,183.24309392265195
979,0.7,0.5,570.0,6.046511627906979,215,63.24651162790695
980,0.7,0.7000000000000001,30.0,0.0,0,0.0
981,0.7,0.7000000000000001,90.0,0.0,0,0.0
982,0.7,0.7000000000000001,150.0,0.0,0,0.0
983,0.7,0.7000000000000001,210.0,0.0,0,0.0
984,0.7,0.7000000000000001,270.0,0.0,0,0.0
985,0.7,0.7000000000000001,330.0,0.0,0,0.0
986,0.7,0.7000000000000001,390.0,0.0,0,0.0
987,0.7,0.7000000000000001,450.0,0.0,0,0.0
988,0.7,0.7000000000000001,510.0,0.0,0,0.0
989,0.7,0.7000000000000001,570.0,0.0,0,0.0
990,0.7,0.9,30.0,0.0,0,0.0
991,0.7,0.9,90.0,0.0,0,0.0
992,0.7,0.9,150.0,0.0,0,0.0
993,0.7,0.9,210.0,0.0,0,0.0
994,0.7,0.9,270.0,0.0,0,0.0
995,0.7,0.9,330.0,0.0,0,0.0
996,0.7,0.9,390.0,0.0,0,0.0
997,0.7,0.9,450.0,0.0,0,0.0
998,0.7,0.9,510.0,0.0,0,0.0
999,0.7,0.9,570.0,0.0,0,0.0
