,voc_bin,rtmean,rtcount,rt_squaredmean
0,0.0007894736842105274,42.42427799953039,4259,5597.895984973002
1,0.022368421052631583,52.64909248055319,1157,6681.662057044085
2,0.04394736842105264,50.13101160862351,603,5556.29684908789
3,0.0655263157894737,58.234828496042184,379,9058.794195250657
4,0.08710526315789476,58.84507042253526,213,8761.492957746483
5,0.1086842105263158,61.16129032258064,124,8365.596774193546
6,0.13026315789473686,49.3173076923077,104,4918.240384615384
7,0.1518421052631579,54.35849056603771,53,4972.0943396226385
8,0.17342105263157898,67.07843137254903,51,8566.019607843136
9,0.195,64.03921568627452,51,8183.529411764707
10,0.2165789473684211,60.65714285714285,35,7101.228571428573
11,0.23815789473684212,53.34999999999998,20,5886.549999999997
12,0.25973684210526315,60.62962962962962,27,7044.703703703705
13,0.28131578947368424,49.52941176470588,17,3907.882352941177
14,0.3028947368421053,51.33333333333333,9,6636.888888888889
15,0.32447368421052636,116.77777777777777,9,23705.666666666664
16,0.3460526315789474,100.10000000000002,10,25381.100000000002
17,0.3676315789473684,85.83333333333333,6,16401.5
18,0.3892105263157895,50.33333333333334,6,4184.0
19,0.7,76.49999999999999,16,12248.625
