,voc_bin,elo_bin,rtmean,rtcount,rt_squaredmean
0,0.0007894736842105274,625.0,6.371457832245561,641521,86.28202350351724
1,0.0007894736842105274,1387.5,6.215231090751558,997184,86.30324493774474
2,0.0007894736842105274,1662.5,6.173916023275346,1050553,91.81337257615749
3,0.0007894736842105274,2400.0,6.123011445997582,1089988,95.06099424947794
4,0.022368421052631583,625.0,7.362533370658398,146461,108.2649305958585
5,0.022368421052631583,1387.5,7.212149470458933,240208,106.18964397522156
6,0.022368421052631583,1662.5,7.272348826066128,260875,114.04034115955909
7,0.022368421052631583,2400.0,7.432326224681019,280175,126.38385294904967
8,0.04394736842105264,625.0,7.694842947749917,79464,114.35798600624196
9,0.04394736842105264,1387.5,7.6388419417181295,131945,121.47754746295779
10,0.04394736842105264,1662.5,7.790523416734791,145601,129.1409399660715
11,0.04394736842105264,2400.0,8.07924165322081,161140,145.21919448926332
12,0.0655263157894737,625.0,7.955404332539407,44085,121.5383463763184
13,0.0655263157894737,1387.5,7.962133841390809,75582,127.30097113069215
14,0.0655263157894737,1662.5,8.170632391473692,84726,140.2637325024198
15,0.0655263157894737,2400.0,8.449453566172256,95803,159.21681993256908
16,0.08710526315789476,625.0,8.180709491850415,26075,139.94354745925196
17,0.08710526315789476,1387.5,8.184100692699344,45763,135.34770447741633
18,0.08710526315789476,1662.5,8.425162117327691,53048,148.03985070125233
19,0.08710526315789476,2400.0,8.7886343583543,61202,170.46792588477453
20,0.1086842105263158,625.0,8.385377791373507,16345,134.86417864790465
21,0.1086842105263158,1387.5,8.332524353658973,29667,149.42309636970413
22,0.1086842105263158,1662.5,8.804908533121298,35204,162.91620270423843
23,0.1086842105263158,2400.0,9.063415695565949,41362,182.54767661138257
24,0.13026315789473686,625.0,8.56876790830947,11168,138.8961318051576
25,0.13026315789473686,1387.5,8.606501410123135,20211,145.84919103458498
26,0.13026315789473686,1662.5,8.993649501323002,24565,167.44298799104396
27,0.13026315789473686,2400.0,9.35915636462438,29444,195.64539464746596
28,0.1518421052631579,625.0,8.613660199265848,7628,140.7628474042997
29,0.1518421052631579,1387.5,8.84720279720281,14300,156.1968531468526
30,0.1518421052631579,1662.5,9.176346175831737,17494,177.36646850348714
31,0.1518421052631579,2400.0,9.478811789278337,21545,194.21884427941555
32,0.17342105263157898,625.0,8.678843490304684,5776,141.27060249307462
33,0.17342105263157898,1387.5,8.889593788466993,10561,159.33083988258616
34,0.17342105263157898,1662.5,9.255276843071298,13076,177.87075558274728
35,0.17342105263157898,2400.0,9.6374954004661,16306,207.93689439470154
36,0.195,625.0,9.012942779291544,4404,153.43256130790243
37,0.195,1387.5,9.0,8228,158.80456976178934
38,0.195,1662.5,9.34650366748166,10225,181.37955990220053
39,0.195,2400.0,9.66753267202019,12702,202.87017792473608
40,0.2165789473684211,625.0,9.040057224606596,3495,155.53905579399137
41,0.2165789473684211,1387.5,9.304380779142054,6597,171.4974988631197
42,0.2165789473684211,1662.5,9.411561691113056,8113,184.04511278195443
43,0.2165789473684211,2400.0,9.677956147220062,10216,207.9866875489425
44,0.23815789473684212,625.0,8.975295755045215,2874,149.50347947112056
45,0.23815789473684212,1387.5,9.151486460897575,5281,169.31433440636212
46,0.23815789473684212,1662.5,9.38863602995154,6811,179.87020995448495
47,0.23815789473684212,2400.0,10.074932677672338,8541,225.42536002809922
48,0.25973684210526315,625.0,9.408936170212765,2350,171.8574468085106
49,0.25973684210526315,1387.5,9.10812054290314,4347,162.26524039567428
50,0.25973684210526315,1662.5,9.705914270211592,5529,202.5169108337854
51,0.25973684210526315,2400.0,9.649734440964222,7343,203.7518725316622
52,0.28131578947368424,625.0,9.184615384615364,1950,159.49743589743622
53,0.28131578947368424,1387.5,9.271651425497568,3718,170.4679935449169
54,0.28131578947368424,1662.5,9.490054644808735,4575,189.3720218579236
55,0.28131578947368424,2400.0,9.672070246538333,5922,204.12698412698393
56,0.3028947368421053,625.0,9.203797468354402,1580,166.46329113924003
57,0.3028947368421053,1387.5,9.203254732646966,3011,168.5190966456324
58,0.3028947368421053,1662.5,9.658373461744233,3738,189.60593900481524
59,0.3028947368421053,2400.0,9.99979867123011,4967,221.85121803905795
60,0.32447368421052636,625.0,9.217219589257493,1266,155.9360189573459
61,0.32447368421052636,1387.5,9.154726579058933,2359,165.24374735057233
62,0.32447368421052636,1662.5,9.273059057730594,3014,173.6751824817516
63,0.32447368421052636,2400.0,9.552659294365457,3798,203.50579252238018
64,0.3460526315789474,625.0,8.848283499446273,903,150.04872646733105
65,0.3460526315789474,1387.5,9.632454128440354,1744,185.40653669724813
66,0.3460526315789474,1662.5,9.637056976222539,2229,200.49304620906244
67,0.3460526315789474,2400.0,9.725077612969972,2899,199.46084856847156
68,0.3676315789473684,625.0,8.793650793650796,693,145.0995670995673
69,0.3676315789473684,1387.5,9.922610015174493,1318,190.23065250379346
70,0.3676315789473684,1662.5,9.955069823922274,1647,200.37522768670289
71,0.3676315789473684,2400.0,9.561229314420805,2115,197.8591016548461
72,0.3892105263157895,625.0,8.870588235294116,510,146.08235294117654
73,0.3892105263157895,1387.5,10.069790628115664,1003,218.66600199401827
74,0.3892105263157895,1662.5,9.416599516518929,1241,184.34649476228876
75,0.3892105263157895,2400.0,9.75311720698254,1604,204.28927680797986
76,0.7,625.0,8.626080420894377,2661,146.3179255918826
77,0.7,1387.5,9.323778098577,4849,174.7937719117335
78,0.7,1662.5,9.765641202903547,5786,198.9398548219839
79,0.7,2400.0,9.894337940258561,6729,222.2192004755539
