,voc_bin,rtmean,rtcount,rt_squaredmean
0,0.0007894736842105274,6.222529496928817,4273411,89.06019009170888
1,0.022368421052631583,7.29713673539516,1038919,111.81103435397807
2,0.04394736842105264,7.769221537305513,574928,125.66050183675156
3,0.0655263157894737,8.165716170139362,330529,139.1604670089461
4,0.08710526315789476,8.417263569816786,203411,147.56811578528212
5,0.1086842105263158,8.651538714597592,133748,154.43039148248943
6,0.13026315789473686,8.877944371777199,92507,163.45930578226518
7,0.1518421052631579,9.03902694610778,66800,170.54229041916116
8,0.17342105263157898,9.213390633785844,49796,176.1826652743193
9,0.195,9.228188441494483,38569,173.00474474318855
10,0.2165789473684211,9.417019625594042,30929,182.1867179669556
11,0.23815789473684212,9.32868345352088,25377,185.38676754541518
12,0.25973684210526315,9.444965870307188,21096,191.42979711793777
13,0.28131578947368424,9.625825722327516,17409,191.40639898902924
14,0.3028947368421053,9.525289925946598,14314,188.7950957104928
15,0.32447368421052636,9.460917398633685,11271,187.66888474846948
16,0.3460526315789474,9.657373784701848,8537,195.4633946351172
17,0.3676315789473684,9.555113726737783,6287,195.20645777000215
18,0.3892105263157895,9.473572938689216,4730,180.06765327695638
19,0.7,9.410256410256455,21840,187.2664835164849
