,voc_bin,elo_bin,rtmean,rtcount,rt_squaredmean
0,0.0007894736842105274,625.0,0.0,0,0.0
1,0.0007894736842105274,1387.5,0.0,0,0.0
2,0.0007894736842105274,1662.5,0.0,0,0.0
3,0.0007894736842105274,2400.0,0.0,0,0.0
4,0.022368421052631583,625.0,0.0,0,0.0
5,0.022368421052631583,1387.5,0.0,0,0.0
6,0.022368421052631583,1662.5,0.0,0,0.0
7,0.022368421052631583,2400.0,0.0,0,0.0
8,0.04394736842105264,625.0,0.0,0,0.0
9,0.04394736842105264,1387.5,0.0,0,0.0
10,0.04394736842105264,1662.5,0.0,0,0.0
11,0.04394736842105264,2400.0,0.0,0,0.0
12,0.0655263157894737,625.0,0.0,0,0.0
13,0.0655263157894737,1387.5,0.0,0,0.0
14,0.0655263157894737,1662.5,0.0,0,0.0
15,0.0655263157894737,2400.0,0.0,0,0.0
16,0.08710526315789476,625.0,0.0,0,0.0
17,0.08710526315789476,1387.5,0.0,0,0.0
18,0.08710526315789476,1662.5,0.0,0,0.0
19,0.08710526315789476,2400.0,0.0,0,0.0
20,0.1086842105263158,625.0,0.0,0,0.0
21,0.1086842105263158,1387.5,0.0,0,0.0
22,0.1086842105263158,1662.5,0.0,0,0.0
23,0.1086842105263158,2400.0,0.0,0,0.0
24,0.13026315789473686,625.0,0.0,0,0.0
25,0.13026315789473686,1387.5,0.0,0,0.0
26,0.13026315789473686,1662.5,0.0,0,0.0
27,0.13026315789473686,2400.0,0.0,0,0.0
28,0.1518421052631579,625.0,0.0,0,0.0
29,0.1518421052631579,1387.5,0.0,0,0.0
30,0.1518421052631579,1662.5,0.0,0,0.0
31,0.1518421052631579,2400.0,0.0,0,0.0
32,0.17342105263157898,625.0,0.0,0,0.0
33,0.17342105263157898,1387.5,0.0,0,0.0
34,0.17342105263157898,1662.5,0.0,0,0.0
35,0.17342105263157898,2400.0,0.0,0,0.0
36,0.195,625.0,0.0,0,0.0
37,0.195,1387.5,0.0,0,0.0
38,0.195,1662.5,0.0,0,0.0
39,0.195,2400.0,0.0,0,0.0
40,0.2165789473684211,625.0,0.0,0,0.0
41,0.2165789473684211,1387.5,0.0,0,0.0
42,0.2165789473684211,1662.5,0.0,0,0.0
43,0.2165789473684211,2400.0,0.0,0,0.0
44,0.23815789473684212,625.0,0.0,0,0.0
45,0.23815789473684212,1387.5,0.0,0,0.0
46,0.23815789473684212,1662.5,0.0,0,0.0
47,0.23815789473684212,2400.0,0.0,0,0.0
48,0.25973684210526315,625.0,0.0,0,0.0
49,0.25973684210526315,1387.5,0.0,0,0.0
50,0.25973684210526315,1662.5,0.0,0,0.0
51,0.25973684210526315,2400.0,0.0,0,0.0
52,0.28131578947368424,625.0,0.0,0,0.0
53,0.28131578947368424,1387.5,0.0,0,0.0
54,0.28131578947368424,1662.5,0.0,0,0.0
55,0.28131578947368424,2400.0,0.0,0,0.0
56,0.3028947368421053,625.0,0.0,0,0.0
57,0.3028947368421053,1387.5,0.0,0,0.0
58,0.3028947368421053,1662.5,0.0,0,0.0
59,0.3028947368421053,2400.0,0.0,0,0.0
60,0.32447368421052636,625.0,0.0,0,0.0
61,0.32447368421052636,1387.5,0.0,0,0.0
62,0.32447368421052636,1662.5,0.0,0,0.0
63,0.32447368421052636,2400.0,0.0,0,0.0
64,0.3460526315789474,625.0,0.0,0,0.0
65,0.3460526315789474,1387.5,0.0,0,0.0
66,0.3460526315789474,1662.5,0.0,0,0.0
67,0.3460526315789474,2400.0,0.0,0,0.0
68,0.3676315789473684,625.0,0.0,0,0.0
69,0.3676315789473684,1387.5,0.0,0,0.0
70,0.3676315789473684,1662.5,0.0,0,0.0
71,0.3676315789473684,2400.0,0.0,0,0.0
72,0.3892105263157895,625.0,0.0,0,0.0
73,0.3892105263157895,1387.5,0.0,0,0.0
74,0.3892105263157895,1662.5,0.0,0,0.0
75,0.3892105263157895,2400.0,0.0,0,0.0
76,0.7,625.0,0.0,0,0.0
77,0.7,1387.5,0.0,0,0.0
78,0.7,1662.5,0.0,0,0.0
79,0.7,2400.0,0.0,0,0.0
