,voc_bin,U_bin,clock_bin,rtmean,rtcount,rt_squaredmean
0,0.0007894736842105274,0.1,30.0,3.951514057998972,321454,69.58515992957031
1,0.0007894736842105274,0.1,90.0,5.749218587841735,327612,98.11242872666462
2,0.0007894736842105274,0.1,150.0,6.036183725090691,386251,88.54350150549745
3,0.0007894736842105274,0.1,210.0,5.572659948674815,361616,65.55657105880238
4,0.0007894736842105274,0.1,270.0,4.170941478050629,137316,34.937713012322035
5,0.0007894736842105274,0.30000000000000004,30.0,4.974850230635243,104494,91.6211457117152
6,0.0007894736842105274,0.30000000000000004,90.0,7.365826371766103,135865,142.7237919994113
7,0.0007894736842105274,0.30000000000000004,150.0,7.6806608482500405,202346,136.8271129649216
8,0.0007894736842105274,0.30000000000000004,210.0,6.920705628308698,287120,99.15899623850643
9,0.0007894736842105274,0.30000000000000004,270.0,4.592673111067258,253450,40.971785362004404
10,0.0007894736842105274,0.5,30.0,4.09246539653064,211106,72.12922418121704
11,0.0007894736842105274,0.5,90.0,6.993147844631818,253205,139.3098872455126
12,0.0007894736842105274,0.5,150.0,7.7880881852695305,402743,153.11971654380065
13,0.0007894736842105274,0.5,210.0,8.013700221072677,731886,133.65209199246863
14,0.0007894736842105274,0.5,270.0,3.7286238675505072,3429292,30.42143567826836
15,0.0007894736842105274,0.7000000000000001,30.0,4.774518213530062,104922,79.86174491527002
16,0.0007894736842105274,0.7000000000000001,90.0,7.46470080404081,155216,140.85316591073084
17,0.0007894736842105274,0.7000000000000001,150.0,8.007753861675344,245813,141.36769007334868
18,0.0007894736842105274,0.7000000000000001,210.0,7.4726155595744945,379869,109.90210046094838
19,0.0007894736842105274,0.7000000000000001,270.0,4.9865689980651355,424838,45.89229776997338
20,0.0007894736842105274,0.9,30.0,3.2388576006214427,411940,41.02691896878197
21,0.0007894736842105274,0.9,90.0,5.767504998944319,402585,84.24378205844737
22,0.0007894736842105274,0.9,150.0,6.334451278624158,484818,88.52129665152735
23,0.0007894736842105274,0.9,210.0,5.98211567732116,488808,70.58392252172608
24,0.0007894736842105274,0.9,270.0,4.460437151625185,239505,36.35142063840006
25,0.022368421052631583,0.1,30.0,5.725282775596313,68252,116.59541112348367
26,0.022368421052631583,0.1,90.0,8.059346398965001,83476,155.25688820738915
27,0.022368421052631583,0.1,150.0,7.974039281193767,116137,132.88697831009938
28,0.022368421052631583,0.1,210.0,6.860539116496454,126021,92.01344220407711
29,0.022368421052631583,0.1,270.0,4.765350403518762,50927,42.482474915074434
30,0.022368421052631583,0.30000000000000004,30.0,5.494957946188717,22709,99.65577524329571
31,0.022368421052631583,0.30000000000000004,90.0,8.595269118973638,29931,171.85456550065174
32,0.022368421052631583,0.30000000000000004,150.0,9.063001220362649,45888,167.41660129009767
33,0.022368421052631583,0.30000000000000004,210.0,8.183753251792993,69577,125.50738031245952
34,0.022368421052631583,0.30000000000000004,270.0,5.067966522578857,76111,46.43502253287968
35,0.022368421052631583,0.5,30.0,5.65027358428372,30338,127.4401740391594
36,0.022368421052631583,0.5,90.0,9.20082172126696,46001,208.38892632768946
37,0.022368421052631583,0.5,150.0,9.664820419117268,87565,204.61165990978117
38,0.022368421052631583,0.5,210.0,9.487199852033994,183826,168.82438828022185
39,0.022368421052631583,0.5,270.0,4.375472494849576,781490,38.87659215089136
40,0.022368421052631583,0.7000000000000001,30.0,5.084115722842919,23539,92.83550703088457
41,0.022368421052631583,0.7000000000000001,90.0,8.147850969055105,33899,144.4765332310685
42,0.022368421052631583,0.7000000000000001,150.0,8.94030492572319,51160,160.9839327599687
43,0.022368421052631583,0.7000000000000001,210.0,8.18631466726516,71288,121.38786331500401
44,0.022368421052631583,0.7000000000000001,270.0,5.5014671557185775,59980,52.09359786595522
45,0.022368421052631583,0.9,30.0,4.577749835339207,50103,66.59966469073721
46,0.022368421052631583,0.9,90.0,7.661439970309872,64668,126.40208449310313
47,0.022368421052631583,0.9,150.0,7.99495496299936,89593,123.67595682698438
48,0.022368421052631583,0.9,210.0,7.053234396006369,95953,88.96214813502472
49,0.022368421052631583,0.9,270.0,5.028646031383901,39447,42.98286308211035
50,0.04394736842105264,0.1,30.0,5.866714977095683,38639,117.89570123450395
51,0.04394736842105264,0.1,90.0,8.445458704603372,45901,175.47314873314392
52,0.04394736842105264,0.1,150.0,8.592854076229562,62889,156.44691440474477
53,0.04394736842105264,0.1,210.0,7.262915519025336,68619,101.54417872600852
54,0.04394736842105264,0.1,270.0,4.941759850905221,30048,47.423522364217106
55,0.04394736842105264,0.30000000000000004,30.0,6.235227753490336,14182,133.04146100690969
56,0.04394736842105264,0.30000000000000004,90.0,9.358120078740177,20320,201.54709645669266
57,0.04394736842105264,0.30000000000000004,150.0,9.800317955486248,33338,194.7216689663447
58,0.04394736842105264,0.30000000000000004,210.0,8.62995067726741,54336,136.73985939340434
59,0.04394736842105264,0.30000000000000004,270.0,5.2711149992046975,62870,50.58493717194221
60,0.04394736842105264,0.5,30.0,6.39892493760796,15627,135.71536443335197
61,0.04394736842105264,0.5,90.0,9.971282559780294,26221,230.84226383433113
62,0.04394736842105264,0.5,150.0,10.37976919217259,49825,222.95385850476683
63,0.04394736842105264,0.5,210.0,9.69738582920493,103551,172.59107106643134
64,0.04394736842105264,0.5,270.0,4.900789512364137,285746,46.4385328228567
65,0.04394736842105264,0.7000000000000001,30.0,5.508966910836077,15836,90.3108108108107
66,0.04394736842105264,0.7000000000000001,90.0,8.659326927220219,23207,166.78773645882666
67,0.04394736842105264,0.7000000000000001,150.0,9.300908560473442,35991,165.36987024533968
68,0.04394736842105264,0.7000000000000001,210.0,8.364749430523917,49168,125.07773348519356
69,0.04394736842105264,0.7000000000000001,270.0,5.671693801770949,35010,54.82393601828044
70,0.04394736842105264,0.9,30.0,4.176803498585134,27211,59.71463746279074
71,0.04394736842105264,0.9,90.0,7.36313418603887,30413,119.20964719034642
72,0.04394736842105264,0.9,150.0,7.973461306479966,38133,126.87472792594339
73,0.04394736842105264,0.9,210.0,7.056138965653386,37995,89.75602052901696
74,0.04394736842105264,0.9,270.0,5.107996198751009,14732,44.13148248710287
75,0.0655263157894737,0.1,30.0,6.290837058106454,19688,125.00660300690771
76,0.0655263157894737,0.1,90.0,9.191785860237042,24470,199.89190845933777
77,0.0655263157894737,0.1,150.0,9.086440275469009,33688,175.10448824507316
78,0.0655263157894737,0.1,210.0,7.542548202188632,38380,110.21664929650854
79,0.0655263157894737,0.1,270.0,5.172064545662627,17476,49.686598764019166
80,0.0655263157894737,0.30000000000000004,30.0,6.344414751469786,9355,119.83174772848758
81,0.0655263157894737,0.30000000000000004,90.0,10.084736329483803,14374,230.40823709475453
82,0.0655263157894737,0.30000000000000004,150.0,10.242844716895172,24143,208.24301039638814
83,0.0655263157894737,0.30000000000000004,210.0,9.04189560439562,40768,150.17322409733157
84,0.0655263157894737,0.30000000000000004,270.0,5.365603621106598,48383,52.84620631213449
85,0.0655263157894737,0.5,30.0,6.8861525167422855,9258,162.24562540505494
86,0.0655263157894737,0.5,90.0,10.53640639698968,15945,255.8255879586079
87,0.0655263157894737,0.5,150.0,10.84676102340773,29392,234.14364452912304
88,0.0655263157894737,0.5,210.0,9.8113875943664,58151,174.2755584598717
89,0.0655263157894737,0.5,270.0,5.3549086031674955,116306,53.54917201176199
90,0.0655263157894737,0.7000000000000001,30.0,5.7332274712187585,10076,101.25883287018638
91,0.0655263157894737,0.7000000000000001,90.0,8.997739456177749,15483,174.7329328941421
92,0.0655263157894737,0.7000000000000001,150.0,9.530305609942957,23494,173.91814931471873
93,0.0655263157894737,0.7000000000000001,210.0,8.525447391801004,31516,130.70294453610853
94,0.0655263157894737,0.7000000000000001,270.0,5.721766561514183,20605,56.25668527056518
95,0.0655263157894737,0.9,30.0,4.6354491848768715,11532,69.52740201179334
96,0.0655263157894737,0.9,90.0,7.723264752430475,13269,134.36747305750276
97,0.0655263157894737,0.9,150.0,7.906073965221637,16332,122.35157972079351
98,0.0655263157894737,0.9,210.0,6.911820652173915,14720,88.19646739130414
99,0.0655263157894737,0.9,270.0,5.080303324907643,5143,44.10305269298082
100,0.08710526315789476,0.1,30.0,6.715216655382537,11816,156.11230534867937
101,0.08710526315789476,0.1,90.0,9.46022487702042,14230,218.26064652143415
102,0.08710526315789476,0.1,150.0,9.412738919847929,19201,186.06093432633733
103,0.08710526315789476,0.1,210.0,7.911119140095735,22142,121.77553969831045
104,0.08710526315789476,0.1,270.0,5.245524296675186,10557,50.63531306242311
105,0.08710526315789476,0.30000000000000004,30.0,6.9773123909249755,6876,161.0977312390925
106,0.08710526315789476,0.30000000000000004,90.0,10.376939515005102,10763,240.75768837684623
107,0.08710526315789476,0.30000000000000004,150.0,10.742995061865406,18023,229.71663984908136
108,0.08710526315789476,0.30000000000000004,210.0,9.277977987727684,30801,156.67832213239876
109,0.08710526315789476,0.30000000000000004,270.0,5.499099836333862,36660,55.13166939443548
110,0.08710526315789476,0.5,30.0,6.865573216097399,5914,140.21187013865404
111,0.08710526315789476,0.5,90.0,10.658469677672196,10207,248.60282159302434
112,0.08710526315789476,0.5,150.0,11.122602482136134,18613,246.46542738945914
113,0.08710526315789476,0.5,210.0,9.852753217193401,34269,175.88636960518275
114,0.08710526315789476,0.5,270.0,5.532584230453824,57313,56.91160818662435
115,0.08710526315789476,0.7000000000000001,30.0,6.224081266806112,6694,133.73648043023593
116,0.08710526315789476,0.7000000000000001,90.0,9.536966539771596,9982,201.66680024043268
117,0.08710526315789476,0.7000000000000001,150.0,9.842088301643575,15515,186.01018369320045
118,0.08710526315789476,0.7000000000000001,210.0,8.525600317523315,20156,130.67176026989466
119,0.08710526315789476,0.7000000000000001,270.0,5.889462226880593,12403,59.45085866322665
120,0.08710526315789476,0.9,30.0,4.245930748742242,6758,54.8200651080203
121,0.08710526315789476,0.9,90.0,7.086980920314252,7128,109.38720538720523
122,0.08710526315789476,0.9,150.0,7.610780765253317,7736,118.42877456049587
123,0.08710526315789476,0.9,210.0,6.652107925801013,5930,84.55059021922416
124,0.08710526315789476,0.9,270.0,4.974551764025433,1729,41.448814343551156
125,0.1086842105263158,0.1,30.0,6.7696855683955635,7442,163.4369793066376
126,0.1086842105263158,0.1,90.0,9.883041600363702,8798,235.51045692202797
127,0.1086842105263158,0.1,150.0,9.85508744723012,11607,206.4278452657881
128,0.1086842105263158,0.1,210.0,8.285829248664852,13669,130.81549491550206
129,0.1086842105263158,0.1,270.0,5.445212531254592,6799,54.87954110898658
130,0.1086842105263158,0.30000000000000004,30.0,7.190503652441351,5202,144.93983083429407
131,0.1086842105263158,0.30000000000000004,90.0,10.630923302393795,8188,250.91402051783132
132,0.1086842105263158,0.30000000000000004,150.0,10.69520449308757,13888,226.1024625576039
133,0.1086842105263158,0.30000000000000004,210.0,9.491054852320662,23700,165.01021097046407
134,0.1086842105263158,0.30000000000000004,270.0,5.499670336915677,30334,56.22532471813815
135,0.1086842105263158,0.5,30.0,7.072146354032466,3881,153.80288585416181
136,0.1086842105263158,0.5,90.0,10.930659111243669,6706,257.4293170295261
137,0.1086842105263158,0.5,150.0,11.210214964172662,12002,249.40051658057018
138,0.1086842105263158,0.5,210.0,9.87753074739834,21140,175.5809366130564
139,0.1086842105263158,0.5,270.0,5.82120424518086,27702,61.12811349361054
140,0.1086842105263158,0.7000000000000001,30.0,6.431879496402861,4448,159.20930755395702
141,0.1086842105263158,0.7000000000000001,90.0,9.672567733990125,6496,193.6793411330044
142,0.1086842105263158,0.7000000000000001,150.0,10.103266281617197,10042,199.1000796654053
143,0.1086842105263158,0.7000000000000001,210.0,8.680483054148796,12835,134.33720296065405
144,0.1086842105263158,0.7000000000000001,270.0,5.862472377486019,7693,57.74652281294688
145,0.1086842105263158,0.9,30.0,4.083643988816396,4292,54.22530288909577
146,0.1086842105263158,0.9,90.0,6.960365853658542,3936,114.9740853658536
147,0.1086842105263158,0.9,150.0,7.121561886051079,4072,106.34553045186654
148,0.1086842105263158,0.9,210.0,6.4571016582552305,2774,79.77361211247299
149,0.1086842105263158,0.9,270.0,4.743548387096771,620,40.11774193548385
150,0.13026315789473686,0.1,30.0,6.89807497467072,4935,159.02776089159076
151,0.13026315789473686,0.1,90.0,10.095296167247382,5740,237.452090592334
152,0.13026315789473686,0.1,150.0,10.228643852978442,7890,216.48719898605788
153,0.13026315789473686,0.1,210.0,8.575216508072275,9353,141.05099967924664
154,0.13026315789473686,0.1,270.0,5.683053788316953,5187,60.2525544630808
155,0.13026315789473686,0.30000000000000004,30.0,7.377279448003953,4058,162.08994578610177
156,0.13026315789473686,0.30000000000000004,90.0,11.049348979263753,6221,271.7791351872704
157,0.13026315789473686,0.30000000000000004,150.0,11.117377769639216,10922,248.89177806262566
158,0.13026315789473686,0.30000000000000004,210.0,9.788640443936682,18381,177.47570861215422
159,0.13026315789473686,0.30000000000000004,270.0,5.665931785760618,23133,59.40535166212768
160,0.13026315789473686,0.5,30.0,7.109459949256984,2759,168.79557810801003
161,0.13026315789473686,0.5,90.0,10.990754360159695,4759,258.1754570287872
162,0.13026315789473686,0.5,150.0,11.194351954618341,8109,234.3338266124051
163,0.13026315789473686,0.5,210.0,9.80193976518635,13713,173.36381535768945
164,0.13026315789473686,0.5,270.0,5.9700013215276835,15134,63.429364345183174
165,0.13026315789473686,0.7000000000000001,30.0,6.422730422730414,2886,122.55301455301452
166,0.13026315789473686,0.7000000000000001,90.0,9.75504587155963,4360,201.18807339449552
167,0.13026315789473686,0.7000000000000001,150.0,10.451343836886014,6474,216.21872103799828
168,0.13026315789473686,0.7000000000000001,210.0,8.957365269461091,8350,143.65197604790396
169,0.13026315789473686,0.7000000000000001,270.0,5.9611573523583,5046,60.390408244153726
170,0.13026315789473686,0.9,30.0,3.642388451443571,3048,41.79396325459321
171,0.13026315789473686,0.9,90.0,6.33306188925083,2456,108.27280130293153
172,0.13026315789473686,0.9,150.0,6.6427943760984,2276,95.02768014059744
173,0.13026315789473686,0.9,210.0,6.0072516316171205,1379,70.34807831762134
174,0.13026315789473686,0.9,270.0,4.762068965517242,290,40.78965517241384
175,0.1518421052631579,0.1,30.0,7.038373424971345,3492,162.13459335624262
176,0.1518421052631579,0.1,90.0,10.391923990498812,4210,251.72351543943043
177,0.1518421052631579,0.1,150.0,10.673207408765803,5453,237.83146891619236
178,0.1518421052631579,0.1,210.0,8.88436249285305,6996,149.15423098913635
179,0.1518421052631579,0.1,270.0,5.7682898684514115,4333,60.782829448419086
180,0.1518421052631579,0.30000000000000004,30.0,7.455868089233749,3093,182.84610410604566
181,0.1518421052631579,0.30000000000000004,90.0,11.596193628465038,4834,298.43566404633924
182,0.1518421052631579,0.30000000000000004,150.0,11.460110206037344,8348,262.53294202204074
183,0.1518421052631579,0.30000000000000004,210.0,9.855710266214547,13861,175.8922155688621
184,0.1518421052631579,0.30000000000000004,270.0,5.777659574468069,16920,60.68995271867608
185,0.1518421052631579,0.5,30.0,7.630839002267586,2205,185.85034013605383
186,0.1518421052631579,0.5,90.0,10.989620322316311,3661,260.2406446326141
187,0.1518421052631579,0.5,150.0,11.035551948051985,6160,235.22094155844195
188,0.1518421052631579,0.5,210.0,9.759537939804991,9436,170.28242899533666
189,0.1518421052631579,0.5,270.0,6.059461853615317,9031,64.48754290776247
190,0.1518421052631579,0.7000000000000001,30.0,6.595426971535235,2143,159.75454969668712
191,0.1518421052631579,0.7000000000000001,90.0,10.02923976608186,2907,208.88579291365718
192,0.1518421052631579,0.7000000000000001,150.0,10.224141902787375,4341,202.8217000691083
193,0.1518421052631579,0.7000000000000001,210.0,8.897273066865885,5354,142.31602540156806
194,0.1518421052631579,0.7000000000000001,270.0,5.883008356545961,3231,58.199938099659605
195,0.1518421052631579,0.9,30.0,3.40382678751259,1986,36.02920443101722
196,0.1518421052631579,0.9,90.0,6.382044560943645,1526,100.73066841415435
197,0.1518421052631579,0.9,150.0,6.680995475113124,1326,96.64177978883853
198,0.1518421052631579,0.9,210.0,6.154381084840052,719,77.74269819193334
199,0.1518421052631579,0.9,270.0,4.532110091743123,109,39.651376146789
200,0.17342105263157898,0.1,30.0,7.430925221799744,2367,206.0637938318547
201,0.17342105263157898,0.1,90.0,11.00382608695651,2875,294.70191304347776
202,0.17342105263157898,0.1,150.0,10.876037091264058,4098,237.20693020985834
203,0.17342105263157898,0.1,210.0,9.181981981981954,5550,154.70846846846882
204,0.17342105263157898,0.1,270.0,5.798131811105351,3854,59.5547483134406
205,0.17342105263157898,0.30000000000000004,30.0,7.559224102352445,2423,177.30664465538536
206,0.17342105263157898,0.30000000000000004,90.0,11.196997629707656,3797,277.7258361864633
207,0.17342105263157898,0.30000000000000004,150.0,11.616777588608556,6461,272.4079863798176
208,0.17342105263157898,0.30000000000000004,210.0,9.87254901960785,10812,175.86385497595282
209,0.17342105263157898,0.30000000000000004,270.0,5.875480580619853,12745,63.25186347587289
210,0.17342105263157898,0.5,30.0,7.173469387755092,1862,147.61170784103092
211,0.17342105263157898,0.5,90.0,11.037871033776888,2931,250.40532241555763
212,0.17342105263157898,0.5,150.0,11.251908396946513,4716,245.8710771840539
213,0.17342105263157898,0.5,210.0,9.473744784923056,6951,161.9087901021435
214,0.17342105263157898,0.5,270.0,5.96654595619937,5799,62.134505949301655
215,0.17342105263157898,0.7000000000000001,30.0,6.15342298288508,1636,105.67787286063555
216,0.17342105263157898,0.7000000000000001,90.0,9.590565198041821,2247,198.89185580774358
217,0.17342105263157898,0.7000000000000001,150.0,10.383078364033755,3203,210.4430221667185
218,0.17342105263157898,0.7000000000000001,210.0,8.936755755490852,3779,144.42074622916127
219,0.17342105263157898,0.7000000000000001,270.0,6.014285714285713,2310,62.75454545454554
220,0.17342105263157898,0.9,30.0,3.0880503144654057,1113,28.198562443845447
221,0.17342105263157898,0.9,90.0,4.918767507002803,714,53.56302521008409
222,0.17342105263157898,0.9,150.0,5.669520547945208,584,68.64212328767121
223,0.17342105263157898,0.9,210.0,5.927419354838712,248,65.90322580645167
224,0.17342105263157898,0.9,270.0,4.307692307692308,39,33.07692307692307
225,0.195,0.1,30.0,7.75186674325101,1741,208.50890292935082
226,0.195,0.1,90.0,11.295780969479347,2228,295.93940754039465
227,0.195,0.1,150.0,11.491920447482894,3218,271.0226848974514
228,0.195,0.1,210.0,9.615896885069809,4655,167.90290010741066
229,0.195,0.1,270.0,5.992229527794377,3346,65.37118947997618
230,0.195,0.30000000000000004,30.0,7.816125860373641,2034,181.1956735496555
231,0.195,0.30000000000000004,90.0,11.283431180691442,3066,269.2742987606005
232,0.195,0.30000000000000004,150.0,11.661091887735463,5202,268.23817762399005
233,0.195,0.30000000000000004,210.0,9.92038515735085,8516,177.86143729450433
234,0.195,0.30000000000000004,270.0,5.942170173074918,9649,65.69053787957328
235,0.195,0.5,30.0,7.136281041792863,1651,158.8443367655966
236,0.195,0.5,90.0,11.116542823621446,2557,272.0019554165047
237,0.195,0.5,150.0,11.047642928786349,3988,234.57271815446333
238,0.195,0.5,210.0,9.321468298109009,5394,156.17315535780432
239,0.195,0.5,270.0,6.044261065266326,3999,63.535133783445765
240,0.195,0.7000000000000001,30.0,5.931972789115651,1323,111.92592592592588
241,0.195,0.7000000000000001,90.0,9.311743341404325,1652,194.08656174334092
242,0.195,0.7000000000000001,150.0,9.923698384201058,2228,189.82495511669634
243,0.195,0.7000000000000001,210.0,8.459897273804819,2531,129.4041880679571
244,0.195,0.7000000000000001,270.0,5.94973190348526,1492,61.186997319034944
245,0.195,0.9,30.0,2.7090909090909063,440,16.581818181818182
246,0.195,0.9,90.0,4.5112781954887184,266,55.518796992481214
247,0.195,0.9,150.0,4.500000000000001,160,39.21250000000001
248,0.195,0.9,210.0,4.660377358490567,53,52.28301886792451
249,0.195,0.9,270.0,3.0,1,9.0
250,0.2165789473684211,0.1,30.0,8.042415528396859,1391,190.83177570093454
251,0.2165789473684211,0.1,90.0,11.560378408458527,1797,299.84752365052776
252,0.2165789473684211,0.1,150.0,11.85831775700933,2675,280.8609345794389
253,0.2165789473684211,0.1,210.0,9.483362966725883,3937,165.17449834899597
254,0.2165789473684211,0.1,270.0,5.971159684274441,3294,65.05130540376416
255,0.2165789473684211,0.30000000000000004,30.0,8.13345091122867,1701,187.68312757201647
256,0.2165789473684211,0.30000000000000004,90.0,11.732170542635675,2580,288.448449612403
257,0.2165789473684211,0.30000000000000004,150.0,11.958660014255141,4209,283.6132097885472
258,0.2165789473684211,0.30000000000000004,210.0,9.89869711608845,6831,175.69550578246222
259,0.2165789473684211,0.30000000000000004,270.0,5.82003903708522,7685,61.3078724788549
260,0.2165789473684211,0.5,30.0,7.4100509832483565,1373,155.15513474144234
261,0.2165789473684211,0.5,90.0,11.129742388758766,2135,258.37283372365346
262,0.2165789473684211,0.5,150.0,10.801463860933216,3279,221.1247331503509
263,0.2165789473684211,0.5,210.0,9.408703661063766,4343,159.94427814874513
264,0.2165789473684211,0.5,270.0,6.205733558178752,2965,66.57403035413147
265,0.2165789473684211,0.7000000000000001,30.0,4.980821917808214,1095,69.54155251141565
266,0.2165789473684211,0.7000000000000001,90.0,9.54283360790774,1214,214.96622734761146
267,0.2165789473684211,0.7000000000000001,150.0,9.000696864111518,1435,152.55470383275272
268,0.2165789473684211,0.7000000000000001,210.0,8.936170212765942,1551,139.45970341714983
269,0.2165789473684211,0.7000000000000001,270.0,5.761177753544177,917,54.72737186477646
270,0.2165789473684211,0.9,30.0,0.0,0,0.0
271,0.2165789473684211,0.9,90.0,0.0,0,0.0
272,0.2165789473684211,0.9,150.0,0.0,0,0.0
273,0.2165789473684211,0.9,210.0,0.0,0,0.0
274,0.2165789473684211,0.9,270.0,0.0,0,0.0
275,0.23815789473684212,0.1,30.0,8.860553963705838,1047,244.38681948424045
276,0.23815789473684212,0.1,90.0,12.716417910447785,1474,359.6336499321568
277,0.23815789473684212,0.1,150.0,11.795744680851064,2350,265.69446808510605
278,0.23815789473684212,0.1,210.0,9.984249792760412,3619,183.80740536059673
279,0.23815789473684212,0.1,270.0,5.75513905683191,3308,60.64691656590089
280,0.23815789473684212,0.30000000000000004,30.0,8.478683620044896,1337,198.9798055347796
281,0.23815789473684212,0.30000000000000004,90.0,11.79854809437386,2204,304.9954627949181
282,0.23815789473684212,0.30000000000000004,150.0,11.837675350701376,3493,264.9770970512456
283,0.23815789473684212,0.30000000000000004,210.0,10.114777878513168,5515,183.72819582955563
284,0.23815789473684212,0.30000000000000004,270.0,5.9531994554118475,5876,64.01208304969407
285,0.23815789473684212,0.5,30.0,7.356382978723406,1316,157.17705167173253
286,0.23815789473684212,0.5,90.0,11.123619147816932,1901,258.66701735928484
287,0.23815789473684212,0.5,150.0,10.855314610735867,2813,225.34091717028048
288,0.23815789473684212,0.5,210.0,9.140926640926649,3626,151.11776061776024
289,0.23815789473684212,0.5,270.0,5.985074626865678,2479,62.559499798305865
290,0.23815789473684212,0.7000000000000001,30.0,5.749024707412223,769,141.27308192457733
291,0.23815789473684212,0.7000000000000001,90.0,9.116036505867022,767,210.62320730117355
292,0.23815789473684212,0.7000000000000001,150.0,9.798483206933915,923,206.20151679306605
293,0.23815789473684212,0.7000000000000001,210.0,8.62204724409452,889,145.74915635545582
294,0.23815789473684212,0.7000000000000001,270.0,6.001821493624772,549,61.291438979963566
295,0.23815789473684212,0.9,30.0,0.0,0,0.0
296,0.23815789473684212,0.9,90.0,0.0,0,0.0
297,0.23815789473684212,0.9,150.0,0.0,0,0.0
298,0.23815789473684212,0.9,210.0,0.0,0,0.0
299,0.23815789473684212,0.9,270.0,0.0,0,0.0
300,0.25973684210526315,0.1,30.0,8.646489104116208,826,248.4624697336567
301,0.25973684210526315,0.1,90.0,12.777421937550011,1249,362.67814251401086
302,0.25973684210526315,0.1,150.0,12.0351906158358,2046,287.95014662756574
303,0.25973684210526315,0.1,210.0,10.140763358778635,3275,187.3651908396954
304,0.25973684210526315,0.1,270.0,5.93466587112172,3352,65.67034606205245
305,0.25973684210526315,0.30000000000000004,30.0,8.167588932806346,1265,204.3778656126484
306,0.25973684210526315,0.30000000000000004,90.0,11.955767077267632,1786,306.26371780515103
307,0.25973684210526315,0.30000000000000004,150.0,11.715932203389848,2950,257.59118644067837
308,0.25973684210526315,0.30000000000000004,210.0,10.157225691347032,4484,188.4471454058879
309,0.25973684210526315,0.30000000000000004,270.0,5.313565744600229,5278,54.284009094353976
310,0.25973684210526315,0.5,30.0,7.871402877697849,1112,224.97931654676242
311,0.25973684210526315,0.5,90.0,11.204370939161237,1693,276.6467808623746
312,0.25973684210526315,0.5,150.0,10.842459983150805,2374,220.79949452400962
313,0.25973684210526315,0.5,210.0,9.244436952124067,2966,156.5957518543495
314,0.25973684210526315,0.5,270.0,5.862475442043225,2036,59.26522593320238
315,0.25973684210526315,0.7000000000000001,30.0,4.703862660944204,466,81.68240343347638
316,0.25973684210526315,0.7000000000000001,90.0,9.109704641350207,474,196.5400843881855
317,0.25973684210526315,0.7000000000000001,150.0,9.906560636182906,503,221.3141153081512
318,0.25973684210526315,0.7000000000000001,210.0,8.277327935222674,494,129.54453441295547
319,0.25973684210526315,0.7000000000000001,270.0,6.06008583690987,233,67.74248927038617
320,0.25973684210526315,0.9,30.0,0.0,0,0.0
321,0.25973684210526315,0.9,90.0,0.0,0,0.0
322,0.25973684210526315,0.9,150.0,0.0,0,0.0
323,0.25973684210526315,0.9,210.0,0.0,0,0.0
324,0.25973684210526315,0.9,270.0,0.0,0,0.0
325,0.28131578947368424,0.1,30.0,8.664955070603343,779,231.74069319640586
326,0.28131578947368424,0.1,90.0,12.749369217830111,1189,382.52228763666926
327,0.28131578947368424,0.1,150.0,12.594730941704023,1784,339.92656950672625
328,0.28131578947368424,0.1,210.0,9.853701117318428,2864,176.11627094972056
329,0.28131578947368424,0.1,270.0,5.811639549436784,3196,65.39924906132656
330,0.28131578947368424,0.30000000000000004,30.0,8.300322927879462,929,183.0602798708288
331,0.28131578947368424,0.30000000000000004,90.0,12.474034620505998,1502,323.7629826897462
332,0.28131578947368424,0.30000000000000004,150.0,11.748624629707965,2363,266.81337283114664
333,0.28131578947368424,0.30000000000000004,210.0,10.093872962338377,3558,180.75716694772362
334,0.28131578947368424,0.30000000000000004,270.0,5.874705882352932,3400,63.290588235294116
335,0.28131578947368424,0.5,30.0,7.569214876033062,968,151.2530991735536
336,0.28131578947368424,0.5,90.0,11.059805285118207,1438,260.66898470097345
337,0.28131578947368424,0.5,150.0,11.074112197632534,1943,226.62738033968085
338,0.28131578947368424,0.5,210.0,9.051507537688455,2388,146.24664991624752
339,0.28131578947368424,0.5,270.0,6.218323586744634,1539,66.95906432748524
340,0.28131578947368424,0.7000000000000001,30.0,4.758333333333329,360,56.29722222222225
341,0.28131578947368424,0.7000000000000001,90.0,8.376947040498452,321,148.79439252336465
342,0.28131578947368424,0.7000000000000001,150.0,7.966777408637881,301,120.37873754152824
343,0.28131578947368424,0.7000000000000001,210.0,8.400826446280986,242,132.07851239669432
344,0.28131578947368424,0.7000000000000001,270.0,5.2522522522522515,111,46.027027027027046
345,0.28131578947368424,0.9,30.0,0.0,0,0.0
346,0.28131578947368424,0.9,90.0,0.0,0,0.0
347,0.28131578947368424,0.9,150.0,0.0,0,0.0
348,0.28131578947368424,0.9,210.0,0.0,0,0.0
349,0.28131578947368424,0.9,270.0,0.0,0,0.0
350,0.3028947368421053,0.1,30.0,8.63021420518602,887,226.61668545659538
351,0.3028947368421053,0.1,90.0,12.301841473178541,1249,348.44915932746216
352,0.3028947368421053,0.1,150.0,11.71644295302013,1788,264.79250559284105
353,0.3028947368421053,0.1,210.0,10.003767897513177,2654,185.03014318010537
354,0.3028947368421053,0.1,270.0,6.021992669110282,3001,67.113628790403
355,0.3028947368421053,0.30000000000000004,30.0,8.14748784440843,617,187.09076175040528
356,0.3028947368421053,0.30000000000000004,90.0,12.178781925343824,1018,305.385068762279
357,0.3028947368421053,0.30000000000000004,150.0,12.169257340241817,1737,287.0374208405299
358,0.3028947368421053,0.30000000000000004,210.0,9.766629915472217,2721,173.8974641675855
359,0.3028947368421053,0.30000000000000004,270.0,5.869112130054194,2399,60.6144226761152
360,0.3028947368421053,0.5,30.0,7.324162679425837,836,168.367224880383
361,0.3028947368421053,0.5,90.0,10.693449781659396,1145,237.8620087336245
362,0.3028947368421053,0.5,150.0,11.013580246913575,1620,234.57407407407388
363,0.3028947368421053,0.5,210.0,8.825346112886043,1878,140.57827476038355
364,0.3028947368421053,0.5,270.0,5.671999999999998,1125,54.9999999999999
365,0.3028947368421053,0.7000000000000001,30.0,4.499999999999999,260,69.83076923076928
366,0.3028947368421053,0.7000000000000001,90.0,8.504672897196263,214,190.00000000000003
367,0.3028947368421053,0.7000000000000001,150.0,9.405940594059397,202,169.5544554455445
368,0.3028947368421053,0.7000000000000001,210.0,7.215568862275446,167,98.89221556886228
369,0.3028947368421053,0.7000000000000001,270.0,5.609195402298848,87,56.36781609195403
370,0.3028947368421053,0.9,30.0,0.0,0,0.0
371,0.3028947368421053,0.9,90.0,0.0,0,0.0
372,0.3028947368421053,0.9,150.0,0.0,0,0.0
373,0.3028947368421053,0.9,210.0,0.0,0,0.0
374,0.3028947368421053,0.9,270.0,0.0,0,0.0
375,0.32447368421052636,0.1,30.0,8.197263397947552,877,222.86545039908796
376,0.32447368421052636,0.1,90.0,11.97584124245037,1159,332.47799827437433
377,0.32447368421052636,0.1,150.0,11.360730593607283,1752,272.4863013698627
378,0.32447368421052636,0.1,210.0,9.788220551378451,2394,169.41896407685846
379,0.32447368421052636,0.1,270.0,5.7595777951524445,2558,61.214620797498
380,0.32447368421052636,0.30000000000000004,30.0,9.002499999999998,400,199.39249999999984
381,0.32447368421052636,0.30000000000000004,90.0,12.240215924426446,741,307.1282051282051
382,0.32447368421052636,0.30000000000000004,150.0,12.811547714514807,1247,331.28949478749007
383,0.32447368421052636,0.30000000000000004,210.0,10.388223032829584,1919,201.7410109431998
384,0.32447368421052636,0.30000000000000004,270.0,6.8578584846587285,1597,87.50907952410748
385,0.32447368421052636,0.5,30.0,7.239999999999996,675,167.96000000000018
386,0.32447368421052636,0.5,90.0,10.732967032967021,910,236.31758241758243
387,0.32447368421052636,0.5,150.0,11.218749999999998,1312,247.5769817073168
388,0.32447368421052636,0.5,210.0,9.077761627906959,1376,155.60828488372118
389,0.32447368421052636,0.5,270.0,6.0086705202312105,692,63.03468208092483
390,0.32447368421052636,0.7000000000000001,30.0,4.150485436893203,206,51.48058252427184
391,0.32447368421052636,0.7000000000000001,90.0,11.611464968152866,157,401.84076433121055
392,0.32447368421052636,0.7000000000000001,150.0,8.706666666666672,150,152.86666666666676
393,0.32447368421052636,0.7000000000000001,210.0,8.165048543689322,103,136.49514563106806
394,0.32447368421052636,0.7000000000000001,270.0,5.162162162162161,37,45.000000000000014
395,0.32447368421052636,0.9,30.0,0.0,0,0.0
396,0.32447368421052636,0.9,90.0,0.0,0,0.0
397,0.32447368421052636,0.9,150.0,0.0,0,0.0
398,0.32447368421052636,0.9,210.0,0.0,0,0.0
399,0.32447368421052636,0.9,270.0,0.0,0,0.0
400,0.3460526315789474,0.1,30.0,8.180115273775241,694,215.8746397694524
401,0.3460526315789474,0.1,90.0,11.995545657015594,898,297.8841870824057
402,0.3460526315789474,0.1,150.0,11.724669603524246,1362,284.2488986784149
403,0.3460526315789474,0.1,210.0,9.843169398907095,1830,177.7885245901636
404,0.3460526315789474,0.1,270.0,5.908280922431856,1908,62.972222222222285
405,0.3460526315789474,0.30000000000000004,30.0,9.467796610169485,295,207.14915254237317
406,0.3460526315789474,0.30000000000000004,90.0,13.067632850241555,621,380.1433172302737
407,0.3460526315789474,0.30000000000000004,150.0,12.03399433427761,1059,284.4551463644942
408,0.3460526315789474,0.30000000000000004,210.0,9.94003997335111,1501,172.54630246502367
409,0.3460526315789474,0.30000000000000004,270.0,6.500844594594585,1184,75.7694256756756
410,0.3460526315789474,0.5,30.0,6.397569444444448,576,100.81770833333343
411,0.3460526315789474,0.5,90.0,10.824756606397761,719,257.0333796940204
412,0.3460526315789474,0.5,150.0,11.257928118393256,946,261.32769556025323
413,0.3460526315789474,0.5,210.0,9.11578947368422,1045,152.1933014354066
414,0.3460526315789474,0.5,270.0,5.702448210922791,531,58.745762711864415
415,0.3460526315789474,0.7000000000000001,30.0,5.155844155844157,154,85.54545454545465
416,0.3460526315789474,0.7000000000000001,90.0,7.055118110236223,127,137.2755905511811
417,0.3460526315789474,0.7000000000000001,150.0,8.725663716814156,113,156.21238938053105
418,0.3460526315789474,0.7000000000000001,210.0,7.31521739130435,92,121.72826086956512
419,0.3460526315789474,0.7000000000000001,270.0,5.033333333333333,30,41.9
420,0.3460526315789474,0.9,30.0,0.0,0,0.0
421,0.3460526315789474,0.9,90.0,0.0,0,0.0
422,0.3460526315789474,0.9,150.0,0.0,0,0.0
423,0.3460526315789474,0.9,210.0,0.0,0,0.0
424,0.3460526315789474,0.9,270.0,0.0,0,0.0
425,0.3676315789473684,0.1,30.0,8.299509001636672,611,208.59738134206242
426,0.3676315789473684,0.1,90.0,11.507189542483657,765,302.25490196078414
427,0.3676315789473684,0.1,150.0,11.40575673166202,1077,258.75951717734455
428,0.3676315789473684,0.1,210.0,9.818181818181802,1298,172.91217257318957
429,0.3676315789473684,0.1,270.0,6.08353609083536,1233,67.93592862935903
430,0.3676315789473684,0.30000000000000004,30.0,8.904761904761909,294,216.23129251700695
431,0.3676315789473684,0.30000000000000004,90.0,12.588126159554731,539,325.41187384044514
432,0.3676315789473684,0.30000000000000004,150.0,12.701650943396206,848,290.5790094339619
433,0.3676315789473684,0.30000000000000004,210.0,9.936188811188828,1144,172.49388111888106
434,0.3676315789473684,0.30000000000000004,270.0,6.183486238532105,654,64.41590214067287
435,0.3676315789473684,0.5,30.0,7.110132158590312,454,124.21585903083701
436,0.3676315789473684,0.5,90.0,10.569707401032703,581,243.34423407917376
437,0.3676315789473684,0.5,150.0,11.256011315417252,707,240.04243281470985
438,0.3676315789473684,0.5,210.0,8.701492537313436,737,140.1207598371779
439,0.3676315789473684,0.5,270.0,6.466867469879515,332,72.8403614457832
440,0.3676315789473684,0.7000000000000001,30.0,3.962025316455695,79,39.379746835443036
441,0.3676315789473684,0.7000000000000001,90.0,7.66176470588235,68,142.3970588235294
442,0.3676315789473684,0.7000000000000001,150.0,7.61643835616438,73,103.26027397260273
443,0.3676315789473684,0.7000000000000001,210.0,8.044444444444443,45,114.62222222222222
444,0.3676315789473684,0.7000000000000001,270.0,5.277777777777779,18,38.16666666666668
445,0.3676315789473684,0.9,30.0,0.0,0,0.0
446,0.3676315789473684,0.9,90.0,0.0,0,0.0
447,0.3676315789473684,0.9,150.0,0.0,0,0.0
448,0.3676315789473684,0.9,210.0,0.0,0,0.0
449,0.3676315789473684,0.9,270.0,0.0,0,0.0
450,0.3892105263157895,0.1,30.0,7.338028169014083,497,129.78873239436618
451,0.3892105263157895,0.1,90.0,12.165467625899275,556,335.11870503597106
452,0.3892105263157895,0.1,150.0,11.352722772277247,808,265.58044554455404
453,0.3892105263157895,0.1,210.0,10.029836381135723,1039,188.96727622714158
454,0.3892105263157895,0.1,270.0,5.920403587443948,892,65.09080717488791
455,0.3892105263157895,0.30000000000000004,30.0,9.596428571428575,280,244.86071428571444
456,0.3892105263157895,0.30000000000000004,90.0,11.898104265402845,422,300.13981042654
457,0.3892105263157895,0.30000000000000004,150.0,12.746938775510198,735,318.9891156462588
458,0.3892105263157895,0.30000000000000004,210.0,9.54625984251968,1016,162.38090551181108
459,0.3892105263157895,0.30000000000000004,270.0,6.136612021857919,549,62.52641165755913
460,0.3892105263157895,0.5,30.0,6.341463414634147,369,109.5609756097561
461,0.3892105263157895,0.5,90.0,10.61538461538462,442,231.63348416289617
462,0.3892105263157895,0.5,150.0,10.886194029850746,536,240.93470149253744
463,0.3892105263157895,0.5,210.0,8.8868613138686,548,141.15328467153307
464,0.3892105263157895,0.5,270.0,5.737991266375546,229,56.78602620087337
465,0.3892105263157895,0.7000000000000001,30.0,3.543478260869565,46,41.28260869565217
466,0.3892105263157895,0.7000000000000001,90.0,5.540540540540541,37,65.00000000000001
467,0.3892105263157895,0.7000000000000001,150.0,4.5,16,30.5
468,0.3892105263157895,0.7000000000000001,210.0,7.8,5,91.4
469,0.3892105263157895,0.7000000000000001,270.0,0.0,0,0.0
470,0.3892105263157895,0.9,30.0,0.0,0,0.0
471,0.3892105263157895,0.9,90.0,0.0,0,0.0
472,0.3892105263157895,0.9,150.0,0.0,0,0.0
473,0.3892105263157895,0.9,210.0,0.0,0,0.0
474,0.3892105263157895,0.9,270.0,0.0,0,0.0
475,0.7,0.1,30.0,8.650959860383946,3438,234.32286212914445
476,0.7,0.1,90.0,11.81469933184855,4490,307.2195991091308
477,0.7,0.1,150.0,11.352182163187878,5270,258.3051233396579
478,0.7,0.1,210.0,9.521695052716936,4932,174.76175993511768
479,0.7,0.1,270.0,6.213148223764809,2449,66.70314414046553
480,0.7,0.30000000000000004,30.0,8.576492537313452,2144,215.00559701492568
481,0.7,0.30000000000000004,90.0,11.559527609320167,3133,265.3533354612185
482,0.7,0.30000000000000004,150.0,11.274364896073928,4330,243.8309468822168
483,0.7,0.30000000000000004,210.0,9.026710816777035,4530,146.7353200883002
484,0.7,0.30000000000000004,270.0,6.188617886178865,1845,67.34525745257443
485,0.7,0.5,30.0,4.896321070234105,2392,82.70568561872898
486,0.7,0.5,90.0,8.552518756698824,1866,177.70900321543408
487,0.7,0.5,150.0,9.045480713874518,1737,187.78929188255626
488,0.7,0.5,210.0,7.8376835236541655,1226,115.81810766721031
489,0.7,0.5,270.0,5.466165413533839,399,56.51378446115292
490,0.7,0.7000000000000001,30.0,0.0,0,0.0
491,0.7,0.7000000000000001,90.0,0.0,0,0.0
492,0.7,0.7000000000000001,150.0,0.0,0,0.0
493,0.7,0.7000000000000001,210.0,0.0,0,0.0
494,0.7,0.7000000000000001,270.0,0.0,0,0.0
495,0.7,0.9,30.0,0.0,0,0.0
496,0.7,0.9,90.0,0.0,0,0.0
497,0.7,0.9,150.0,0.0,0,0.0
498,0.7,0.9,210.0,0.0,0,0.0
499,0.7,0.9,270.0,0.0,0,0.0
