,voc_bin,elo_bin,rtmean,rtcount,rt_squaredmean
0,0.0007894736842105274,625.0,2.0075358805223673,1313317,6.949482112848622
1,0.0007894736842105274,1387.5,1.7715334738507773,1779613,5.358542559534003
2,0.0007894736842105274,1662.5,1.6429485746924901,1561663,4.726598504286788
3,0.0007894736842105274,2400.0,1.4881619183142092,1321160,4.15268703260771
4,0.022368421052631583,625.0,2.1787494468324553,291503,7.788324648459885
5,0.022368421052631583,1387.5,1.9157396421900952,425645,5.994518906600577
6,0.022368421052631583,1662.5,1.7719998350141264,387912,5.29559797067376
7,0.022368421052631583,2400.0,1.616653232212098,339922,4.6843923017633395
8,0.04394736842105264,625.0,2.2557435240094037,141986,8.376642767596815
9,0.04394736842105264,1387.5,1.993004445772776,214136,6.569722045802676
10,0.04394736842105264,1662.5,1.857357521175933,201644,5.815303207633227
11,0.04394736842105264,2400.0,1.7179032379802261,185486,5.208021090540532
12,0.0655263157894737,625.0,2.3317734162184847,71585,9.004735628972535
13,0.0655263157894737,1387.5,2.052831131292767,112093,6.967125511851757
14,0.0655263157894737,1662.5,1.9242804482317986,108783,6.267091365378786
15,0.0655263157894737,2400.0,1.7959023767375708,103377,5.743085986244519
16,0.08710526315789476,625.0,2.36637745680823,39533,9.28641894113775
17,0.08710526315789476,1387.5,2.095515094190911,63435,7.244218491369121
18,0.08710526315789476,1662.5,1.9816300170623953,62711,6.640079092982085
19,0.08710526315789476,2400.0,1.8597039816551988,62361,6.165279581789903
20,0.1086842105263158,625.0,2.415338602862634,23405,9.619013031403522
21,0.1086842105263158,1387.5,2.1476218771798328,38707,7.751879504999103
22,0.1086842105263158,1662.5,2.009701013730269,38965,6.82412421403825
23,0.1086842105263158,2400.0,1.9285892883932598,39994,6.701955293293993
24,0.13026315789473686,625.0,2.4402864090786274,14804,9.770062145366111
25,0.13026315789473686,1387.5,2.196027599409719,25073,8.049894308618821
26,0.13026315789473686,1662.5,2.0603695939125766,25758,7.237324326422848
27,0.13026315789473686,2400.0,1.9513225569434198,27220,6.738905216752378
28,0.1518421052631579,625.0,2.521954604024181,10089,10.53464168896821
29,0.1518421052631579,1387.5,2.2035352668611696,17481,7.97517304502033
30,0.1518421052631579,1662.5,2.1033451484271155,18056,7.608551174124952
31,0.1518421052631579,2400.0,2.016237113402063,19400,7.200773195876281
32,0.17342105263157898,625.0,2.5161334804191906,7252,10.672779922779924
33,0.17342105263157898,1387.5,2.237851037851038,12285,8.339926739926764
34,0.17342105263157898,1662.5,2.1374884721795224,13012,7.826852136489386
35,0.17342105263157898,2400.0,2.0467038790362455,14153,7.530205610118006
36,0.195,625.0,2.567120264803224,5438,10.753953659433602
37,0.195,1387.5,2.2535921080849266,9326,8.23836585888916
38,0.195,1662.5,2.1480225988700568,9735,7.715562403697999
39,0.195,2400.0,2.063126252505004,10978,7.757606121333555
40,0.2165789473684211,625.0,2.568856675239643,4277,11.013560907177911
41,0.2165789473684211,1387.5,2.2824035525950572,7206,8.679850124895914
42,0.2165789473684211,1662.5,2.194476706671836,7749,8.468318492708708
43,0.2165789473684211,2400.0,2.0858824887452405,8663,7.995151794990191
44,0.23815789473684212,625.0,2.6527321588533983,3349,11.970140340400127
45,0.23815789473684212,1387.5,2.347618234591084,5857,9.26003073245687
46,0.23815789473684212,1662.5,2.162445555734797,6199,7.724633005323443
47,0.23815789473684212,2400.0,2.0684248039914417,7015,7.69750534568783
48,0.25973684210526315,625.0,2.6679884643114664,2774,11.631218457101655
49,0.25973684210526315,1387.5,2.3216134598791953,4636,9.326790336496982
50,0.25973684210526315,1662.5,2.161418102594572,5049,7.9982174688057075
51,0.25973684210526315,2400.0,2.110102739726028,5840,8.012842465753431
52,0.28131578947368424,625.0,2.5631720430107516,2232,10.797043010752663
53,0.28131578947368424,1387.5,2.254841208365607,3873,8.301316808675447
54,0.28131578947368424,1662.5,2.2677339901477835,4060,8.683990147783271
55,0.28131578947368424,2400.0,2.1473261466920257,4731,8.365039103783596
56,0.3028947368421053,625.0,2.651081239041496,1711,12.036236119228503
57,0.3028947368421053,1387.5,2.3421137166720216,3113,9.226148409893996
58,0.3028947368421053,1662.5,2.2198757763975205,3220,8.315527950310576
59,0.3028947368421053,2400.0,2.1351215843569817,3989,7.963650037603401
60,0.32447368421052636,625.0,2.710445468509985,1302,12.15898617511519
61,0.32447368421052636,1387.5,2.3578859758635002,2403,9.489804411152736
62,0.32447368421052636,1662.5,2.298427311085553,2607,9.314921365554293
63,0.32447368421052636,2400.0,2.1929535726045377,3037,8.910108659861693
64,0.3460526315789474,625.0,2.6723163841807818,1062,12.483992467043297
65,0.3460526315789474,1387.5,2.341094295692663,1718,8.662398137369026
66,0.3460526315789474,1662.5,2.3047910295616707,1962,9.197757390417944
67,0.3460526315789474,2400.0,2.204244031830242,2262,8.312113174182121
68,0.3676315789473684,625.0,2.636601307189547,765,12.278431372549035
69,0.3676315789473684,1387.5,2.4473487677371204,1339,11.101568334578062
70,0.3676315789473684,1662.5,2.2935779816513744,1417,8.925899788285106
71,0.3676315789473684,2400.0,2.161479741632409,1703,8.33998825601876
72,0.3892105263157895,625.0,2.6075949367088556,553,11.29837251356238
73,0.3892105263157895,1387.5,2.463438735177862,1012,10.388339920948626
74,0.3892105263157895,1662.5,2.3255813953488347,1118,9.169946332737043
75,0.3892105263157895,2400.0,2.264976958525346,1302,9.420122887864835
76,0.7,625.0,2.602072141212584,2606,10.891404451266295
77,0.7,1387.5,2.3726003490401353,4584,9.392233856893554
78,0.7,1662.5,2.3697031729785007,4885,10.167451381780982
79,0.7,2400.0,2.3321829163071595,5795,10.332182916307124
