,voc_bin,rtmean,rtcount,rt_squaredmean
0,0.0007894736842105274,1.724527136652727,8468620,5.38155083118619
1,0.022368421052631583,1.8565634315071877,2019241,5.934216371398966
2,0.04394736842105264,1.9324307785554826,1029522,6.410557520868895
3,0.0655263157894737,1.9925429983284781,547405,6.800745334806958
4,0.08710526315789476,2.0440732662972514,315452,7.241428172907449
5,0.1086842105263158,2.0858943037160826,194425,7.59293300758648
6,0.13026315789473686,2.1183774575688408,127972,7.722400212546492
7,0.1518421052631579,2.165832705519882,88933,8.116222324671375
8,0.17342105263157898,2.1945759793370616,65044,8.317200664165771
9,0.195,2.224854361021716,49094,8.590805393734456
10,0.2165789473684211,2.2467977863805264,38489,8.688014757463169
11,0.23815789473684212,2.261899354336332,30821,8.908990623276324
12,0.25973684210526315,2.268797369370817,24937,8.947628022616996
13,0.28131578947368424,2.2808312958435204,20450,9.083765281173596
14,0.3028947368421053,2.281354286754444,16481,9.147199805837019
15,0.32447368421052636,2.2709636550795755,12629,8.712170401456973
16,0.3460526315789474,2.327942404006682,9584,9.167883973288822
17,0.3676315789473684,2.339403973509933,7248,9.319260485651219
18,0.3892105263157895,2.3393020281381376,5473,9.638406723917425
19,0.7,2.4218438538205986,24080,10.880066445182736
