,voc_bin,elo_bin,rtmean,rtcount,rt_squaredmean
0,0.0007894736842105274,625.0,19.50927276515941,9598,921.3006876432594
1,0.0007894736842105274,1387.5,21.2464876092663,34663,1123.3846753021962
2,0.0007894736842105274,1662.5,23.852535094644793,51931,1474.8324507519621
3,0.0007894736842105274,2400.0,25.073376102646378,29928,1753.626436781607
4,0.022368421052631583,625.0,22.280616740088078,2270,1092.5678414096933
5,0.022368421052631583,1387.5,25.430381204652754,8683,1541.3216630196955
6,0.022368421052631583,1662.5,28.648929710034906,13174,1861.128207074537
7,0.022368421052631583,2400.0,30.98399487836106,7810,2304.8743918053824
8,0.04394736842105264,625.0,24.38008298755189,1205,1446.1526970954344
9,0.04394736842105264,1387.5,26.365470375875983,4709,1569.7823317052491
10,0.04394736842105264,1662.5,31.18846050148285,7418,2277.9665678080387
11,0.04394736842105264,2400.0,33.46877129230072,4403,2629.517374517379
12,0.0655263157894737,625.0,25.48219584569736,674,1568.2922848664687
13,0.0655263157894737,1387.5,28.28789531079606,2751,2077.355143584151
14,0.0655263157894737,1662.5,31.867151956323866,4396,2305.8717015468646
15,0.0655263157894737,2400.0,33.63750475465951,2629,2552.0057055914785
16,0.08710526315789476,625.0,27.08706467661692,402,1440.5995024875622
17,0.08710526315789476,1387.5,29.28870292887027,1673,2137.018529587564
18,0.08710526315789476,1662.5,31.07219947897283,2687,2217.0506140677307
19,0.08710526315789476,2400.0,36.0483675937122,1654,3040.571946795647
20,0.1086842105263158,625.0,26.3807531380753,239,1424.1464435146438
21,0.1086842105263158,1387.5,28.86200378071835,1058,1986.540642722117
22,0.1086842105263158,1662.5,32.42111302352264,1743,2207.756741250718
23,0.1086842105263158,2400.0,37.33540925266915,1124,3094.9528469750912
24,0.13026315789473686,625.0,32.146341463414636,164,2140.7682926829284
25,0.13026315789473686,1387.5,27.799999999999976,685,1879.4671532846733
26,0.13026315789473686,1662.5,34.076372315035805,1257,2487.5115354017444
27,0.13026315789473686,2400.0,37.82814445828144,803,3628.2366127023656
28,0.1518421052631579,625.0,28.931818181818176,88,1700.2272727272727
29,0.1518421052631579,1387.5,29.551440329218096,486,1793.4609053497938
30,0.1518421052631579,1662.5,34.067328918322325,906,2553.488962472409
31,0.1518421052631579,2400.0,37.93220338983055,590,3709.7559322033894
32,0.17342105263157898,625.0,26.70930232558139,86,1365.9418604651162
33,0.17342105263157898,1387.5,31.104325699745555,393,2178.966921119592
34,0.17342105263157898,1662.5,34.6421207658321,679,2612.8365243004464
35,0.17342105263157898,2400.0,40.899280575539585,417,5083.374100719421
36,0.195,625.0,24.549295774647888,71,1160.4929577464784
37,0.195,1387.5,28.603571428571424,280,1752.310714285716
38,0.195,1662.5,37.00552486187844,543,2930.593001841623
39,0.195,2400.0,36.26744186046513,344,2896.401162790699
40,0.2165789473684211,625.0,29.499999999999982,50,1938.8999999999992
41,0.2165789473684211,1387.5,29.253218884120177,233,1779.321888412017
42,0.2165789473684211,1662.5,37.435835351089565,413,3304.234866828085
43,0.2165789473684211,2400.0,40.07092198581561,282,3709.929078014184
44,0.23815789473684212,625.0,29.95999999999999,50,1616.6799999999996
45,0.23815789473684212,1387.5,28.888235294117656,170,1794.1470588235284
46,0.23815789473684212,1662.5,38.68965517241386,348,3261.6091954023004
47,0.23815789473684212,2400.0,44.12206572769955,213,5124.572769953053
48,0.25973684210526315,625.0,27.35,40,1087.55
49,0.25973684210526315,1387.5,36.51094890510953,137,3667.8394160583935
50,0.25973684210526315,1662.5,35.253424657534296,292,2482.273972602739
51,0.25973684210526315,2400.0,38.43646408839783,181,3026.0497237569084
52,0.28131578947368424,625.0,25.592592592592585,27,1402.3333333333333
53,0.28131578947368424,1387.5,26.89622641509434,106,1747.9150943396232
54,0.28131578947368424,1662.5,32.418181818181836,220,1999.2909090909084
55,0.28131578947368424,2400.0,39.54545454545455,154,3351.402597402599
56,0.3028947368421053,625.0,22.10526315789474,19,1352.1052631578946
57,0.3028947368421053,1387.5,30.876288659793822,97,1755.536082474226
58,0.3028947368421053,1662.5,36.22395833333331,192,2760.6822916666656
59,0.3028947368421053,2400.0,42.122448979591844,147,4549.8639455782295
60,0.32447368421052636,625.0,34.47368421052631,19,2192.5789473684213
61,0.32447368421052636,1387.5,33.243589743589745,78,2207.910256410256
62,0.32447368421052636,1662.5,37.61971830985914,142,3238.0
63,0.32447368421052636,2400.0,38.49242424242427,132,3059.886363636365
64,0.3460526315789474,625.0,30.615384615384617,13,1571.3846153846152
65,0.3460526315789474,1387.5,38.27450980392156,51,2565.3725490196075
66,0.3460526315789474,1662.5,34.12068965517242,116,2563.3965517241368
67,0.3460526315789474,2400.0,34.86666666666666,75,3135.0533333333346
68,0.3676315789473684,625.0,35.300000000000004,10,1738.1
69,0.3676315789473684,1387.5,30.688888888888886,45,2028.733333333333
70,0.3676315789473684,1662.5,34.63855421686744,83,2183.0000000000005
71,0.3676315789473684,2400.0,48.03508771929822,57,4454.77192982456
72,0.3892105263157895,625.0,21.33333333333334,9,661.7777777777777
73,0.3892105263157895,1387.5,35.4375,32,2052.312499999999
74,0.3892105263157895,1662.5,44.35483870967742,62,4303.580645161292
75,0.3892105263157895,2400.0,32.705882352941174,51,2051.9215686274497
76,0.7,625.0,23.9090909090909,44,1218.1818181818182
77,0.7,1387.5,33.526315789473664,152,2549.223684210526
78,0.7,1662.5,39.79629629629629,270,3866.307407407409
79,0.7,2400.0,34.44607843137255,204,2827.749999999999
