,voc_bin,rtmean,rtcount,rt_squaredmean
0,0.0007894736842105274,23.196631248025575,129781,1807.7515815103902
1,0.022368421052631583,27.901837349397614,33200,2502.882018072284
2,0.04394736842105264,29.615667141760756,18242,2588.7083104922635
3,0.0655263157894737,31.599266434684438,10633,2681.530988432234
4,0.08710526315789476,32.52120640904803,6366,2789.9506754633994
5,0.1086842105263158,33.458158479387805,4051,3153.180202419151
6,0.13026315789473686,34.66893099749737,2797,3139.6342509831984
7,0.1518421052631579,37.44331983805678,1976,3740.3967611336057
8,0.17342105263157898,36.209115281501305,1492,3664.600536193024
9,0.195,35.63784246575343,1168,3756.9032534246567
10,0.2165789473684211,35.856236786469374,946,3611.7505285412244
11,0.23815789473684212,36.77337110481595,706,3266.0198300283255
12,0.25973684210526315,36.294392523364536,642,3836.658878504672
13,0.28131578947368424,41.260775862068975,464,3770.9159482758632
14,0.3028947368421053,32.375870069605575,431,2360.1577726218106
15,0.32447368421052636,38.187500000000014,336,3647.6517857142844
16,0.3460526315789474,41.97142857142858,245,5405.636734693882
17,0.3676315789473684,32.23428571428571,175,2295.9371428571435
18,0.3892105263157895,38.000000000000014,130,3287.1846153846163
19,0.7,33.82954545454544,616,2765.1022727272743
