,voc_bin,rtmean,rtcount,rt_squaredmean
0,0.0007894736842105274,1.7367146941221228,7862239,5.61985256362722
1,0.022368421052631583,1.8724427321804842,1875879,5.970482104656016
2,0.04394736842105264,1.9495028223829067,958410,6.589491971077087
3,0.0655263157894737,2.0110038198471707,511277,6.9119987795265425
4,0.08710526315789476,2.0590680413493176,293983,7.247871475561502
5,0.1086842105263158,2.1057342224628677,181001,7.62835564444394
6,0.13026315789473686,2.1386844852787674,119725,7.852979745249516
7,0.1518421052631579,2.1849477853799053,83310,8.179402232625087
8,0.17342105263157898,2.1944926817166928,60465,8.579608037707796
9,0.195,2.2250464836486836,45715,8.601509351416382
10,0.2165789473684211,2.261027790030872,36272,8.814843405381545
11,0.23815789473684212,2.2586373021335127,29060,8.83909153475569
12,0.25973684210526315,2.27600136065991,23518,8.838294072625201
13,0.28131578947368424,2.2959004543577004,19368,9.247160264353592
14,0.3028947368421053,2.3045409996733186,15305,9.144527932048357
15,0.32447368421052636,2.3083105476841452,12069,9.43069019802802
16,0.3460526315789474,2.303778117492902,9158,9.126228434155916
17,0.3676315789473684,2.3527336860670154,6804,9.582010582010572
18,0.3892105263157895,2.3768864177919005,5036,9.982128673550408
19,0.7,2.4132360604481526,23028,10.566354003821449
