,voc_bin,elo_bin,rtmean,rtcount,rt_squaredmean
0,0.0007894736842105274,625.0,13.282084460651705,8501,487.84742971415153
1,0.0007894736842105274,1387.5,14.308494833107714,30289,632.0692000396177
2,0.0007894736842105274,1662.5,15.384144568973861,61922,638.5519363069666
3,0.0007894736842105274,2400.0,16.06430180436421,43949,713.8629775421491
4,0.022368421052631583,625.0,16.077928607340393,1989,577.5439919557568
5,0.022368421052631583,1387.5,16.817039654495414,7641,700.6550189765737
6,0.022368421052631583,1662.5,18.564311707868004,15938,807.4916551637598
7,0.022368421052631583,2400.0,20.10967574128665,11534,959.5757759667074
8,0.04394736842105264,625.0,16.798845043310873,1039,618.9220404234843
9,0.04394736842105264,1387.5,18.071719836891354,4169,777.762293115855
10,0.04394736842105264,1662.5,19.97455209403174,8763,896.6583361862353
11,0.04394736842105264,2400.0,22.055893832943013,6405,1159.8963309914127
12,0.0655263157894737,625.0,17.31781701444621,623,630.345104333869
13,0.0655263157894737,1387.5,18.473002159827214,2315,753.3490280777534
14,0.0655263157894737,1662.5,20.28177434908388,5185,905.640694310512
15,0.0655263157894737,2400.0,22.546271813855103,3782,1181.9344262295083
16,0.08710526315789476,625.0,18.32580645161289,310,785.1129032258066
17,0.08710526315789476,1387.5,19.2013274336283,1356,809.730825958703
18,0.08710526315789476,1662.5,20.907990314770025,3304,1038.733050847458
19,0.08710526315789476,2400.0,22.17398869073507,2299,1063.4797738147008
20,0.1086842105263158,625.0,19.373563218390792,174,863.9712643678158
21,0.1086842105263158,1387.5,20.515393386545085,877,889.179019384266
22,0.1086842105263158,1662.5,22.182122370936888,2092,1111.6247609942657
23,0.1086842105263158,2400.0,23.384164222873917,1705,1230.5161290322578
24,0.13026315789473686,625.0,15.15748031496063,127,457.7559055118112
25,0.13026315789473686,1387.5,21.287671232876754,584,949.9726027397261
26,0.13026315789473686,1662.5,22.27162977867201,1491,1208.6592890677393
27,0.13026315789473686,2400.0,24.11206077872746,1053,1503.9829059829067
28,0.1518421052631579,625.0,16.47252747252747,91,491.48351648351655
29,0.1518421052631579,1387.5,20.57177033492821,418,844.992822966507
30,0.1518421052631579,1662.5,23.663254861821937,977,1208.076765609006
31,0.1518421052631579,2400.0,27.41421568627452,816,1775.4681372549032
32,0.17342105263157898,625.0,19.859154929577464,71,812.4507042253522
33,0.17342105263157898,1387.5,20.746081504702204,319,891.4670846394988
34,0.17342105263157898,1662.5,22.45618915159945,719,1085.2823365785807
35,0.17342105263157898,2400.0,24.5177065767285,593,1404.8752107925793
36,0.195,625.0,15.982142857142856,56,425.4464285714285
37,0.195,1387.5,23.562790697674423,215,3002.2232558139526
38,0.195,1662.5,24.528846153846178,624,1315.3012820512843
39,0.195,2400.0,25.215351812366716,469,1448.571428571427
40,0.2165789473684211,625.0,19.588235294117645,51,895.9411764705886
41,0.2165789473684211,1387.5,19.925287356321842,174,1570.741379310345
42,0.2165789473684211,1662.5,22.57641921397381,458,1040.8384279475995
43,0.2165789473684211,2400.0,24.620218579234972,366,1264.6038251366112
44,0.23815789473684212,625.0,14.730769230769226,26,333.1153846153846
45,0.23815789473684212,1387.5,24.57861635220127,159,1329.1446540880493
46,0.23815789473684212,1662.5,22.904109589041084,365,1142.9917808219177
47,0.23815789473684212,2400.0,27.170270270270283,370,1643.7972972972987
48,0.25973684210526315,625.0,24.25806451612903,31,1162.3225806451615
49,0.25973684210526315,1387.5,23.009174311926614,109,1103.0825688073405
50,0.25973684210526315,1662.5,23.194357366771165,319,1268.8056426332266
51,0.25973684210526315,2400.0,27.129166666666688,240,1458.304166666666
52,0.28131578947368424,625.0,14.363636363636362,22,297.36363636363626
53,0.28131578947368424,1387.5,24.99000000000001,100,1730.7500000000014
54,0.28131578947368424,1662.5,24.844000000000005,250,1223.1240000000003
55,0.28131578947368424,2400.0,22.863070539419112,241,1026.7634854771782
56,0.3028947368421053,625.0,29.11764705882353,17,1845.5882352941173
57,0.3028947368421053,1387.5,24.227272727272727,88,962.7045454545457
58,0.3028947368421053,1662.5,24.208530805687197,211,1268.9668246445494
59,0.3028947368421053,2400.0,26.33526011560694,173,1633.5722543352606
60,0.32447368421052636,625.0,22.230769230769234,13,906.3846153846155
61,0.32447368421052636,1387.5,13.809523809523796,63,1152.7936507936506
62,0.32447368421052636,1662.5,29.438356164383567,146,1643.3424657534242
63,0.32447368421052636,2400.0,27.390728476821188,151,1850.5033112582767
64,0.3460526315789474,625.0,25.41666666666666,12,1081.4166666666665
65,0.3460526315789474,1387.5,28.12121212121213,66,1660.8787878787878
66,0.3460526315789474,1662.5,22.383333333333344,120,1023.1333333333339
67,0.3460526315789474,2400.0,26.12727272727272,110,1793.472727272727
68,0.3676315789473684,625.0,13.75,4,260.25
69,0.3676315789473684,1387.5,21.21428571428571,28,926.9999999999999
70,0.3676315789473684,1662.5,26.571428571428566,91,1429.714285714286
71,0.3676315789473684,2400.0,22.121951219512198,82,930.90243902439
72,0.3892105263157895,625.0,15.400000000000002,5,301.40000000000003
73,0.3892105263157895,1387.5,14.124999999999998,16,294.49999999999994
74,0.3892105263157895,1662.5,25.541666666666657,72,1187.486111111111
75,0.3892105263157895,2400.0,28.055555555555536,72,2503.083333333331
76,0.7,625.0,19.764705882352935,34,542.3529411764704
77,0.7,1387.5,19.04166666666667,120,748.9583333333339
78,0.7,1662.5,26.202985074626877,335,1560.6626865671656
79,0.7,2400.0,26.066901408450708,284,1634.433098591551
