,voc_bin,elo_bin,rtmean,rtcount,rt_squaredmean
0,0.0007894736842105274,625.0,19.834269662921365,6764,1347.5980189237162
1,0.0007894736842105274,1387.5,20.893021192191277,38316,1527.622429272364
2,0.0007894736842105274,1662.5,23.851863503154124,60397,1862.5861052701307
3,0.0007894736842105274,2400.0,26.135821263989467,24304,2241.1809167215274
4,0.022368421052631583,625.0,24.483750000000025,1600,3224.1462500000007
5,0.022368421052631583,1387.5,24.690139358108123,9472,1996.003061655404
6,0.022368421052631583,1662.5,28.41100998609533,15822,2555.2858677790427
7,0.022368421052631583,2400.0,32.31573104979391,6306,2949.758166825244
8,0.04394736842105264,625.0,24.97249999999999,800,1653.2975000000006
9,0.04394736842105264,1387.5,25.69480394050612,5177,2160.032837550701
10,0.04394736842105264,1662.5,30.046650852818257,8853,2487.3605557438136
11,0.04394736842105264,2400.0,35.535169988276785,3412,3721.4202813599095
12,0.0655263157894737,625.0,24.587557603686626,434,1606.0345622119805
13,0.0655263157894737,1387.5,26.96734006734001,2970,1851.1175084175045
14,0.0655263157894737,1662.5,32.166011787819265,5090,2698.523968565809
15,0.0655263157894737,2400.0,38.1047218326322,2139,4012.3394109396922
16,0.08710526315789476,625.0,25.115999999999985,250,1203.644
17,0.08710526315789476,1387.5,26.41866964784803,1789,1830.8300726662956
18,0.08710526315789476,1662.5,34.457095709570915,3030,3156.826732673269
19,0.08710526315789476,2400.0,37.84348496530456,1297,3561.584425597532
20,0.1086842105263158,625.0,23.193548387096783,155,1225.5290322580654
21,0.1086842105263158,1387.5,26.21061946902658,1130,2161.8318584070885
22,0.1086842105263158,1662.5,34.70956072351435,1935,2982.9741602067197
23,0.1086842105263158,2400.0,42.31407942238275,831,5257.101083032491
24,0.13026315789473686,625.0,26.180180180180184,111,1658.0720720720722
25,0.13026315789473686,1387.5,30.039525691699616,759,2331.9710144927535
26,0.13026315789473686,1662.5,34.37545922116094,1361,2891.912564290962
27,0.13026315789473686,2400.0,43.24734982332156,566,5108.925795053003
28,0.1518421052631579,625.0,27.830769230769217,65,2049.523076923076
29,0.1518421052631579,1387.5,28.465250965250963,518,1974.874517374516
30,0.1518421052631579,1662.5,40.33298097251578,946,4500.965116279065
31,0.1518421052631579,2400.0,43.12975391498884,447,4422.610738255028
32,0.17342105263157898,625.0,26.69387755102041,49,1405.1836734693863
33,0.17342105263157898,1387.5,32.20460358056265,391,2642.4194373401524
34,0.17342105263157898,1662.5,37.833570412517716,703,4460.408250355615
35,0.17342105263157898,2400.0,38.75931232091688,349,3524.0028653295103
36,0.195,625.0,27.828571428571422,35,1611.4857142857145
37,0.195,1387.5,33.88704318936882,301,2793.0299003322266
38,0.195,1662.5,34.51118760757321,581,4258.752151462997
39,0.195,2400.0,41.434262948207184,251,4050.294820717132
40,0.2165789473684211,625.0,30.064516129032256,31,1756.3225806451615
41,0.2165789473684211,1387.5,31.96624472573843,237,4604.666666666668
42,0.2165789473684211,1662.5,34.86577181208053,447,2848.337807606266
43,0.2165789473684211,2400.0,42.541125541125574,231,4319.294372294378
44,0.23815789473684212,625.0,28.540540540540544,37,2038.324324324324
45,0.23815789473684212,1387.5,28.781609195402293,174,1705.471264367817
46,0.23815789473684212,1662.5,37.39939024390244,328,3155.8445121951218
47,0.23815789473684212,2400.0,45.694610778443156,167,5380.377245508978
48,0.25973684210526315,625.0,30.800000000000008,20,2371.7
49,0.25973684210526315,1387.5,27.668711656441694,163,1803.0552147239266
50,0.25973684210526315,1662.5,37.52159468438535,301,4485.242524916945
51,0.25973684210526315,2400.0,43.55063291139244,158,4884.462025316456
52,0.28131578947368424,625.0,25.16666666666666,12,893.3333333333334
53,0.28131578947368424,1387.5,34.10948905109492,137,2270.927007299269
54,0.28131578947368424,1662.5,41.01382488479265,217,3843.7511520737326
55,0.28131578947368424,2400.0,53.77551020408164,98,6058.91836734694
56,0.3028947368421053,625.0,30.500000000000004,14,2104.5
57,0.3028947368421053,1387.5,29.194444444444446,108,2182.76851851852
58,0.3028947368421053,1662.5,29.500000000000004,206,1701.5194174757269
59,0.3028947368421053,2400.0,41.71844660194176,103,3898.1844660194192
60,0.32447368421052636,625.0,9.625,8,138.375
61,0.32447368421052636,1387.5,34.063291139240484,79,2832.2151898734164
62,0.32447368421052636,1662.5,38.83536585365854,164,3784.3963414634145
63,0.32447368421052636,2400.0,43.458823529411774,85,4471.9764705882335
64,0.3460526315789474,625.0,19.11111111111111,9,715.9999999999999
65,0.3460526315789474,1387.5,32.21052631578945,57,3173.8245614035072
66,0.3460526315789474,1662.5,38.612903225806484,124,3808.4354838709687
67,0.3460526315789474,2400.0,63.4,55,12086.963636363635
68,0.3676315789473684,625.0,47.800000000000004,5,4779.0
69,0.3676315789473684,1387.5,28.510204081632647,49,1689.2857142857138
70,0.3676315789473684,1662.5,32.833333333333314,84,2356.6666666666656
71,0.3676315789473684,2400.0,33.7027027027027,37,2625.9189189189196
72,0.3892105263157895,625.0,15.5,4,285.0
73,0.3892105263157895,1387.5,39.2972972972973,37,2939.2432432432443
74,0.3892105263157895,1662.5,38.12727272727272,55,2789.5818181818195
75,0.3892105263157895,2400.0,39.029411764705905,34,4823.9705882352955
76,0.7,625.0,17.588235294117645,17,523.0
77,0.7,1387.5,28.32704402515723,159,1749.8364779874212
78,0.7,1662.5,34.70890410958906,292,2955.907534246578
79,0.7,2400.0,39.871621621621635,148,3736.9121621621634
