,voc_bin,rtmean,rtcount,rt_squaredmean
0,0.0007894736842105274,6.215356798898211,3005965,90.59825347267856
1,0.022368421052631583,7.305334660733975,738285,122.97108162836841
2,0.04394736842105264,7.792660817296027,412580,128.54598865674575
3,0.0655263157894737,8.168421272769107,239085,139.3078152121629
4,0.08710526315789476,8.46808726260534,148013,150.0757163222153
5,0.1086842105263158,8.742553476073388,97193,160.22654923708458
6,0.13026315789473686,8.909997783196614,67665,165.11021946353392
7,0.1518421052631579,9.203237116764516,49056,179.24677919112852
8,0.17342105263157898,9.246950223287218,36724,177.48161964927644
9,0.195,9.44937480408203,28711,184.3989760022294
10,0.2165789473684211,9.307645446238178,22981,179.8506157260349
11,0.23815789473684212,9.492682405725871,18722,185.99519282127966
12,0.25973684210526315,9.527503793626694,15816,189.49917804754656
13,0.28131578947368424,9.605324074074092,12960,189.19452160493805
14,0.3028947368421053,9.579717117290489,10393,192.06677571442287
15,0.32447368421052636,9.399251026818044,8278,180.88439236530598
16,0.3460526315789474,9.637313905606586,6314,193.4548622109596
17,0.3676315789473684,9.475588865096354,4670,182.10428265524644
18,0.3892105263157895,9.814241486068084,3553,199.42414860680998
19,0.7,9.601803155522155,15972,196.35775106436273
