,voc_bin,U_bin,clock_bin,rtmean,rtcount,rt_squaredmean
0,0.0007894736842105274,0.1,30.0,5.02257158309048,133132,207.21773127422404
1,0.0007894736842105274,0.1,90.0,8.109278119125765,106929,303.3426572772574
2,0.0007894736842105274,0.1,150.0,8.980766208868916,127276,306.53452339796974
3,0.0007894736842105274,0.1,210.0,9.423379978192028,154072,304.5794239057071
4,0.0007894736842105274,0.1,270.0,9.622760036175185,184657,288.17200539378416
5,0.0007894736842105274,0.1,330.0,9.661502074152114,216474,260.8611750140899
6,0.0007894736842105274,0.1,390.0,9.283172788100973,241365,222.32050628715865
7,0.0007894736842105274,0.1,450.0,8.490455730083813,241349,165.63815470542747
8,0.0007894736842105274,0.1,510.0,7.162618292253036,184395,109.90889666205673
9,0.0007894736842105274,0.1,570.0,5.069210516824773,55454,58.08587297579976
10,0.0007894736842105274,0.30000000000000004,30.0,6.114375705152304,42544,213.28238999623926
11,0.0007894736842105274,0.30000000000000004,90.0,10.74720049087284,39114,391.83591552896655
12,0.0007894736842105274,0.30000000000000004,150.0,12.172229930624383,50450,456.88227948463845
13,0.0007894736842105274,0.30000000000000004,210.0,12.754742261833055,66424,466.05580814163585
14,0.0007894736842105274,0.30000000000000004,270.0,13.034624530003624,85373,462.95546601384507
15,0.0007894736842105274,0.30000000000000004,330.0,13.12623682338486,108241,437.14321744994913
16,0.0007894736842105274,0.30000000000000004,390.0,12.48620544053132,139729,370.4861338734259
17,0.0007894736842105274,0.30000000000000004,450.0,11.208714891524798,178981,277.26624055067265
18,0.0007894736842105274,0.30000000000000004,510.0,9.036702038380444,214484,166.98351392178427
19,0.0007894736842105274,0.30000000000000004,570.0,5.619502366725093,144926,62.26183017539995
20,0.0007894736842105274,0.5,30.0,4.476765250265835,101572,148.39459693616305
21,0.0007894736842105274,0.5,90.0,8.88114405317754,86954,325.63317386204164
22,0.0007894736842105274,0.5,150.0,10.826553994604911,103427,404.17703307647065
23,0.0007894736842105274,0.5,210.0,12.054246266466922,129502,456.932765517134
24,0.0007894736842105274,0.5,270.0,11.351664352187731,192988,425.0720096586317
25,0.0007894736842105274,0.5,330.0,14.131107270955363,199066,531.1389941024586
26,0.0007894736842105274,0.5,390.0,14.347072372849878,274813,497.4097368028449
27,0.0007894736842105274,0.5,450.0,13.680686453790932,419431,415.73938502399676
28,0.0007894736842105274,0.5,510.0,11.512971306376484,791709,269.3373764855528
29,0.0007894736842105274,0.5,570.0,5.110148798077006,2914621,56.167461567044256
30,0.0007894736842105274,0.7000000000000001,30.0,5.508842733021446,38902,138.52899593851242
31,0.0007894736842105274,0.7000000000000001,90.0,10.450868712008793,41786,346.60805054324453
32,0.0007894736842105274,0.7000000000000001,150.0,12.066239123777263,55511,424.56012321882065
33,0.0007894736842105274,0.7000000000000001,210.0,13.158830297980407,75609,480.28189765768695
34,0.0007894736842105274,0.7000000000000001,270.0,13.54480524706262,99408,472.68260099790785
35,0.0007894736842105274,0.7000000000000001,330.0,14.063618620161032,126551,472.23321032627194
36,0.0007894736842105274,0.7000000000000001,390.0,13.574160173262083,169916,416.97313378375253
37,0.0007894736842105274,0.7000000000000001,450.0,12.334861638513301,227267,320.688516150607
38,0.0007894736842105274,0.7000000000000001,510.0,10.046093901032611,300018,198.228182975688
39,0.0007894736842105274,0.7000000000000001,570.0,6.26815139372889,264291,72.95972999458918
40,0.0007894736842105274,0.9,30.0,3.3462124450582666,182466,61.703374875319355
41,0.0007894736842105274,0.9,90.0,7.20886807463111,133242,175.41600996682706
42,0.0007894736842105274,0.9,150.0,8.690885149023648,155680,228.18331834532364
43,0.0007894736842105274,0.9,210.0,9.55757553219184,188231,264.2440193166912
44,0.0007894736842105274,0.9,270.0,10.114294568908264,222644,278.35750794990975
45,0.0007894736842105274,0.9,330.0,10.249474747552384,260351,265.95857515431146
46,0.0007894736842105274,0.9,390.0,9.956829215030814,297655,235.43013891921902
47,0.0007894736842105274,0.9,450.0,9.15139795265519,312600,183.41545425463866
48,0.0007894736842105274,0.9,510.0,7.746576993891926,273736,121.52464052956135
49,0.0007894736842105274,0.9,570.0,5.352554475159001,116521,53.50844053861539
50,0.022368421052631583,0.1,30.0,7.5627654554034915,25428,350.79030989460495
51,0.022368421052631583,0.1,90.0,12.403549582148718,23214,478.4631687774617
52,0.022368421052631583,0.1,150.0,13.685526315789492,29640,549.3351889338729
53,0.022368421052631583,0.1,210.0,13.931693071098158,38693,517.3894761326318
54,0.022368421052631583,0.1,270.0,13.98267257555799,50094,487.43502215834275
55,0.022368421052631583,0.1,330.0,13.40354223433243,62390,413.52022760057713
56,0.022368421052631583,0.1,390.0,12.399127761868497,76126,332.8807766072038
57,0.022368421052631583,0.1,450.0,10.772480896217866,82837,237.09489720776924
58,0.022368421052631583,0.1,510.0,8.56308886548255,69307,141.49084508058368
59,0.022368421052631583,0.1,570.0,5.7931618304096455,21263,65.19014250105809
60,0.022368421052631583,0.30000000000000004,30.0,6.924840764331218,9420,213.04819532908655
61,0.022368421052631583,0.30000000000000004,90.0,12.488361211837654,8549,477.7280383670605
62,0.022368421052631583,0.30000000000000004,150.0,14.284550662370206,11172,566.4123702112423
63,0.022368421052631583,0.30000000000000004,210.0,15.29625871050677,14781,593.3290034503755
64,0.022368421052631583,0.30000000000000004,270.0,15.3669814728802,19377,576.536925220623
65,0.022368421052631583,0.30000000000000004,330.0,15.809769691008949,24402,557.5329071387581
66,0.022368421052631583,0.30000000000000004,390.0,14.991584590450053,32084,470.88124922079555
67,0.022368421052631583,0.30000000000000004,450.0,13.602479475713887,42267,360.3839401897468
68,0.022368421052631583,0.30000000000000004,510.0,10.71717945910437,54798,211.56797693346468
69,0.022368421052631583,0.30000000000000004,570.0,6.309683393597334,45356,71.23890995678636
70,0.022368421052631583,0.5,30.0,6.102269933622883,12203,195.06645906744242
71,0.022368421052631583,0.5,90.0,12.475985319929782,12534,559.6606031594062
72,0.022368421052631583,0.5,150.0,14.977912254160351,16525,631.0310438729173
73,0.022368421052631583,0.5,210.0,16.495772350744637,23299,721.325421691918
74,0.022368421052631583,0.5,270.0,14.632182119892144,38568,598.9128292885304
75,0.022368421052631583,0.5,330.0,18.718799100776,41369,781.2382702023276
76,0.022368421052631583,0.5,390.0,18.337133418619334,61753,702.0285492202808
77,0.022368421052631583,0.5,450.0,16.670700321462242,102967,544.2562180115978
78,0.022368421052631583,0.5,510.0,13.218249850044309,210062,318.5151812322074
79,0.022368421052631583,0.5,570.0,5.9050468416554835,623697,69.06114347191068
80,0.022368421052631583,0.7000000000000001,30.0,5.909437663469911,9176,156.77778988666037
81,0.022368421052631583,0.7000000000000001,90.0,11.515110321028935,9563,382.70239464603213
82,0.022368421052631583,0.7000000000000001,150.0,13.516737206617991,12995,454.0634090034627
83,0.022368421052631583,0.7000000000000001,210.0,14.934065934065925,16835,533.2791802791811
84,0.022368421052631583,0.7000000000000001,270.0,15.458888785308107,21454,550.1534911904541
85,0.022368421052631583,0.7000000000000001,330.0,15.815426795832579,27355,535.632279290805
86,0.022368421052631583,0.7000000000000001,390.0,15.154830454254624,34386,470.56511370906753
87,0.022368421052631583,0.7000000000000001,450.0,13.64528786800981,43579,356.8142912870868
88,0.022368421052631583,0.7000000000000001,510.0,10.95373119653919,50855,215.73532592665399
89,0.022368421052631583,0.7000000000000001,570.0,6.843254634861481,32741,82.14083259521693
90,0.022368421052631583,0.9,30.0,4.85679320939437,19203,116.21220642607905
91,0.022368421052631583,0.9,90.0,10.119946467406455,17933,282.95516645290724
92,0.022368421052631583,0.9,150.0,12.401781446882497,23015,382.7154898978915
93,0.022368421052631583,0.9,210.0,13.43784129980447,29666,422.08679970336436
94,0.022368421052631583,0.9,270.0,14.0355464705726,37669,437.7864822533111
95,0.022368421052631583,0.9,330.0,13.832527284399719,46730,402.0728011983731
96,0.022368421052631583,0.9,390.0,12.78203702723215,56661,329.2697093238734
97,0.022368421052631583,0.9,450.0,11.28608722112784,62439,243.98520155671966
98,0.022368421052631583,0.9,510.0,8.883870602446029,52984,143.85740978408617
99,0.022368421052631583,0.9,570.0,5.929716899206859,17273,60.79025068025237
100,0.04394736842105264,0.1,30.0,7.546094535702316,14915,326.7946362722098
101,0.04394736842105264,0.1,90.0,13.265585098392636,13314,598.4536578038167
102,0.04394736842105264,0.1,150.0,14.369888700701658,16532,586.7274981853355
103,0.04394736842105264,0.1,210.0,14.679658896046712,21577,574.9064744867213
104,0.04394736842105264,0.1,270.0,14.790493873004088,26930,536.5942072038611
105,0.04394736842105264,0.1,330.0,14.366675433213508,34221,471.7417959732337
106,0.04394736842105264,0.1,390.0,13.370609667233413,41170,384.17269856691723
107,0.04394736842105264,0.1,450.0,11.546736166094826,45468,274.8012448315294
108,0.04394736842105264,0.1,510.0,9.074980969297114,39410,158.2732555189041
109,0.04394736842105264,0.1,570.0,5.87096270869088,12818,62.48119831486964
110,0.04394736842105264,0.30000000000000004,30.0,7.943322706340794,5646,336.469004605031
111,0.04394736842105264,0.30000000000000004,90.0,14.018429913166742,5643,569.6753499911395
112,0.04394736842105264,0.30000000000000004,150.0,16.203341483292593,7362,663.747487095898
113,0.04394736842105264,0.30000000000000004,210.0,16.618066561014277,10096,656.5671553090317
114,0.04394736842105264,0.30000000000000004,270.0,16.86312933373535,13268,649.7232438950887
115,0.04394736842105264,0.30000000000000004,330.0,17.03106965899158,17155,613.079685222968
116,0.04394736842105264,0.30000000000000004,390.0,16.30168498790382,23561,539.0707525147494
117,0.04394736842105264,0.30000000000000004,450.0,14.314817650120947,32657,394.7382490737053
118,0.04394736842105264,0.30000000000000004,510.0,11.205507020994384,43726,228.060010062663
119,0.04394736842105264,0.30000000000000004,570.0,6.546347948490701,38362,77.30803920546361
120,0.04394736842105264,0.5,30.0,7.473702362476282,5799,277.5764787032249
121,0.04394736842105264,0.5,90.0,14.327110013886776,6481,606.9378182379268
122,0.04394736842105264,0.5,150.0,16.565959357808463,8907,714.1298978331649
123,0.04394736842105264,0.5,210.0,18.30707258501821,12909,826.6191029514301
124,0.04394736842105264,0.5,270.0,16.952426260704076,19969,708.5827532675646
125,0.04394736842105264,0.5,330.0,19.73161610219349,23798,821.0466005546685
126,0.04394736842105264,0.5,390.0,18.92756307709588,35631,719.1461367909969
127,0.04394736842105264,0.5,450.0,16.68959305517435,58288,528.8683605544908
128,0.04394736842105264,0.5,510.0,13.171049790154656,106507,311.3479020158302
129,0.04394736842105264,0.5,570.0,6.3325990772954155,211552,76.41239978823202
130,0.04394736842105264,0.7000000000000001,30.0,6.135787249031345,5678,142.4510390982734
131,0.04394736842105264,0.7000000000000001,90.0,12.847702549115112,6159,469.7900633219668
132,0.04394736842105264,0.7000000000000001,150.0,14.688268413190862,8703,510.21142134896013
133,0.04394736842105264,0.7000000000000001,210.0,15.676969696969708,11550,544.5595670995671
134,0.04394736842105264,0.7000000000000001,270.0,16.519282271023,14936,616.0478039635774
135,0.04394736842105264,0.7000000000000001,330.0,16.593766480329016,18962,576.4057061491393
136,0.04394736842105264,0.7000000000000001,390.0,15.547162090272927,24437,473.58374595899573
137,0.04394736842105264,0.7000000000000001,450.0,13.766526442307672,29952,359.9589009081199
138,0.04394736842105264,0.7000000000000001,510.0,10.97340939008343,34185,217.52868217054296
139,0.04394736842105264,0.7000000000000001,570.0,6.832508871921708,18598,79.0764060651682
140,0.04394736842105264,0.9,30.0,4.3771067415730105,11392,86.34181882022479
141,0.04394736842105264,0.9,90.0,9.914254742547433,9225,305.0730623306236
142,0.04394736842105264,0.9,150.0,12.039655784244095,11272,382.496717530162
143,0.04394736842105264,0.9,210.0,13.039563244469667,14104,406.5510493477013
144,0.04394736842105264,0.9,270.0,13.4752562743019,16974,408.7854954636501
145,0.04394736842105264,0.9,330.0,13.519289974985552,20788,393.85217433134386
146,0.04394736842105264,0.9,390.0,12.734843975852408,23522,332.27110789898774
147,0.04394736842105264,0.9,450.0,10.994420135683018,24911,235.32832885070852
148,0.04394736842105264,0.9,510.0,9.055516898608328,20120,150.30134194830953
149,0.04394736842105264,0.9,570.0,5.940808017538369,6386,65.04165361728772
150,0.0655263157894737,0.1,30.0,8.210640746898585,7819,300.6222023276624
151,0.0655263157894737,0.1,90.0,13.996786444639227,6846,549.6844872918489
152,0.0655263157894737,0.1,150.0,15.657637150011405,8786,661.6876849533361
153,0.0655263157894737,0.1,210.0,16.31358914928321,11649,680.6435745557568
154,0.0655263157894737,0.1,270.0,16.018423191547026,14764,634.1522622595515
155,0.0655263157894737,0.1,330.0,15.52357900462334,18385,550.6329616535229
156,0.0655263157894737,0.1,390.0,13.894341646554068,22374,408.37650844730405
157,0.0655263157894737,0.1,450.0,12.093009478673011,25320,298.8217614533964
158,0.0655263157894737,0.1,510.0,9.388199035197436,22388,169.1914865106308
159,0.0655263157894737,0.1,570.0,6.021608956001034,7682,65.51809424628992
160,0.0655263157894737,0.30000000000000004,30.0,8.412308581334871,3461,343.7437156891068
161,0.0655263157894737,0.30000000000000004,90.0,15.000526454330078,3799,590.3787838904966
162,0.0655263157894737,0.30000000000000004,150.0,17.06069711538461,4992,747.5911458333334
163,0.0655263157894737,0.30000000000000004,210.0,18.098687058144527,6931,757.5025248881833
164,0.0655263157894737,0.30000000000000004,270.0,18.16187127024731,9384,763.3244884910487
165,0.0655263157894737,0.30000000000000004,330.0,18.16981132075465,12137,702.3138337315648
166,0.0655263157894737,0.30000000000000004,390.0,17.478034647904007,16913,614.1806894105104
167,0.0655263157894737,0.30000000000000004,450.0,15.07096856198628,23602,434.2029065333441
168,0.0655263157894737,0.30000000000000004,510.0,11.71853519070504,32878,248.1049942210591
169,0.0655263157894737,0.30000000000000004,570.0,6.517521923243627,29991,76.34406988763307
170,0.0655263157894737,0.5,30.0,7.772985923929323,3339,220.0203653788559
171,0.0655263157894737,0.5,90.0,15.2754586546131,3761,635.8077638925818
172,0.0655263157894737,0.5,150.0,17.736962314427124,5254,822.3764750666159
173,0.0655263157894737,0.5,210.0,18.777158429332378,8073,834.3934101325399
174,0.0655263157894737,0.5,270.0,18.290113311997256,11561,771.1917654182145
175,0.0655263157894737,0.5,330.0,20.107699908250375,14169,828.2211870985946
176,0.0655263157894737,0.5,390.0,18.982163027108474,21248,721.4910109186765
177,0.0655263157894737,0.5,450.0,16.741060419235502,33251,535.7040389762701
178,0.0655263157894737,0.5,510.0,13.187740856540426,55012,311.77703046607917
179,0.0655263157894737,0.5,570.0,6.83473251651288,79332,85.92962486764496
180,0.0655263157894737,0.7000000000000001,30.0,6.669386680705445,3799,179.05685706764945
181,0.0655263157894737,0.7000000000000001,90.0,13.209771511910539,4114,483.9370442391823
182,0.0655263157894737,0.7000000000000001,150.0,15.638756403462269,5661,596.651651651651
183,0.0655263157894737,0.7000000000000001,210.0,16.79854111405834,7540,626.7773209549049
184,0.0655263157894737,0.7000000000000001,270.0,16.92894951140063,9824,622.5071254071628
185,0.0655263157894737,0.7000000000000001,330.0,16.792208835341352,12450,586.0567871485932
186,0.0655263157894737,0.7000000000000001,390.0,15.965940224159429,16060,510.06967621419733
187,0.0655263157894737,0.7000000000000001,450.0,14.015408085430971,19665,362.35133485888684
188,0.0655263157894737,0.7000000000000001,510.0,11.056525037936277,21088,216.22515174506876
189,0.0655263157894737,0.7000000000000001,570.0,6.981463878327009,10520,82.60085551330813
190,0.0655263157894737,0.9,30.0,4.895625812039821,4618,110.96968384582065
191,0.0655263157894737,0.9,90.0,10.142417061611383,4220,281.95758293838765
192,0.0655263157894737,0.9,150.0,12.289447828650028,5089,356.4234623698182
193,0.0655263157894737,0.9,210.0,13.642542479546865,6356,438.391755821271
194,0.0655263157894737,0.9,270.0,13.441793392763483,7628,405.82406921866806
195,0.0655263157894737,0.9,330.0,13.173233773693266,8705,378.7176335439402
196,0.0655263157894737,0.9,390.0,12.36954335143836,9942,319.6533896600281
197,0.0655263157894737,0.9,450.0,10.860780650870094,10171,235.94798938157513
198,0.0655263157894737,0.9,510.0,8.854489164086711,7429,144.90913985731603
199,0.0655263157894737,0.9,570.0,6.096892138939657,2188,64.47623400365613
200,0.08710526315789476,0.1,30.0,7.987311310435345,4571,275.9658718004808
201,0.08710526315789476,0.1,90.0,15.368308858360958,4222,770.2697773567037
202,0.08710526315789476,0.1,150.0,15.945210516639069,5439,716.2346019488855
203,0.08710526315789476,0.1,210.0,16.027258228215175,6897,670.199507032043
204,0.08710526315789476,0.1,270.0,16.45266237565832,8545,664.8409596255112
205,0.08710526315789476,0.1,330.0,15.528024739080017,10348,536.870119829919
206,0.08710526315789476,0.1,390.0,14.535302875950174,12761,452.26729880103585
207,0.08710526315789476,0.1,450.0,12.674586850131194,14099,323.9234697496268
208,0.08710526315789476,0.1,510.0,9.912039161694977,13074,190.33991127428476
209,0.08710526315789476,0.1,570.0,6.338561271434541,4782,73.42471769134262
210,0.08710526315789476,0.30000000000000004,30.0,8.905630452022189,2522,389.3180015860416
211,0.08710526315789476,0.30000000000000004,90.0,15.226479514415761,2636,568.7052352048571
212,0.08710526315789476,0.30000000000000004,150.0,18.152204436955877,3561,834.831227183374
213,0.08710526315789476,0.30000000000000004,210.0,18.478260869565172,5083,779.8290379697014
214,0.08710526315789476,0.30000000000000004,270.0,18.903766879886295,7035,810.301350390903
215,0.08710526315789476,0.30000000000000004,330.0,19.07510013351134,8988,749.3234312416545
216,0.08710526315789476,0.30000000000000004,390.0,17.654818386870943,12857,628.3720930232561
217,0.08710526315789476,0.30000000000000004,450.0,15.588802660753878,18040,461.4515521064312
218,0.08710526315789476,0.30000000000000004,510.0,12.056513835588792,24755,261.10066653201403
219,0.08710526315789476,0.30000000000000004,570.0,6.73353601287611,22367,81.47346537309437
220,0.08710526315789476,0.5,30.0,8.028411737307877,2147,231.61574289706587
221,0.08710526315789476,0.5,90.0,15.396088019559913,2454,677.2249388753048
222,0.08710526315789476,0.5,150.0,18.167440510737134,3446,802.1645385954752
223,0.08710526315789476,0.5,210.0,19.375968992248044,4902,856.992452060384
224,0.08710526315789476,0.5,270.0,19.441348764109204,6999,871.913416202314
225,0.08710526315789476,0.5,330.0,20.49977973568277,9080,854.0781938325997
226,0.08710526315789476,0.5,390.0,19.03456978967492,13075,707.676099426385
227,0.08710526315789476,0.5,450.0,16.812345429768357,19813,532.631857871095
228,0.08710526315789476,0.5,510.0,13.237482881859794,29939,314.705534586993
229,0.08710526315789476,0.5,570.0,7.038840276870826,38285,91.22502285490398
230,0.08710526315789476,0.7000000000000001,30.0,7.137787056367438,2395,266.57244258872674
231,0.08710526315789476,0.7000000000000001,90.0,12.961133309117317,2753,436.53904831093365
232,0.08710526315789476,0.7000000000000001,150.0,15.20215633423182,3710,524.4857142857155
233,0.08710526315789476,0.7000000000000001,210.0,17.01651893634166,4964,686.1925866236903
234,0.08710526315789476,0.7000000000000001,270.0,17.872427336999156,6365,715.2141398271789
235,0.08710526315789476,0.7000000000000001,330.0,17.363524640530944,8137,625.0997910777946
236,0.08710526315789476,0.7000000000000001,390.0,15.963599102176179,10247,502.4798477603184
237,0.08710526315789476,0.7000000000000001,450.0,14.195311274894127,12754,379.0356750823265
238,0.08710526315789476,0.7000000000000001,510.0,10.94830469819066,13154,212.29466322031328
239,0.08710526315789476,0.7000000000000001,570.0,7.041680129240711,6190,83.75767366720522
240,0.08710526315789476,0.9,30.0,4.563202725724024,2935,79.00408858603053
241,0.08710526315789476,0.9,90.0,9.47023086269745,2469,254.73228027541475
242,0.08710526315789476,0.9,150.0,11.893698060941785,2888,360.32513850415546
243,0.08710526315789476,0.9,210.0,12.70494273658829,3318,413.26371308016815
244,0.08710526315789476,0.9,270.0,12.41171833946402,3806,370.7616920651605
245,0.08710526315789476,0.9,330.0,12.235294117647058,4284,338.1900093370673
246,0.08710526315789476,0.9,390.0,11.530541012216414,4584,291.0702443280978
247,0.08710526315789476,0.9,450.0,10.191545259135406,4187,210.14473369954578
248,0.08710526315789476,0.9,510.0,8.3423590504451,2696,133.1472551928779
249,0.08710526315789476,0.9,570.0,5.611347517730491,705,52.19290780141852
250,0.1086842105263158,0.1,30.0,8.349342105263155,3040,258.26184210526253
251,0.1086842105263158,0.1,90.0,14.556247709783767,2729,660.3341883473794
252,0.1086842105263158,0.1,150.0,16.794743059657428,3386,776.8585351447143
253,0.1086842105263158,0.1,210.0,16.48931280165473,4351,683.9956331877723
254,0.1086842105263158,0.1,270.0,16.955098222638018,5345,698.5401309635163
255,0.1086842105263158,0.1,330.0,16.36137931034485,6525,614.3546360153258
256,0.1086842105263158,0.1,390.0,15.679692588250619,7677,540.2134948547597
257,0.1086842105263158,0.1,450.0,13.348853451286255,8591,364.73402397858223
258,0.1086842105263158,0.1,510.0,10.301413255360615,8208,197.27850877192955
259,0.1086842105263158,0.1,570.0,6.325205826472443,3158,72.8768207726407
260,0.1086842105263158,0.30000000000000004,30.0,9.12545360290307,1929,376.3799896319338
261,0.1086842105263158,0.30000000000000004,90.0,15.835011990407667,2085,664.908393285372
262,0.1086842105263158,0.30000000000000004,150.0,18.191003460207625,2890,807.1785467128011
263,0.1086842105263158,0.30000000000000004,210.0,19.41585177560473,3886,884.0185280494095
264,0.1086842105263158,0.30000000000000004,270.0,19.329416153702667,5361,837.064913262451
265,0.1086842105263158,0.30000000000000004,330.0,19.69636871508381,7160,813.2916201117312
266,0.1086842105263158,0.30000000000000004,390.0,18.228545250941654,9823,667.1229766873672
267,0.1086842105263158,0.30000000000000004,450.0,16.257917261055606,14020,498.74022824536405
268,0.1086842105263158,0.30000000000000004,510.0,12.23720083246613,19220,272.69568158168454
269,0.1086842105263158,0.30000000000000004,570.0,6.8443418253515365,19273,84.90349193171808
270,0.1086842105263158,0.5,30.0,8.901477832512315,1421,409.4250527797324
271,0.1086842105263158,0.5,90.0,15.838461538461528,1690,700.2869822485203
272,0.1086842105263158,0.5,150.0,18.294995610184376,2278,820.860403863037
273,0.1086842105263158,0.5,210.0,20.145052243392765,3254,963.8721573448076
274,0.1086842105263158,0.5,270.0,20.191211659778126,4597,963.6056123558855
275,0.1086842105263158,0.5,330.0,19.93816343723671,5935,815.2796967144036
276,0.1086842105263158,0.5,390.0,19.18015759312324,8376,707.1484001910222
277,0.1086842105263158,0.5,450.0,16.80784699991797,12183,534.5570056636286
278,0.1086842105263158,0.5,510.0,12.970007570904418,17171,298.9222526352573
279,0.1086842105263158,0.5,570.0,7.3101520181722695,17169,93.95887937561888
280,0.1086842105263158,0.7000000000000001,30.0,7.811992504684573,1601,272.0193628981884
281,0.1086842105263158,0.7000000000000001,90.0,14.15564657694557,1709,585.8525453481562
282,0.1086842105263158,0.7000000000000001,150.0,16.624224886316664,2419,657.2343943778407
283,0.1086842105263158,0.7000000000000001,210.0,17.54511742892458,3236,703.4536464771315
284,0.1086842105263158,0.7000000000000001,270.0,17.89054483264111,4093,680.9293916442683
285,0.1086842105263158,0.7000000000000001,330.0,17.74789433384377,5224,648.4404670750368
286,0.1086842105263158,0.7000000000000001,390.0,15.99821508255241,6723,506.3608508106482
287,0.1086842105263158,0.7000000000000001,450.0,14.191117764471048,8016,377.86027944111714
288,0.1086842105263158,0.7000000000000001,510.0,11.1398719652132,8279,221.13504046382425
289,0.1086842105263158,0.7000000000000001,570.0,6.902458158995806,3824,80.40978033472777
290,0.1086842105263158,0.9,30.0,4.224578313253017,2075,74.30361445783132
291,0.1086842105263158,0.9,90.0,9.562661498708014,1548,314.71124031007736
292,0.1086842105263158,0.9,150.0,10.32256235827663,1764,264.80895691610056
293,0.1086842105263158,0.9,210.0,11.731246895181318,2013,327.1480377545941
294,0.1086842105263158,0.9,270.0,12.279037482646924,2161,386.20129569643717
295,0.1086842105263158,0.9,330.0,10.955094991364424,2316,273.97409326424855
296,0.1086842105263158,0.9,390.0,10.902329749103911,2232,283.9265232974909
297,0.1086842105263158,0.9,450.0,9.371535181236643,1876,183.6966950959489
298,0.1086842105263158,0.9,510.0,7.78433098591549,1136,120.43397887323934
299,0.1086842105263158,0.9,570.0,5.33064516129032,248,51.274193548387125
300,0.13026315789473686,0.1,30.0,8.199451052150039,2186,303.09789569990875
301,0.13026315789473686,0.1,90.0,14.503067484662562,1793,662.4194088120496
302,0.13026315789473686,0.1,150.0,16.630341880341835,2340,812.3192307692306
303,0.13026315789473686,0.1,210.0,16.773126978543832,2843,707.9817094618365
304,0.13026315789473686,0.1,270.0,17.332206255283115,3549,744.6638489715408
305,0.13026315789473686,0.1,330.0,17.687270950403068,4093,719.176643049109
306,0.13026315789473686,0.1,390.0,16.37444163915323,5149,572.5201009904821
307,0.13026315789473686,0.1,450.0,14.064257028112452,5976,394.781793842035
308,0.13026315789473686,0.1,510.0,10.70848708487085,5691,209.7652433667191
309,0.13026315789473686,0.1,570.0,6.59968479117414,2538,77.67218282111894
310,0.13026315789473686,0.30000000000000004,30.0,9.466380543633754,1398,426.7682403433473
311,0.13026315789473686,0.30000000000000004,90.0,16.73778920308482,1556,698.3688946015423
312,0.13026315789473686,0.30000000000000004,150.0,19.70755998189222,2209,996.6600271616096
313,0.13026315789473686,0.30000000000000004,210.0,19.86594911937382,3066,911.7452707110251
314,0.13026315789473686,0.30000000000000004,270.0,20.086399240446223,4213,898.0731070496081
315,0.13026315789473686,0.30000000000000004,330.0,20.2644551519644,5396,839.3756486286118
316,0.13026315789473686,0.30000000000000004,390.0,18.766292134831424,7565,714.1473892927935
317,0.13026315789473686,0.30000000000000004,450.0,16.313634248487688,10745,503.63033969288125
318,0.13026315789473686,0.30000000000000004,510.0,12.642584020929752,14907,292.52948279331804
319,0.13026315789473686,0.30000000000000004,570.0,7.019224283305245,14825,90.72863406408119
320,0.13026315789473686,0.5,30.0,9.32855680655066,977,311.23643807574126
321,0.13026315789473686,0.5,90.0,15.531971580817075,1126,755.748667850799
322,0.13026315789473686,0.5,150.0,18.51856082238721,1751,811.9337521416332
323,0.13026315789473686,0.5,210.0,19.61873920552681,2316,856.7793609671845
324,0.13026315789473686,0.5,270.0,20.367586425626392,3153,890.9613066920397
325,0.13026315789473686,0.5,330.0,20.78098877477907,4187,897.6809171244316
326,0.13026315789473686,0.5,390.0,19.3836259342952,5753,740.3104467234479
327,0.13026315789473686,0.5,450.0,16.2832480818414,7820,496.8742966751908
328,0.13026315789473686,0.5,510.0,12.730860001888033,10593,287.3050127442644
329,0.13026315789473686,0.5,570.0,7.35542574702316,8902,94.49179959559612
330,0.13026315789473686,0.7000000000000001,30.0,7.30253623188405,1104,198.82246376811605
331,0.13026315789473686,0.7000000000000001,90.0,14.414445399828029,1163,662.6053310404129
332,0.13026315789473686,0.7000000000000001,150.0,16.932639314145742,1633,653.946723821188
333,0.13026315789473686,0.7000000000000001,210.0,18.450309082263427,2103,757.2301474084637
334,0.13026315789473686,0.7000000000000001,270.0,18.313803019410543,2782,732.7020129403289
335,0.13026315789473686,0.7000000000000001,330.0,17.807426597582072,3474,663.9335060449062
336,0.13026315789473686,0.7000000000000001,390.0,16.23551057957685,4348,501.69825206991715
337,0.13026315789473686,0.7000000000000001,450.0,14.18362186345071,5141,380.59249173312526
338,0.13026315789473686,0.7000000000000001,510.0,11.234514925373121,5360,220.8069029850742
339,0.13026315789473686,0.7000000000000001,570.0,6.982225656877894,2588,82.29289026275113
340,0.13026315789473686,0.9,30.0,4.155975692099929,1481,77.17960837272125
341,0.13026315789473686,0.9,90.0,9.023787740164682,1093,247.31290027447434
342,0.13026315789473686,0.9,150.0,9.084999999999988,1200,208.7816666666665
343,0.13026315789473686,0.9,210.0,11.700701480904113,1283,380.57053780202585
344,0.13026315789473686,0.9,270.0,10.814020028612298,1398,281.8755364806867
345,0.13026315789473686,0.9,330.0,10.778179190751441,1384,291.29407514450884
346,0.13026315789473686,0.9,390.0,9.889060092449954,1298,233.8412942989216
347,0.13026315789473686,0.9,450.0,8.965380811078136,1011,166.13452027695337
348,0.13026315789473686,0.9,510.0,7.57505285412261,473,118.51797040169129
349,0.13026315789473686,0.9,570.0,5.050000000000001,100,44.89000000000002
350,0.1518421052631579,0.1,30.0,8.894172806430015,1493,431.46885465505636
351,0.1518421052631579,0.1,90.0,14.73790951638063,1282,587.811232449297
352,0.1518421052631579,0.1,150.0,17.20141570141566,1554,777.5810810810808
353,0.1518421052631579,0.1,210.0,18.134737873591348,2041,858.4973052425288
354,0.1518421052631579,0.1,270.0,17.951369023293836,2447,783.5590519002856
355,0.1518421052631579,0.1,330.0,18.5192635526764,2933,760.6720081827466
356,0.1518421052631579,0.1,390.0,17.014170602945228,3599,621.9188663517631
357,0.1518421052631579,0.1,450.0,14.660871528561728,4429,417.30074508918443
358,0.1518421052631579,0.1,510.0,11.188158779995526,4459,228.52074456156046
359,0.1518421052631579,0.1,570.0,6.997343957503313,2259,86.55732625055344
360,0.1518421052631579,0.30000000000000004,30.0,9.30814940577248,1178,296.7393887945667
361,0.1518421052631579,0.30000000000000004,90.0,16.224558452481048,1189,654.3456686291004
362,0.1518421052631579,0.30000000000000004,150.0,19.304981773997593,1646,898.1688942891842
363,0.1518421052631579,0.30000000000000004,210.0,20.59356223175964,2330,934.3575107296135
364,0.1518421052631579,0.30000000000000004,270.0,19.90655685777636,3157,860.6091225847326
365,0.1518421052631579,0.30000000000000004,330.0,20.817298347910587,4116,885.6661807580178
366,0.1518421052631579,0.30000000000000004,390.0,19.025980729525134,5812,722.2703028217497
367,0.1518421052631579,0.30000000000000004,450.0,16.851533283470502,8022,530.0275492395923
368,0.1518421052631579,0.30000000000000004,510.0,12.945008385559195,11329,299.49651337276043
369,0.1518421052631579,0.30000000000000004,570.0,7.126538791869457,10479,91.06317396698141
370,0.1518421052631579,0.5,30.0,8.846858638743463,764,242.0876963350787
371,0.1518421052631579,0.5,90.0,16.49204545454544,880,759.2965909090892
372,0.1518421052631579,0.5,150.0,19.080824088748017,1262,827.0633914421561
373,0.1518421052631579,0.5,210.0,19.224890829694324,1832,814.7849344978148
374,0.1518421052631579,0.5,270.0,20.137072964993685,2371,863.3601855757058
375,0.1518421052631579,0.5,330.0,19.977882037533504,2984,806.1896782841815
376,0.1518421052631579,0.5,390.0,18.982643842130287,4206,670.1295767950531
377,0.1518421052631579,0.5,450.0,16.524567232033593,5719,506.88092323832825
378,0.1518421052631579,0.5,510.0,12.569901790872322,6924,282.6452917388802
379,0.1518421052631579,0.5,570.0,7.41556195965416,5205,96.19750240153661
380,0.1518421052631579,0.7000000000000001,30.0,6.937106918238989,795,189.6641509433961
381,0.1518421052631579,0.7000000000000001,90.0,14.564197530864192,810,488.3074074074076
382,0.1518421052631579,0.7000000000000001,150.0,16.91791703442189,1133,788.7961165048564
383,0.1518421052631579,0.7000000000000001,210.0,17.550894085282057,1454,740.1863823933977
384,0.1518421052631579,0.7000000000000001,270.0,18.515233949945557,1838,755.244287268769
385,0.1518421052631579,0.7000000000000001,330.0,18.070315976858016,2247,662.3311081441906
386,0.1518421052631579,0.7000000000000001,390.0,16.928345626975737,2847,577.3891815946603
387,0.1518421052631579,0.7000000000000001,450.0,14.324238026124819,3445,370.8896952104498
388,0.1518421052631579,0.7000000000000001,510.0,11.497154240182113,3514,238.18924302788838
389,0.1518421052631579,0.7000000000000001,570.0,7.037149817295978,1642,80.43179049939097
390,0.1518421052631579,0.9,30.0,4.14102564102565,936,66.1773504273505
391,0.1518421052631579,0.9,90.0,9.101604278074872,748,234.75401069518688
392,0.1518421052631579,0.9,150.0,9.493455497382183,764,244.24999999999997
393,0.1518421052631579,0.9,210.0,9.86432160804019,796,285.105527638191
394,0.1518421052631579,0.9,270.0,9.991774383078727,851,245.20916568742666
395,0.1518421052631579,0.9,330.0,10.01866666666666,750,240.19733333333323
396,0.1518421052631579,0.9,390.0,9.882191780821932,730,214.68767123287697
397,0.1518421052631579,0.9,450.0,8.21553398058253,515,144.50291262135931
398,0.1518421052631579,0.9,510.0,7.169550173010379,289,102.2698961937716
399,0.1518421052631579,0.9,570.0,4.976190476190476,42,36.97619047619048
400,0.17342105263157898,0.1,30.0,7.555555555555554,999,226.45045045045052
401,0.17342105263157898,0.1,90.0,14.927760577915382,969,661.8606811145501
402,0.17342105263157898,0.1,150.0,17.89151356080486,1143,841.0271216097981
403,0.17342105263157898,0.1,210.0,19.427983539094626,1458,901.5459533607676
404,0.17342105263157898,0.1,270.0,18.856597600872423,1834,801.7322791712112
405,0.17342105263157898,0.1,330.0,19.87996348699222,2191,853.4910999543599
406,0.17342105263157898,0.1,390.0,17.153162757640377,2814,599.3678038379536
407,0.17342105263157898,0.1,450.0,15.248896734333588,3399,447.41070903206844
408,0.17342105263157898,0.1,510.0,11.33874833555256,3755,235.1667110519308
409,0.17342105263157898,0.1,570.0,6.904883011190232,1966,85.37894201424207
410,0.17342105263157898,0.30000000000000004,30.0,8.564017660044135,906,231.8509933774837
411,0.17342105263157898,0.30000000000000004,90.0,17.483572895277163,974,729.9989733059545
412,0.17342105263157898,0.30000000000000004,150.0,20.49039200614911,1301,992.4396617986168
413,0.17342105263157898,0.30000000000000004,210.0,20.890410958904113,1898,1067.1243414120147
414,0.17342105263157898,0.30000000000000004,270.0,21.112722751761325,2413,1001.5205138831327
415,0.17342105263157898,0.30000000000000004,330.0,21.571252693136298,3249,963.0080024622946
416,0.17342105263157898,0.30000000000000004,390.0,19.467492933246326,4599,744.0519678190899
417,0.17342105263157898,0.30000000000000004,450.0,17.0641231163834,6238,545.6611093299118
418,0.17342105263157898,0.30000000000000004,510.0,13.05273620205796,8552,307.5957670720289
419,0.17342105263157898,0.30000000000000004,570.0,7.189337514700109,7653,92.34391741800604
420,0.17342105263157898,0.5,30.0,9.185800604229614,662,428.6903323262844
421,0.17342105263157898,0.5,90.0,14.859527121001383,719,483.3184979137691
422,0.17342105263157898,0.5,150.0,18.769436997319076,1119,821.9812332439681
423,0.17342105263157898,0.5,210.0,19.398697539797386,1382,808.426193921852
424,0.17342105263157898,0.5,270.0,20.7518172377985,1926,944.8888888888862
425,0.17342105263157898,0.5,330.0,19.46857142857147,2450,799.2693877551034
426,0.17342105263157898,0.5,390.0,18.589591773138064,3209,669.7145528201913
427,0.17342105263157898,0.5,450.0,16.27323680523118,4282,490.3157403082665
428,0.17342105263157898,0.5,510.0,12.246729354047426,4892,268.7618560915777
429,0.17342105263157898,0.5,570.0,7.269975031210964,3204,90.81429463171024
430,0.17342105263157898,0.7000000000000001,30.0,6.753488372093029,645,171.32093023255825
431,0.17342105263157898,0.7000000000000001,90.0,13.638759689922471,645,456.6310077519376
432,0.17342105263157898,0.7000000000000001,150.0,16.03682393555811,869,570.7594936708867
433,0.17342105263157898,0.7000000000000001,210.0,17.23296500920809,1086,680.8848987108659
434,0.17342105263157898,0.7000000000000001,270.0,17.77629629629626,1350,676.5822222222221
435,0.17342105263157898,0.7000000000000001,330.0,17.360172095882,1627,611.0577750460957
436,0.17342105263157898,0.7000000000000001,390.0,16.397163120567292,1974,526.2147922998998
437,0.17342105263157898,0.7000000000000001,450.0,14.192901878914368,2395,394.07599164926893
438,0.17342105263157898,0.7000000000000001,510.0,11.415744680851041,2350,234.32382978723402
439,0.17342105263157898,0.7000000000000001,570.0,7.332236842105259,1216,97.74342105263153
440,0.17342105263157898,0.9,30.0,3.5758039816232734,653,37.69218989280242
441,0.17342105263157898,0.9,90.0,7.141592920353986,452,134.300884955752
442,0.17342105263157898,0.9,150.0,7.921296296296299,432,160.42129629629636
443,0.17342105263157898,0.9,210.0,9.015837104072395,442,227.62217194570138
444,0.17342105263157898,0.9,270.0,8.202531645569609,395,169.25569620253174
445,0.17342105263157898,0.9,330.0,8.030075187969919,399,153.7794486215537
446,0.17342105263157898,0.9,390.0,8.320132013201308,303,160.18151815181514
447,0.17342105263157898,0.9,450.0,7.90760869565217,184,150.07065217391306
448,0.17342105263157898,0.9,510.0,7.7647058823529385,85,127.52941176470591
449,0.17342105263157898,0.9,570.0,6.0,11,50.54545454545453
450,0.195,0.1,30.0,8.969057665260214,711,349.36568213783454
451,0.195,0.1,90.0,18.33282674772038,658,1054.3662613981764
452,0.195,0.1,150.0,18.875862068965542,870,953.5908045977036
453,0.195,0.1,210.0,19.758851674641146,1045,974.3100478468862
454,0.195,0.1,270.0,20.081438004402063,1363,919.0777696258258
455,0.195,0.1,330.0,20.37618483412322,1688,837.6475118483402
456,0.195,0.1,390.0,18.36101549053357,2324,663.3050774526681
457,0.195,0.1,450.0,15.810736407432886,2906,472.69098417068057
458,0.195,0.1,510.0,11.888997078870508,3081,256.8373904576433
459,0.195,0.1,570.0,6.621281464530879,1748,77.83638443935916
460,0.195,0.30000000000000004,30.0,10.130257801899589,737,317.7991858887382
461,0.195,0.30000000000000004,90.0,19.040000000000028,775,1153.4916129032276
462,0.195,0.30000000000000004,150.0,20.925925925925917,1080,1119.3611111111125
463,0.195,0.30000000000000004,210.0,20.695681063122986,1505,976.4857142857152
464,0.195,0.30000000000000004,270.0,21.803462321792296,1964,1034.7820773930762
465,0.195,0.30000000000000004,330.0,20.985137195121915,2624,901.6901676829287
466,0.195,0.30000000000000004,390.0,19.009356081452932,3634,704.7495872317
467,0.195,0.30000000000000004,450.0,16.295400475812805,5044,500.0975416336237
468,0.195,0.30000000000000004,510.0,12.79828905898245,6663,287.78643253789664
469,0.195,0.30000000000000004,570.0,7.297153635116619,5832,95.58624828532241
470,0.195,0.5,30.0,9.215411558669,571,319.3274956217166
471,0.195,0.5,90.0,16.557603686635975,651,732.3333333333339
472,0.195,0.5,150.0,19.716183574879217,828,911.6292270531388
473,0.195,0.5,210.0,20.088832487309674,1182,974.7470389170899
474,0.195,0.5,270.0,20.079898541534547,1577,886.6239695624613
475,0.195,0.5,330.0,18.90014903129663,2013,752.4908097367119
476,0.195,0.5,390.0,17.96196078431375,2550,596.8223529411756
477,0.195,0.5,450.0,15.991161231331889,3281,473.84730265162995
478,0.195,0.5,510.0,12.331638418079102,3540,276.0802259887003
479,0.195,0.5,570.0,7.7472273567467695,2164,104.73613678373391
480,0.195,0.7000000000000001,30.0,5.861313868613133,548,108.69343065693423
481,0.195,0.7000000000000001,90.0,12.992592592592569,540,396.1592592592594
482,0.195,0.7000000000000001,150.0,14.942307692307685,676,539.7529585798814
483,0.195,0.7000000000000001,210.0,16.136479591836707,784,586.8124999999999
484,0.195,0.7000000000000001,270.0,18.362704918032776,976,789.4918032786888
485,0.195,0.7000000000000001,330.0,16.645569620253166,1185,577.2987341772135
486,0.195,0.7000000000000001,390.0,15.557580174927107,1372,502.9001457725951
487,0.195,0.7000000000000001,450.0,14.381355932203384,1534,414.72425032594504
488,0.195,0.7000000000000001,510.0,11.32798931195725,1497,230.38877755511007
489,0.195,0.7000000000000001,570.0,7.57106274007682,781,101.4711907810499
490,0.195,0.9,30.0,2.996153846153845,260,28.619230769230782
491,0.195,0.9,90.0,6.415094339622644,159,85.52201257861637
492,0.195,0.9,150.0,6.394736842105262,152,111.19736842105272
493,0.195,0.9,210.0,7.36305732484076,157,158.57324840764332
494,0.195,0.9,270.0,7.283870967741935,155,140.01935483870972
495,0.195,0.9,330.0,8.694214876033056,121,184.66115702479348
496,0.195,0.9,390.0,6.471910112359548,89,98.62921348314602
497,0.195,0.9,450.0,7.115384615384612,52,115.07692307692304
498,0.195,0.9,510.0,4.230769230769231,13,25.615384615384606
499,0.195,0.9,570.0,8.0,2,65.0
500,0.2165789473684211,0.1,30.0,9.574870912220305,581,410.21170395869177
501,0.2165789473684211,0.1,90.0,16.275247524752462,505,745.9980198019804
502,0.2165789473684211,0.1,150.0,20.16204379562041,685,1009.3474452554755
503,0.2165789473684211,0.1,210.0,20.271445358401913,851,955.3501762632208
504,0.2165789473684211,0.1,270.0,21.200884955752226,1130,995.0699115044248
505,0.2165789473684211,0.1,330.0,21.30007077140838,1413,897.9044585987259
506,0.2165789473684211,0.1,390.0,18.531526836894255,1919,663.3850964043776
507,0.2165789473684211,0.1,450.0,16.142094455852174,2435,495.76262833675514
508,0.2165789473684211,0.1,510.0,12.096361848574219,3051,262.9046214355951
509,0.2165789473684211,0.1,570.0,7.36802973977693,1883,93.34253850238971
510,0.2165789473684211,0.30000000000000004,30.0,10.422222222222222,630,432.6507936507931
511,0.2165789473684211,0.30000000000000004,90.0,19.099697885196335,662,1136.776435045317
512,0.2165789473684211,0.30000000000000004,150.0,21.3141592920354,904,1021.2942477876095
513,0.2165789473684211,0.30000000000000004,210.0,21.323387096774194,1240,1041.2362903225783
514,0.2165789473684211,0.30000000000000004,270.0,20.611565420560684,1712,936.3288551401852
515,0.2165789473684211,0.30000000000000004,330.0,20.663392857142895,2240,857.8473214285699
516,0.2165789473684211,0.30000000000000004,390.0,19.915686933154227,2977,784.9408800806183
517,0.2165789473684211,0.30000000000000004,450.0,16.667261601223846,3922,529.2582865884756
518,0.2165789473684211,0.30000000000000004,510.0,12.980151228733469,5290,304.09999999999945
519,0.2165789473684211,0.30000000000000004,570.0,7.303160919540222,4872,98.83600164203612
520,0.2165789473684211,0.5,30.0,9.216783216783208,572,275.53496503496507
521,0.2165789473684211,0.5,90.0,16.33831775700935,535,724.8579439252345
522,0.2165789473684211,0.5,150.0,18.680451127819577,798,824.2969924812023
523,0.2165789473684211,0.5,210.0,19.513849092645632,1047,822.5319961795617
524,0.2165789473684211,0.5,270.0,20.153614457831335,1328,830.5496987951815
525,0.2165789473684211,0.5,330.0,19.05272838749233,1631,753.0024524831373
526,0.2165789473684211,0.5,390.0,18.323937153419564,2164,689.8488909426997
527,0.2165789473684211,0.5,450.0,15.47433962264151,2650,497.6298113207541
528,0.2165789473684211,0.5,510.0,11.768888888888856,2925,248.20991452991444
529,0.2165789473684211,0.5,570.0,7.235365117682542,1657,92.59444779722376
530,0.2165789473684211,0.7000000000000001,30.0,6.326278659611996,567,153.61022927689586
531,0.2165789473684211,0.7000000000000001,90.0,11.33860045146727,443,343.8758465011291
532,0.2165789473684211,0.7000000000000001,150.0,13.789473684210517,513,516.7017543859648
533,0.2165789473684211,0.7000000000000001,210.0,14.36700336700336,594,499.80134680134665
534,0.2165789473684211,0.7000000000000001,270.0,14.90828402366863,676,500.77810650887676
535,0.2165789473684211,0.7000000000000001,330.0,16.800776196636484,773,635.3906856403614
536,0.2165789473684211,0.7000000000000001,390.0,14.97151898734178,948,482.5664556962025
537,0.2165789473684211,0.7000000000000001,450.0,13.875890132248216,983,400.197355035605
538,0.2165789473684211,0.7000000000000001,510.0,11.055555555555559,936,225.97649572649567
539,0.2165789473684211,0.7000000000000001,570.0,7.0545073375262035,477,85.01257861635209
540,0.2165789473684211,0.9,30.0,0.0,0,0.0
541,0.2165789473684211,0.9,90.0,0.0,0,0.0
542,0.2165789473684211,0.9,150.0,0.0,0,0.0
543,0.2165789473684211,0.9,210.0,0.0,0,0.0
544,0.2165789473684211,0.9,270.0,0.0,0,0.0
545,0.2165789473684211,0.9,330.0,0.0,0,0.0
546,0.2165789473684211,0.9,390.0,0.0,0,0.0
547,0.2165789473684211,0.9,450.0,0.0,0,0.0
548,0.2165789473684211,0.9,510.0,0.0,0,0.0
549,0.2165789473684211,0.9,570.0,0.0,0,0.0
550,0.23815789473684212,0.1,30.0,8.617169373549872,431,240.51044083526662
551,0.23815789473684212,0.1,90.0,19.215736040609137,394,1187.9060913705573
552,0.23815789473684212,0.1,150.0,20.754455445544547,505,973.8831683168329
553,0.23815789473684212,0.1,210.0,20.509040333796957,719,899.2767732962444
554,0.23815789473684212,0.1,270.0,21.872023809523796,1008,1091.5902777777785
555,0.23815789473684212,0.1,330.0,20.43504273504273,1170,844.4008547008549
556,0.23815789473684212,0.1,390.0,19.028799019607806,1632,683.2873774509793
557,0.23815789473684212,0.1,450.0,16.32836516068933,2147,502.01443875174635
558,0.23815789473684212,0.1,510.0,12.66375545851528,2748,293.54439592430833
559,0.23815789473684212,0.1,570.0,6.903399892066918,1853,83.80248246087422
560,0.23815789473684212,0.30000000000000004,30.0,9.021276595744672,564,299.10992907801443
561,0.23815789473684212,0.30000000000000004,90.0,17.895038167938935,524,890.5248091603047
562,0.23815789473684212,0.30000000000000004,150.0,20.28109452736322,804,958.1567164179115
563,0.23815789473684212,0.30000000000000004,210.0,20.999999999999982,1027,1042.9883154819872
564,0.23815789473684212,0.30000000000000004,270.0,20.90254545454543,1375,951.1483636363616
565,0.23815789473684212,0.30000000000000004,330.0,21.50082101806241,1827,996.1620142309785
566,0.23815789473684212,0.30000000000000004,390.0,19.53781174577637,2486,792.2827835880928
567,0.23815789473684212,0.30000000000000004,450.0,16.51898355754863,3345,506.68520179372223
568,0.23815789473684212,0.30000000000000004,510.0,12.757346189164341,4356,291.0443067033974
569,0.23815789473684212,0.30000000000000004,570.0,7.328805101192131,3607,96.78763515386748
570,0.23815789473684212,0.5,30.0,8.530916844349676,469,234.64179104477608
571,0.23815789473684212,0.5,90.0,17.08093525179856,556,683.9910071942445
572,0.23815789473684212,0.5,150.0,19.09090909090908,660,762.9666666666676
573,0.23815789473684212,0.5,210.0,19.054711246200636,987,774.9817629179327
574,0.23815789473684212,0.5,270.0,20.599337748344382,1208,923.9403973509933
575,0.23815789473684212,0.5,330.0,18.719272727272735,1375,715.1759999999996
576,0.23815789473684212,0.5,390.0,18.20000000000002,1850,631.5286486486465
577,0.23815789473684212,0.5,450.0,15.518164435946478,2092,444.8326959847037
578,0.23815789473684212,0.5,510.0,11.651124063280594,2402,238.51290591174043
579,0.23815789473684212,0.5,570.0,7.441021788129221,1331,99.47257700976698
580,0.23815789473684212,0.7000000000000001,30.0,5.074666666666671,375,89.7893333333334
581,0.23815789473684212,0.7000000000000001,90.0,12.342592592592597,324,629.7993827160494
582,0.23815789473684212,0.7000000000000001,150.0,13.467261904761907,336,414.58035714285745
583,0.23815789473684212,0.7000000000000001,210.0,15.20967741935484,372,690.5537634408606
584,0.23815789473684212,0.7000000000000001,270.0,15.281990521327012,422,552.0402843601902
585,0.23815789473684212,0.7000000000000001,330.0,16.13102119460502,519,554.7591522158003
586,0.23815789473684212,0.7000000000000001,390.0,15.55193482688391,491,542.7087576374747
587,0.23815789473684212,0.7000000000000001,450.0,13.954305799648491,569,395.91212653778496
588,0.23815789473684212,0.7000000000000001,510.0,11.284872298624752,509,236.48330058939106
589,0.23815789473684212,0.7000000000000001,570.0,7.542944785276077,326,95.71472392638047
590,0.23815789473684212,0.9,30.0,0.0,0,0.0
591,0.23815789473684212,0.9,90.0,0.0,0,0.0
592,0.23815789473684212,0.9,150.0,0.0,0,0.0
593,0.23815789473684212,0.9,210.0,0.0,0,0.0
594,0.23815789473684212,0.9,270.0,0.0,0,0.0
595,0.23815789473684212,0.9,330.0,0.0,0,0.0
596,0.23815789473684212,0.9,390.0,0.0,0,0.0
597,0.23815789473684212,0.9,450.0,0.0,0,0.0
598,0.23815789473684212,0.9,510.0,0.0,0,0.0
599,0.23815789473684212,0.9,570.0,0.0,0,0.0
600,0.25973684210526315,0.1,30.0,11.042394014962602,401,421.8802992518707
601,0.25973684210526315,0.1,90.0,18.097701149425287,348,881.9712643678162
602,0.25973684210526315,0.1,150.0,20.243792325056422,443,1025.318284424383
603,0.25973684210526315,0.1,210.0,23.316254416961144,566,1345.885159010602
604,0.25973684210526315,0.1,270.0,22.554320987654318,810,1050.628395061728
605,0.25973684210526315,0.1,330.0,22.14326923076927,1040,977.1009615384623
606,0.25973684210526315,0.1,390.0,19.63054545454544,1375,820.6516363636358
607,0.25973684210526315,0.1,450.0,16.38579756226816,1887,489.47747747747655
608,0.25973684210526315,0.1,510.0,12.608388867110905,2551,290.1050568404545
609,0.25973684210526315,0.1,570.0,7.05876443997992,1991,90.57157207433428
610,0.25973684210526315,0.30000000000000004,30.0,10.767010309278348,485,438.23092783505194
611,0.25973684210526315,0.30000000000000004,90.0,16.993603411513845,469,832.8144989339019
612,0.25973684210526315,0.30000000000000004,150.0,19.971385542168715,664,899.1189759036139
613,0.25973684210526315,0.30000000000000004,210.0,19.889162561576363,812,894.7192118226609
614,0.25973684210526315,0.30000000000000004,270.0,22.439870863599673,1239,1210.4882970137205
615,0.25973684210526315,0.30000000000000004,330.0,21.64726027397262,1460,963.6760273972619
616,0.25973684210526315,0.30000000000000004,390.0,18.751119960179157,2009,675.5087108013952
617,0.25973684210526315,0.30000000000000004,450.0,17.30229007633589,2620,577.0282442748087
618,0.25973684210526315,0.30000000000000004,510.0,13.131789848619757,3369,343.49569605224053
619,0.25973684210526315,0.30000000000000004,570.0,6.254419889502762,3620,76.19475138121554
620,0.25973684210526315,0.5,30.0,8.060679611650485,412,181.1286407766991
621,0.25973684210526315,0.5,90.0,15.607064017660043,453,551.5011037527601
622,0.25973684210526315,0.5,150.0,18.893481717011145,629,835.0937996820348
623,0.25973684210526315,0.5,210.0,19.26196172248806,836,766.1566985645927
624,0.25973684210526315,0.5,270.0,20.55076628352489,1044,877.5335249042139
625,0.25973684210526315,0.5,330.0,18.477291494632542,1211,681.7274979355915
626,0.25973684210526315,0.5,390.0,17.42012987012984,1540,649.6305194805209
627,0.25973684210526315,0.5,450.0,15.394485683987277,1886,453.69141039236484
628,0.25973684210526315,0.5,510.0,11.61632653061225,1960,241.83163265306158
629,0.25973684210526315,0.5,570.0,6.948245614035088,1140,82.82719298245613
630,0.25973684210526315,0.7000000000000001,30.0,4.972972972972976,259,100.49420849420845
631,0.25973684210526315,0.7000000000000001,90.0,10.502304147465436,217,319.2488479262674
632,0.25973684210526315,0.7000000000000001,150.0,13.48095238095239,210,556.1380952380955
633,0.25973684210526315,0.7000000000000001,210.0,15.889830508474587,236,668.9661016949158
634,0.25973684210526315,0.7000000000000001,270.0,15.701149425287353,261,575.7164750957855
635,0.25973684210526315,0.7000000000000001,330.0,15.601973684210538,304,605.009868421053
636,0.25973684210526315,0.7000000000000001,390.0,13.543750000000006,320,372.51875000000024
637,0.25973684210526315,0.7000000000000001,450.0,13.21646341463415,328,376.6859756097564
638,0.25973684210526315,0.7000000000000001,510.0,9.829457364341083,258,182.16279069767478
639,0.25973684210526315,0.7000000000000001,570.0,8.114285714285717,105,110.81904761904762
640,0.25973684210526315,0.9,30.0,0.0,0,0.0
641,0.25973684210526315,0.9,90.0,0.0,0,0.0
642,0.25973684210526315,0.9,150.0,0.0,0,0.0
643,0.25973684210526315,0.9,210.0,0.0,0,0.0
644,0.25973684210526315,0.9,270.0,0.0,0,0.0
645,0.25973684210526315,0.9,330.0,0.0,0,0.0
646,0.25973684210526315,0.9,390.0,0.0,0,0.0
647,0.25973684210526315,0.9,450.0,0.0,0,0.0
648,0.25973684210526315,0.9,510.0,0.0,0,0.0
649,0.25973684210526315,0.9,570.0,0.0,0,0.0
650,0.28131578947368424,0.1,30.0,10.570977917981065,317,446.6593059936906
651,0.28131578947368424,0.1,90.0,18.313043478260848,345,844.0231884057979
652,0.28131578947368424,0.1,150.0,21.75064935064931,385,1028.3012987012985
653,0.28131578947368424,0.1,210.0,21.271484375000025,512,1041.6855468749995
654,0.28131578947368424,0.1,270.0,21.906424581005567,716,1056.632681564245
655,0.28131578947368424,0.1,330.0,21.433920704845818,908,869.6674008810575
656,0.28131578947368424,0.1,390.0,19.818110236220466,1270,809.482677165354
657,0.28131578947368424,0.1,450.0,16.88554913294796,1730,527.0231213872829
658,0.28131578947368424,0.1,510.0,12.498489425981855,2317,280.7652136383248
659,0.28131578947368424,0.1,570.0,7.023278850916288,2019,90.13472015849443
660,0.28131578947368424,0.30000000000000004,30.0,10.754437869822482,338,429.25739644970395
661,0.28131578947368424,0.30000000000000004,90.0,17.296482412060282,398,727.8040201005015
662,0.28131578947368424,0.30000000000000004,150.0,20.881453154875707,523,948.2007648183562
663,0.28131578947368424,0.30000000000000004,210.0,22.685517241379276,725,1302.4593103448276
664,0.28131578947368424,0.30000000000000004,270.0,22.650475184794104,947,1125.7972544878558
665,0.28131578947368424,0.30000000000000004,330.0,21.57359125315389,1189,879.7804878048777
666,0.28131578947368424,0.30000000000000004,390.0,20.119668246445517,1688,802.9454976303308
667,0.28131578947368424,0.30000000000000004,450.0,17.12166588675712,2137,558.8493214787065
668,0.28131578947368424,0.30000000000000004,510.0,12.725519287833832,2696,298.95474777448055
669,0.28131578947368424,0.30000000000000004,570.0,7.036327933235153,2037,91.73834069710352
670,0.28131578947368424,0.5,30.0,8.567567567567567,370,226.0864864864866
671,0.28131578947368424,0.5,90.0,16.775903614457818,415,644.510843373494
672,0.28131578947368424,0.5,150.0,18.652751423149898,527,861.5977229601523
673,0.28131578947368424,0.5,210.0,19.034108527131803,645,706.4387596899228
674,0.28131578947368424,0.5,270.0,18.90857787810386,886,775.8972911963876
675,0.28131578947368424,0.5,330.0,19.590643274853818,1026,809.1910331384021
676,0.28131578947368424,0.5,390.0,16.9493769470405,1284,525.1518691588791
677,0.28131578947368424,0.5,450.0,15.687865022712506,1541,465.29850746268585
678,0.28131578947368424,0.5,510.0,11.373540856031116,1542,233.86770428015558
679,0.28131578947368424,0.5,570.0,7.099606815203139,763,89.59239842726095
680,0.28131578947368424,0.7000000000000001,30.0,4.121359223300968,206,59.9271844660194
681,0.28131578947368424,0.7000000000000001,90.0,10.690647482014402,139,268.431654676259
682,0.28131578947368424,0.7000000000000001,150.0,11.087209302325585,172,276.8430232558141
683,0.28131578947368424,0.7000000000000001,210.0,12.093167701863353,161,413.93167701863365
684,0.28131578947368424,0.7000000000000001,270.0,13.85057471264368,174,468.50574712643686
685,0.28131578947368424,0.7000000000000001,330.0,14.518918918918917,185,480.4216216216218
686,0.28131578947368424,0.7000000000000001,390.0,13.64705882352941,204,531.1078431372545
687,0.28131578947368424,0.7000000000000001,450.0,12.712499999999995,160,350.5125000000003
688,0.28131578947368424,0.7000000000000001,510.0,9.650793650793652,126,177.36507936507945
689,0.28131578947368424,0.7000000000000001,570.0,7.8799999999999955,50,116.95999999999997
690,0.28131578947368424,0.9,30.0,0.0,0,0.0
691,0.28131578947368424,0.9,90.0,0.0,0,0.0
692,0.28131578947368424,0.9,150.0,0.0,0,0.0
693,0.28131578947368424,0.9,210.0,0.0,0,0.0
694,0.28131578947368424,0.9,270.0,0.0,0,0.0
695,0.28131578947368424,0.9,330.0,0.0,0,0.0
696,0.28131578947368424,0.9,390.0,0.0,0,0.0
697,0.28131578947368424,0.9,450.0,0.0,0,0.0
698,0.28131578947368424,0.9,510.0,0.0,0,0.0
699,0.28131578947368424,0.9,570.0,0.0,0,0.0
700,0.3028947368421053,0.1,30.0,9.160714285714272,336,399.9345238095243
701,0.3028947368421053,0.1,90.0,16.980337078651694,356,687.3342696629214
702,0.3028947368421053,0.1,150.0,18.406521739130405,460,751.3543478260872
703,0.3028947368421053,0.1,210.0,22.5151515151515,594,1230.8821548821552
704,0.3028947368421053,0.1,270.0,22.204216073781286,759,1139.2055335968375
705,0.3028947368421053,0.1,330.0,22.425785482123544,923,1038.6749729144099
706,0.3028947368421053,0.1,390.0,19.591346153846132,1248,785.7724358974357
707,0.3028947368421053,0.1,450.0,16.753658536585366,1640,551.8439024390254
708,0.3028947368421053,0.1,510.0,12.794157918758556,2191,296.5851209493374
709,0.3028947368421053,0.1,570.0,7.122020431328028,1762,90.20942111237224
710,0.3028947368421053,0.30000000000000004,30.0,10.5906976744186,215,336.8139534883722
711,0.3028947368421053,0.30000000000000004,90.0,21.919431279620866,211,1393.3507109004731
712,0.3028947368421053,0.30000000000000004,150.0,23.231884057971044,345,1248.9478260869582
713,0.3028947368421053,0.30000000000000004,210.0,23.610567514677104,511,1306.8590998043048
714,0.3028947368421053,0.30000000000000004,270.0,21.68740955137483,691,1004.2315484804607
715,0.3028947368421053,0.30000000000000004,330.0,20.475750577367215,866,817.7967667436484
716,0.3028947368421053,0.30000000000000004,390.0,20.73349056603776,1272,825.3262578616358
717,0.3028947368421053,0.30000000000000004,450.0,16.482580645161296,1550,483.1819354838709
718,0.3028947368421053,0.30000000000000004,510.0,12.810978767477973,1931,295.7265665458308
719,0.3028947368421053,0.30000000000000004,570.0,7.255886970172692,1274,91.72213500784927
720,0.3028947368421053,0.5,30.0,8.176470588235283,323,258.9071207430341
721,0.3028947368421053,0.5,90.0,17.75914634146341,328,879.8506097560977
722,0.3028947368421053,0.5,150.0,19.058951965065493,458,806.7489082969423
723,0.3028947368421053,0.5,210.0,20.404634581105178,561,894.1764705882355
724,0.3028947368421053,0.5,270.0,19.099560761347004,683,745.1376281112742
725,0.3028947368421053,0.5,330.0,18.67592592592591,864,700.333333333333
726,0.3028947368421053,0.5,390.0,17.122026887280217,967,562.265770423993
727,0.3028947368421053,0.5,450.0,14.316101694915247,1180,394.73813559322076
728,0.3028947368421053,0.5,510.0,10.84473684210528,1140,224.99912280701764
729,0.3028947368421053,0.5,570.0,6.810017271157167,579,82.13298791019008
730,0.3028947368421053,0.7000000000000001,30.0,4.891428571428575,175,92.36571428571425
731,0.3028947368421053,0.7000000000000001,90.0,11.677419354838712,93,920.4946236559142
732,0.3028947368421053,0.7000000000000001,150.0,12.070707070707071,99,273.44444444444434
733,0.3028947368421053,0.7000000000000001,210.0,10.094017094017095,117,303.0170940170941
734,0.3028947368421053,0.7000000000000001,270.0,11.462809917355381,121,318.30578512396687
735,0.3028947368421053,0.7000000000000001,330.0,13.45833333333333,120,454.10833333333335
736,0.3028947368421053,0.7000000000000001,390.0,9.762295081967213,122,243.92622950819674
737,0.3028947368421053,0.7000000000000001,450.0,11.583333333333336,120,358.65000000000003
738,0.3028947368421053,0.7000000000000001,510.0,7.825396825396822,63,101.03174603174597
739,0.3028947368421053,0.7000000000000001,570.0,8.379999999999995,50,108.77999999999994
740,0.3028947368421053,0.9,30.0,0.0,0,0.0
741,0.3028947368421053,0.9,90.0,0.0,0,0.0
742,0.3028947368421053,0.9,150.0,0.0,0,0.0
743,0.3028947368421053,0.9,210.0,0.0,0,0.0
744,0.3028947368421053,0.9,270.0,0.0,0,0.0
745,0.3028947368421053,0.9,330.0,0.0,0,0.0
746,0.3028947368421053,0.9,390.0,0.0,0,0.0
747,0.3028947368421053,0.9,450.0,0.0,0,0.0
748,0.3028947368421053,0.9,510.0,0.0,0,0.0
749,0.3028947368421053,0.9,570.0,0.0,0,0.0
750,0.32447368421052636,0.1,30.0,8.862857142857147,350,312.5542857142856
751,0.32447368421052636,0.1,90.0,14.935574229691873,357,544.1400560224092
752,0.32447368421052636,0.1,150.0,19.081206496519712,431,984.4779582366573
753,0.32447368421052636,0.1,210.0,20.253211009174297,545,1040.429357798164
754,0.32447368421052636,0.1,270.0,19.347826086956555,736,813.9565217391304
755,0.32447368421052636,0.1,330.0,19.8084378563284,877,882.5267958950968
756,0.32447368421052636,0.1,390.0,18.539944903581322,1089,650.1965105601463
757,0.32447368421052636,0.1,450.0,16.152203856749328,1452,475.69628099173485
758,0.32447368421052636,0.1,510.0,12.883287671232889,1825,308.8504109589044
759,0.32447368421052636,0.1,570.0,7.360360360360349,1554,95.76962676962658
760,0.32447368421052636,0.30000000000000004,30.0,10.967479674796754,123,304.2195121951221
761,0.32447368421052636,0.30000000000000004,90.0,20.10240963855423,166,1013.0301204819277
762,0.32447368421052636,0.30000000000000004,150.0,24.262008733624477,229,1421.458515283843
763,0.32447368421052636,0.30000000000000004,210.0,24.44072948328268,329,1110.075987841946
764,0.32447368421052636,0.30000000000000004,270.0,23.180000000000003,500,1087.908000000001
765,0.32447368421052636,0.30000000000000004,330.0,22.259493670886062,632,934.7974683544312
766,0.32447368421052636,0.30000000000000004,390.0,20.221165279429236,841,764.099881093936
767,0.32447368421052636,0.30000000000000004,450.0,17.728709394205445,1139,661.7673397717309
768,0.32447368421052636,0.30000000000000004,510.0,14.050110537951372,1357,399.4193072955041
769,0.32447368421052636,0.30000000000000004,570.0,8.843029637760702,911,149.27552140504937
770,0.32447368421052636,0.5,30.0,7.98867924528302,265,153.95849056603777
771,0.32447368421052636,0.5,90.0,16.41698841698843,259,686.6872586872589
772,0.32447368421052636,0.5,150.0,17.47513812154697,362,771.3591160220992
773,0.32447368421052636,0.5,210.0,20.199999999999992,450,1099.3111111111104
774,0.32447368421052636,0.5,270.0,18.852836879432648,564,775.2287234042561
775,0.32447368421052636,0.5,330.0,18.081779053084666,697,688.7274031563846
776,0.32447368421052636,0.5,390.0,17.24721878862797,809,610.7750309023482
777,0.32447368421052636,0.5,450.0,14.596584845250797,937,389.3820704375664
778,0.32447368421052636,0.5,510.0,11.260257913247365,853,222.44665885111365
779,0.32447368421052636,0.5,570.0,7.138686131386857,411,87.05596107055959
780,0.32447368421052636,0.7000000000000001,30.0,3.787037037037039,108,57.6759259259259
781,0.32447368421052636,0.7000000000000001,90.0,10.390624999999996,64,280.390625
782,0.32447368421052636,0.7000000000000001,150.0,12.15841584158416,101,332.97029702970286
783,0.32447368421052636,0.7000000000000001,210.0,13.157142857142855,70,445.5000000000001
784,0.32447368421052636,0.7000000000000001,270.0,17.132530120481928,83,871.0120481927711
785,0.32447368421052636,0.7000000000000001,330.0,12.806451612903231,93,435.15053763440864
786,0.32447368421052636,0.7000000000000001,390.0,14.423076923076923,104,627.0
787,0.32447368421052636,0.7000000000000001,450.0,10.447368421052632,76,214.10526315789468
788,0.32447368421052636,0.7000000000000001,510.0,8.49999999999999,72,129.86111111111111
789,0.32447368421052636,0.7000000000000001,570.0,3.647058823529412,17,21.176470588235293
790,0.32447368421052636,0.9,30.0,0.0,0,0.0
791,0.32447368421052636,0.9,90.0,0.0,0,0.0
792,0.32447368421052636,0.9,150.0,0.0,0,0.0
793,0.32447368421052636,0.9,210.0,0.0,0,0.0
794,0.32447368421052636,0.9,270.0,0.0,0,0.0
795,0.32447368421052636,0.9,330.0,0.0,0,0.0
796,0.32447368421052636,0.9,390.0,0.0,0,0.0
797,0.32447368421052636,0.9,450.0,0.0,0,0.0
798,0.32447368421052636,0.9,510.0,0.0,0,0.0
799,0.32447368421052636,0.9,570.0,0.0,0,0.0
800,0.3460526315789474,0.1,30.0,8.254180602006697,299,334.98327759197304
801,0.3460526315789474,0.1,90.0,15.367697594501713,291,575.5807560137453
802,0.3460526315789474,0.1,150.0,21.26647564469914,349,1011.2664756446989
803,0.3460526315789474,0.1,210.0,19.266968325791883,442,765.153846153845
804,0.3460526315789474,0.1,270.0,20.89090909090911,605,973.247933884298
805,0.3460526315789474,0.1,330.0,21.23138297872338,752,1047.6702127659555
806,0.3460526315789474,0.1,390.0,18.621118012422343,805,678.2409937888191
807,0.3460526315789474,0.1,450.0,16.19850187265919,1068,497.1891385767782
808,0.3460526315789474,0.1,510.0,13.00898876404493,1335,305.7400749063671
809,0.3460526315789474,0.1,570.0,7.590405904059044,1084,104.22324723247232
810,0.3460526315789474,0.30000000000000004,30.0,12.800000000000002,110,448.52727272727265
811,0.3460526315789474,0.30000000000000004,90.0,20.07317073170732,123,1014.2682926829276
812,0.3460526315789474,0.30000000000000004,150.0,23.637837837837832,185,1098.913513513514
813,0.3460526315789474,0.30000000000000004,210.0,22.66211604095563,293,1030.3071672354945
814,0.3460526315789474,0.30000000000000004,270.0,22.06937799043063,418,1063.6626794258377
815,0.3460526315789474,0.30000000000000004,330.0,22.069387755102056,490,976.3183673469401
816,0.3460526315789474,0.30000000000000004,390.0,19.224340175953078,682,724.4384164222865
817,0.3460526315789474,0.30000000000000004,450.0,17.005393743257862,927,518.8241639697941
818,0.3460526315789474,0.30000000000000004,510.0,12.949260042283289,946,299.9746300211416
819,0.3460526315789474,0.30000000000000004,570.0,7.7665745856353645,724,107.05386740331504
820,0.3460526315789474,0.5,30.0,6.691176470588228,204,132.92647058823536
821,0.3460526315789474,0.5,90.0,16.23305084745762,236,674.2076271186448
822,0.3460526315789474,0.5,150.0,17.57664233576642,274,753.7007299270077
823,0.3460526315789474,0.5,210.0,20.114035087719312,342,973.4532163742698
824,0.3460526315789474,0.5,270.0,19.33333333333334,444,871.1486486486493
825,0.3460526315789474,0.5,330.0,19.87298387096776,496,795.1270161290324
826,0.3460526315789474,0.5,390.0,15.121710526315805,608,464.3947368421059
827,0.3460526315789474,0.5,450.0,14.18662519440124,643,382.5692068429227
828,0.3460526315789474,0.5,510.0,11.657284768211905,604,230.78642384105984
829,0.3460526315789474,0.5,570.0,6.585889570552151,326,79.80061349693256
830,0.3460526315789474,0.7000000000000001,30.0,4.400000000000001,80,55.874999999999986
831,0.3460526315789474,0.7000000000000001,90.0,11.09375,64,298.1562499999997
832,0.3460526315789474,0.7000000000000001,150.0,11.483333333333333,60,357.54999999999995
833,0.3460526315789474,0.7000000000000001,210.0,11.979999999999995,50,374.69999999999993
834,0.3460526315789474,0.7000000000000001,270.0,9.344827586206895,58,214.13793103448268
835,0.3460526315789474,0.7000000000000001,330.0,16.238095238095227,63,729.0
836,0.3460526315789474,0.7000000000000001,390.0,14.86567164179104,67,591.7313432835821
837,0.3460526315789474,0.7000000000000001,450.0,9.836065573770481,61,215.77049180327865
838,0.3460526315789474,0.7000000000000001,510.0,9.325000000000001,40,145.575
839,0.3460526315789474,0.7000000000000001,570.0,5.800000000000001,20,50.99999999999999
840,0.3460526315789474,0.9,30.0,0.0,0,0.0
841,0.3460526315789474,0.9,90.0,0.0,0,0.0
842,0.3460526315789474,0.9,150.0,0.0,0,0.0
843,0.3460526315789474,0.9,210.0,0.0,0,0.0
844,0.3460526315789474,0.9,270.0,0.0,0,0.0
845,0.3460526315789474,0.9,330.0,0.0,0,0.0
846,0.3460526315789474,0.9,390.0,0.0,0,0.0
847,0.3460526315789474,0.9,450.0,0.0,0,0.0
848,0.3460526315789474,0.9,510.0,0.0,0,0.0
849,0.3460526315789474,0.9,570.0,0.0,0,0.0
850,0.3676315789473684,0.1,30.0,10.875502008032118,249,368.04819277108425
851,0.3676315789473684,0.1,90.0,16.970212765957452,235,826.5617021276602
852,0.3676315789473684,0.1,150.0,20.465986394557827,294,996.8537414965979
853,0.3676315789473684,0.1,210.0,20.85714285714285,350,979.5142857142864
854,0.3676315789473684,0.1,270.0,19.618951612903217,496,943.0786290322573
855,0.3676315789473684,0.1,330.0,20.180633147113575,537,766.7206703910612
856,0.3676315789473684,0.1,390.0,18.960000000000004,675,739.3540740740741
857,0.3676315789473684,0.1,450.0,16.55403726708074,805,496.3304347826088
858,0.3676315789473684,0.1,510.0,12.473684210526315,969,278.58720330237355
859,0.3676315789473684,0.1,570.0,7.0988023952095824,668,84.68862275449104
860,0.3676315789473684,0.30000000000000004,30.0,11.185840707964607,113,427.2566371681417
861,0.3676315789473684,0.30000000000000004,90.0,25.750000000000018,116,1626.2327586206895
862,0.3676315789473684,0.30000000000000004,150.0,26.986111111111118,144,1354.4027777777778
863,0.3676315789473684,0.30000000000000004,210.0,24.08298755186725,241,1195.9004149377608
864,0.3676315789473684,0.30000000000000004,270.0,24.459940652818975,337,1165.053412462909
865,0.3676315789473684,0.30000000000000004,330.0,23.18809523809523,420,970.0309523809522
866,0.3676315789473684,0.30000000000000004,390.0,19.8993399339934,606,732.0313531353128
867,0.3676315789473684,0.30000000000000004,450.0,16.290184921763874,703,496.32432432432427
868,0.3676315789473684,0.30000000000000004,510.0,12.424936386768433,786,279.90330788804084
869,0.3676315789473684,0.30000000000000004,570.0,7.6153846153846185,338,99.13609467455618
870,0.3676315789473684,0.5,30.0,7.931034482758621,174,249.32183908045988
871,0.3676315789473684,0.5,90.0,14.999999999999996,195,661.1743589743598
872,0.3676315789473684,0.5,150.0,16.923076923076927,221,643.2488687782807
873,0.3676315789473684,0.5,210.0,18.173431734317333,271,734.6826568265683
874,0.3676315789473684,0.5,270.0,19.188622754491035,334,755.7335329341325
875,0.3676315789473684,0.5,330.0,19.099273607748184,413,756.6440677966101
876,0.3676315789473684,0.5,390.0,15.23271889400921,434,450.8870967741935
877,0.3676315789473684,0.5,450.0,14.00813008130082,492,352.7276422764225
878,0.3676315789473684,0.5,510.0,10.784688995215312,418,205.28229665071754
879,0.3676315789473684,0.5,570.0,6.111842105263154,152,60.36184210526315
880,0.3676315789473684,0.7000000000000001,30.0,5.3137254901960755,51,67.70588235294116
881,0.3676315789473684,0.7000000000000001,90.0,9.617647058823527,34,299.6764705882353
882,0.3676315789473684,0.7000000000000001,150.0,10.366666666666665,30,510.36666666666656
883,0.3676315789473684,0.7000000000000001,210.0,11.965517241379308,29,311.0689655172414
884,0.3676315789473684,0.7000000000000001,270.0,12.591836734693874,49,536.2653061224488
885,0.3676315789473684,0.7000000000000001,330.0,8.500000000000002,42,144.54761904761904
886,0.3676315789473684,0.7000000000000001,390.0,11.918918918918921,37,576.189189189189
887,0.3676315789473684,0.7000000000000001,450.0,10.093750000000002,32,194.15625000000003
888,0.3676315789473684,0.7000000000000001,510.0,9.565217391304348,23,195.99999999999994
889,0.3676315789473684,0.7000000000000001,570.0,8.25,4,111.25
890,0.3676315789473684,0.9,30.0,0.0,0,0.0
891,0.3676315789473684,0.9,90.0,0.0,0,0.0
892,0.3676315789473684,0.9,150.0,0.0,0,0.0
893,0.3676315789473684,0.9,210.0,0.0,0,0.0
894,0.3676315789473684,0.9,270.0,0.0,0,0.0
895,0.3676315789473684,0.9,330.0,0.0,0,0.0
896,0.3676315789473684,0.9,390.0,0.0,0,0.0
897,0.3676315789473684,0.9,450.0,0.0,0,0.0
898,0.3676315789473684,0.9,510.0,0.0,0,0.0
899,0.3676315789473684,0.9,570.0,0.0,0,0.0
900,0.3892105263157895,0.1,30.0,8.576086956521737,184,218.18478260869574
901,0.3892105263157895,0.1,90.0,20.298013245033097,151,1156.470198675497
902,0.3892105263157895,0.1,150.0,22.930555555555564,216,1268.7268518518495
903,0.3892105263157895,0.1,210.0,18.683593750000007,256,725.7539062499994
904,0.3892105263157895,0.1,270.0,23.332361516034982,343,1129.256559766765
905,0.3892105263157895,0.1,330.0,20.619047619047613,441,928.7505668934232
906,0.3892105263157895,0.1,390.0,19.12298387096773,496,764.8245967741935
907,0.3892105263157895,0.1,450.0,16.29302325581393,645,510.20620155038785
908,0.3892105263157895,0.1,510.0,13.668135095447864,681,375.1894273127755
909,0.3892105263157895,0.1,570.0,7.371549893842887,471,99.09554140127375
910,0.3892105263157895,0.30000000000000004,30.0,14.058139534883717,86,630.174418604651
911,0.3892105263157895,0.30000000000000004,90.0,21.14000000000001,100,1011.0200000000006
912,0.3892105263157895,0.30000000000000004,150.0,21.773972602739736,146,1053.7191780821922
913,0.3892105263157895,0.30000000000000004,210.0,23.02714932126698,221,1034.9909502262442
914,0.3892105263157895,0.30000000000000004,270.0,22.50533807829182,281,994.177935943061
915,0.3892105263157895,0.30000000000000004,330.0,20.302083333333332,384,804.7395833333331
916,0.3892105263157895,0.30000000000000004,390.0,19.255905511811005,508,712.1456692913385
917,0.3892105263157895,0.30000000000000004,450.0,15.121911037891259,607,412.25864909390395
918,0.3892105263157895,0.30000000000000004,510.0,12.224755700325737,614,283.6091205211727
919,0.3892105263157895,0.30000000000000004,570.0,6.753676470588236,272,82.74632352941182
920,0.3892105263157895,0.5,30.0,10.829268292682924,123,388.6666666666666
921,0.3892105263157895,0.5,90.0,13.83802816901409,142,412.6267605633802
922,0.3892105263157895,0.5,150.0,17.765432098765434,162,854.3456790123454
923,0.3892105263157895,0.5,210.0,15.044444444444444,225,563.2933333333337
924,0.3892105263157895,0.5,270.0,17.887159533073962,257,652.891050583658
925,0.3892105263157895,0.5,330.0,16.241610738255023,298,572.6375838926176
926,0.3892105263157895,0.5,390.0,16.19999999999999,350,540.6285714285717
927,0.3892105263157895,0.5,450.0,15.049861495844889,361,431.4709141274236
928,0.3892105263157895,0.5,510.0,11.389078498293507,293,229.58703071672355
929,0.3892105263157895,0.5,570.0,6.480000000000001,100,72.76000000000003
930,0.3892105263157895,0.7000000000000001,30.0,2.526315789473684,38,9.947368421052634
931,0.3892105263157895,0.7000000000000001,90.0,9.363636363636363,22,412.90909090909093
932,0.3892105263157895,0.7000000000000001,150.0,7.869565217391305,23,208.04347826086956
933,0.3892105263157895,0.7000000000000001,210.0,7.440000000000001,25,138.23999999999998
934,0.3892105263157895,0.7000000000000001,270.0,4.916666666666667,12,40.08333333333333
935,0.3892105263157895,0.7000000000000001,330.0,11.307692307692307,13,295.6153846153846
936,0.3892105263157895,0.7000000000000001,390.0,8.545454545454545,11,112.54545454545455
937,0.3892105263157895,0.7000000000000001,450.0,14.666666666666666,3,322.0
938,0.3892105263157895,0.7000000000000001,510.0,3.0,5,11.0
939,0.3892105263157895,0.7000000000000001,570.0,5.5,2,30.5
940,0.3892105263157895,0.9,30.0,0.0,0,0.0
941,0.3892105263157895,0.9,90.0,0.0,0,0.0
942,0.3892105263157895,0.9,150.0,0.0,0,0.0
943,0.3892105263157895,0.9,210.0,0.0,0,0.0
944,0.3892105263157895,0.9,270.0,0.0,0,0.0
945,0.3892105263157895,0.9,330.0,0.0,0,0.0
946,0.3892105263157895,0.9,390.0,0.0,0,0.0
947,0.3892105263157895,0.9,450.0,0.0,0,0.0
948,0.3892105263157895,0.9,510.0,0.0,0,0.0
949,0.3892105263157895,0.9,570.0,0.0,0,0.0
950,0.7,0.1,30.0,9.343773303504845,1341,291.55853840417694
951,0.7,0.1,90.0,19.546676624346553,1339,950.9417475728175
952,0.7,0.1,150.0,21.988714733542324,1595,1271.7918495297804
953,0.7,0.1,210.0,21.50578179989943,1989,1009.1739567621918
954,0.7,0.1,270.0,20.329124236252557,2455,918.4790224032591
955,0.7,0.1,330.0,19.039536468984362,2934,740.4008179959085
956,0.7,0.1,390.0,17.142415817114678,3237,626.967562557925
957,0.7,0.1,450.0,14.505558987029028,3238,407.5592958616428
958,0.7,0.1,510.0,12.159831353008812,2609,284.09927175162915
959,0.7,0.1,570.0,7.940212940212927,1221,109.11957411957383
960,0.7,0.30000000000000004,30.0,10.558238636363624,704,359.9332386363634
961,0.7,0.30000000000000004,90.0,18.84935064935065,770,824.8519480519483
962,0.7,0.30000000000000004,150.0,20.311172668513393,1083,985.869806094182
963,0.7,0.30000000000000004,210.0,21.823008849557535,1469,1043.874744724301
964,0.7,0.30000000000000004,270.0,21.379578246392924,1802,936.8102108768024
965,0.7,0.30000000000000004,330.0,19.220270270270312,2220,780.8941441441448
966,0.7,0.30000000000000004,390.0,17.333710407239828,2652,584.2763951734541
967,0.7,0.30000000000000004,450.0,14.314104701567171,2999,384.4321440480148
968,0.7,0.30000000000000004,510.0,11.236022364217257,2504,226.01317891373793
969,0.7,0.30000000000000004,570.0,7.328375286041191,874,94.88901601830682
970,0.7,0.5,30.0,5.313583815028889,1384,111.7124277456647
971,0.7,0.5,90.0,10.441077441077436,891,299.5970819304155
972,0.7,0.5,150.0,12.376857749469206,942,439.2091295116772
973,0.7,0.5,210.0,13.23319327731092,952,434.00420168067285
974,0.7,0.5,270.0,13.736585365853658,1025,492.2009756097556
975,0.7,0.5,330.0,13.300469483568087,1065,421.9389671361497
976,0.7,0.5,390.0,13.034146341463396,1025,390.2107317073167
977,0.7,0.5,450.0,11.698863636363608,880,273.6374999999996
978,0.7,0.5,510.0,9.240137221269293,583,165.97084048027443
979,0.7,0.5,570.0,7.1874999999999964,176,88.94886363636365
980,0.7,0.7000000000000001,30.0,0.0,0,0.0
981,0.7,0.7000000000000001,90.0,0.0,0,0.0
982,0.7,0.7000000000000001,150.0,0.0,0,0.0
983,0.7,0.7000000000000001,210.0,0.0,0,0.0
984,0.7,0.7000000000000001,270.0,0.0,0,0.0
985,0.7,0.7000000000000001,330.0,0.0,0,0.0
986,0.7,0.7000000000000001,390.0,0.0,0,0.0
987,0.7,0.7000000000000001,450.0,0.0,0,0.0
988,0.7,0.7000000000000001,510.0,0.0,0,0.0
989,0.7,0.7000000000000001,570.0,0.0,0,0.0
990,0.7,0.9,30.0,0.0,0,0.0
991,0.7,0.9,90.0,0.0,0,0.0
992,0.7,0.9,150.0,0.0,0,0.0
993,0.7,0.9,210.0,0.0,0,0.0
994,0.7,0.9,270.0,0.0,0,0.0
995,0.7,0.9,330.0,0.0,0,0.0
996,0.7,0.9,390.0,0.0,0,0.0
997,0.7,0.9,450.0,0.0,0,0.0
998,0.7,0.9,510.0,0.0,0,0.0
999,0.7,0.9,570.0,0.0,0,0.0
