,voc_bin,U_bin,clock_bin,rtmean,rtcount,rt_squaredmean
0,0.0007894736842105274,0.1,30.0,2.8687553509035806,561821,29.871227668599005
1,0.0007894736842105274,0.1,90.0,3.9724422435914537,521414,36.53943507462394
2,0.0007894736842105274,0.1,150.0,3.2103015400543544,262718,20.800226859217908
3,0.0007894736842105274,0.30000000000000004,30.0,3.575512929464617,214162,40.27852280049694
4,0.0007894736842105274,0.30000000000000004,90.0,4.836625463180166,313323,53.141633394292576
5,0.0007894736842105274,0.30000000000000004,150.0,3.509446317069124,361940,25.108871636182787
6,0.0007894736842105274,0.5,30.0,2.9690677456394545,457225,34.217052873311985
7,0.0007894736842105274,0.5,90.0,4.6756702247753585,738782,55.8246614021456
8,0.0007894736842105274,0.5,150.0,2.6214846472654965,3681494,16.14646825446403
9,0.0007894736842105274,0.7000000000000001,30.0,3.5438415626695603,221160,38.48232953517816
10,0.0007894736842105274,0.7000000000000001,90.0,4.9284294437773255,391390,52.987546948056995
11,0.0007894736842105274,0.7000000000000001,150.0,3.6926500825089774,566605,26.181438568314743
12,0.0007894736842105274,0.9,30.0,2.5781699527302164,686485,21.13414714086983
13,0.0007894736842105274,0.9,90.0,4.056623630730912,674630,34.9431718126973
14,0.0007894736842105274,0.9,150.0,3.35117685848892,420059,20.730473576330986
15,0.022368421052631583,0.1,30.0,4.0337076897862305,128131,48.121289929837396
16,0.022368421052631583,0.1,90.0,5.018773977130178,161873,52.11782076071973
17,0.022368421052631583,0.1,150.0,3.746693667080727,95801,26.461801025041424
18,0.022368421052631583,0.30000000000000004,30.0,4.008430036999626,47568,47.22256559031277
19,0.022368421052631583,0.30000000000000004,90.0,5.660627395547327,73574,66.17695109685528
20,0.022368421052631583,0.30000000000000004,150.0,3.918782502294278,104608,29.133794738452178
21,0.022368421052631583,0.5,30.0,4.121094195461285,70152,52.49454042650256
22,0.022368421052631583,0.5,90.0,5.681957547169793,169600,72.80305424528302
23,0.022368421052631583,0.5,150.0,3.0913553611235445,878799,20.753034539183584
24,0.022368421052631583,0.7000000000000001,30.0,3.6698637981103577,48898,37.016299235142796
25,0.022368421052631583,0.7000000000000001,90.0,5.371952369575911,79529,56.83141998516277
26,0.022368421052631583,0.7000000000000001,150.0,4.0869496678302175,88810,30.007499155500504
27,0.022368421052631583,0.9,30.0,3.46207819332941,91926,31.664110262602467
28,0.022368421052631583,0.9,90.0,4.86229356981609,123589,45.22083680586457
29,0.022368421052631583,0.9,150.0,3.74416321046035,77397,24.314133622750333
30,0.04394736842105264,0.1,30.0,4.187974224503439,71696,51.432757754965465
31,0.04394736842105264,0.1,90.0,5.3740417388547135,88311,60.02322473983986
32,0.04394736842105264,0.1,150.0,3.9458711023316777,54167,30.262299924308092
33,0.04394736842105264,0.30000000000000004,30.0,4.560146004263858,30958,59.320983267652984
34,0.04394736842105264,0.30000000000000004,90.0,6.064036654220082,55437,75.20194094197014
35,0.04394736842105264,0.30000000000000004,150.0,4.039676037545947,85442,31.0523864141757
36,0.04394736842105264,0.5,30.0,4.719251264572987,36969,61.78138440314837
37,0.04394736842105264,0.5,90.0,6.27736617595176,93537,83.29456792499235
38,0.04394736842105264,0.5,150.0,3.591471440629438,338838,26.25174567197296
39,0.04394736842105264,0.7000000000000001,30.0,4.038583721432303,32423,44.03623970638127
40,0.04394736842105264,0.7000000000000001,90.0,5.61804278561674,54925,61.556540737369154
41,0.04394736842105264,0.7000000000000001,150.0,4.238919114980072,55140,32.10834240116067
42,0.04394736842105264,0.9,30.0,3.2639938020530783,46467,30.631458884800026
43,0.04394736842105264,0.9,90.0,4.8795408507764755,51835,45.82947815182787
44,0.04394736842105264,0.9,150.0,3.8434205933682515,28650,26.041396160558484
45,0.0655263157894737,0.1,30.0,4.571375798195164,37898,60.43152672964276
46,0.0655263157894737,0.1,90.0,5.739997105105337,48361,68.9800459047583
47,0.0655263157894737,0.1,150.0,4.080044072849844,30858,32.03007323870654
48,0.0655263157894737,0.30000000000000004,30.0,4.88849414996922,21111,66.18071147742924
49,0.0655263157894737,0.30000000000000004,90.0,6.325732421874979,40960,80.11860351562507
50,0.0655263157894737,0.30000000000000004,150.0,4.156499969469369,65508,33.30414605849658
51,0.0655263157894737,0.5,30.0,5.014049700242566,21851,69.27600567479712
52,0.0655263157894737,0.5,90.0,6.474877846409182,54235,86.15242924310874
53,0.0655263157894737,0.5,150.0,3.989416902835391,146082,31.409482345531945
54,0.0655263157894737,0.7000000000000001,30.0,4.234560879662571,21099,48.01170671595827
55,0.0655263157894737,0.7000000000000001,90.0,5.830997163550251,36313,66.01930438135146
56,0.0655263157894737,0.7000000000000001,150.0,4.372556720340784,33101,33.66176248451739
57,0.0655263157894737,0.9,30.0,3.4730883813306845,20140,34.158689175769545
58,0.0655263157894737,0.9,90.0,4.921684249320486,21707,47.77901137881802
59,0.0655263157894737,0.9,150.0,3.8053929565300844,10421,25.159389693887316
60,0.08710526315789476,0.1,30.0,4.7393122049899254,22245,65.0807821982473
61,0.08710526315789476,0.1,90.0,5.8421352718979165,28062,70.66459981469592
62,0.08710526315789476,0.1,150.0,4.2043706777316885,18075,34.17637621023515
63,0.08710526315789476,0.30000000000000004,30.0,5.078044375645007,15504,68.36222910216699
64,0.08710526315789476,0.30000000000000004,90.0,6.590299874650452,31113,86.59145694725672
65,0.08710526315789476,0.30000000000000004,150.0,4.228135754123655,50562,34.23122107511596
66,0.08710526315789476,0.5,30.0,5.238215185318469,13895,76.59510615329239
67,0.08710526315789476,0.5,90.0,6.654113487926196,33378,89.58868116723598
68,0.08710526315789476,0.5,150.0,4.179498596718455,74112,34.11405710276304
69,0.08710526315789476,0.7000000000000001,30.0,4.512150756693833,13744,54.09727881257265
70,0.08710526315789476,0.7000000000000001,90.0,5.974920025591798,23445,69.41394753678824
71,0.08710526315789476,0.7000000000000001,150.0,4.459164619164622,20350,35.11970515970495
72,0.08710526315789476,0.9,30.0,3.3162551986549875,11301,30.97363065215466
73,0.08710526315789476,0.9,90.0,4.756927710843375,9960,44.79849397590376
74,0.08710526315789476,0.9,150.0,3.7891501870657383,3742,25.825494388027757
75,0.1086842105263158,0.1,30.0,4.83843620822532,14273,68.2490716737898
76,0.1086842105263158,0.1,90.0,6.161088954395691,17301,80.49251488353285
77,0.1086842105263158,0.1,150.0,4.434595959595964,11880,39.493350168350226
78,0.1086842105263158,0.30000000000000004,30.0,5.253164556962033,11929,73.38511191214691
79,0.1086842105263158,0.30000000000000004,90.0,6.795613818121842,24258,92.46854645890019
80,0.1086842105263158,0.30000000000000004,150.0,4.293761605054401,41469,35.78919192649941
81,0.1086842105263158,0.5,30.0,5.363606806112515,9227,75.73707597268849
82,0.1086842105263158,0.5,90.0,6.746297982460332,20867,90.97287583265471
83,0.1086842105263158,0.5,150.0,4.425858786092478,38339,37.082996426614955
84,0.1086842105263158,0.7000000000000001,30.0,4.628808561756001,9157,56.439445233155084
85,0.1086842105263158,0.7000000000000001,90.0,6.1807292352244465,15194,73.73608003159157
86,0.1086842105263158,0.7000000000000001,150.0,4.516346530772241,12755,36.05817326538626
87,0.1086842105263158,0.9,30.0,3.1268942076193125,7061,30.483642543549095
88,0.1086842105263158,0.9,90.0,4.54245108896272,5418,42.10502030269469
89,0.1086842105263158,0.9,150.0,3.706266318537855,1532,25.107049608355076
90,0.13026315789473686,0.1,30.0,5.018010382455777,9439,75.31719461807371
91,0.13026315789473686,0.1,90.0,6.4917273896271,11665,87.9098156879556
92,0.13026315789473686,0.1,150.0,4.5721209323794065,8666,40.32310177705967
93,0.13026315789473686,0.30000000000000004,30.0,5.409393047836989,9177,77.40568813337683
94,0.13026315789473686,0.30000000000000004,90.0,6.996110176619012,19024,98.24568965517217
95,0.13026315789473686,0.30000000000000004,150.0,4.396786543651574,31866,37.48070043306355
96,0.13026315789473686,0.5,30.0,5.389229825099728,6518,74.23918379871117
97,0.13026315789473686,0.5,90.0,6.856191744340859,14269,93.08129511528456
98,0.13026315789473686,0.5,150.0,4.601016635859524,21640,38.66192236598888
99,0.13026315789473686,0.7000000000000001,30.0,4.714168175086408,6077,54.09873292743126
100,0.13026315789473686,0.7000000000000001,90.0,6.313809669835409,9783,77.51793928242826
101,0.13026315789473686,0.7000000000000001,150.0,4.52071753410814,7916,35.60106114199116
102,0.13026315789473686,0.9,30.0,2.7737091133511513,4861,25.471096482205432
103,0.13026315789473686,0.9,90.0,4.463031114084994,2989,41.97591167614594
104,0.13026315789473686,0.9,150.0,3.5520110957004185,721,23.147018030513227
105,0.1518421052631579,0.1,30.0,5.32590784253892,6554,91.09978638999078
106,0.1518421052631579,0.1,90.0,6.76484674329502,8352,94.80244252873578
107,0.1518421052631579,0.1,150.0,4.6825534373194655,6924,41.91883304448309
108,0.1518421052631579,0.30000000000000004,30.0,5.684811733182901,7091,88.54731349598107
109,0.1518421052631579,0.30000000000000004,90.0,7.072140322140318,14652,99.62428337428378
110,0.1518421052631579,0.30000000000000004,150.0,4.490638582413922,23928,38.74105650284181
111,0.1518421052631579,0.5,30.0,5.424945032980205,5003,75.59004597241632
112,0.1518421052631579,0.5,90.0,7.01756940399923,10302,99.73141137643147
113,0.1518421052631579,0.5,150.0,4.730666468754657,13474,40.547053584681606
114,0.1518421052631579,0.7000000000000001,30.0,4.714996446339713,4221,58.58516939113942
115,0.1518421052631579,0.7000000000000001,90.0,6.330349013657053,6590,77.52610015174493
116,0.1518421052631579,0.7000000000000001,150.0,4.483797178802893,5246,34.95081967213104
117,0.1518421052631579,0.9,30.0,2.7516578249336834,3016,22.812002652519897
118,0.1518421052631579,0.9,90.0,4.3267716535433065,1778,39.94994375703034
119,0.1518421052631579,0.9,150.0,3.6789473684210487,380,25.921052631578938
120,0.17342105263157898,0.1,30.0,5.622805205536019,4841,94.10245816979958
121,0.17342105263157898,0.1,90.0,7.141285824941924,6455,102.40387296669253
122,0.17342105263157898,0.1,150.0,4.704796411318153,5796,41.17408557625949
123,0.17342105263157898,0.30000000000000004,30.0,5.702984537935976,5562,91.37900035958296
124,0.17342105263157898,0.30000000000000004,90.0,7.130008826125305,11330,102.0904677846424
125,0.17342105263157898,0.30000000000000004,150.0,4.565406818429353,18362,39.905348001307004
126,0.17342105263157898,0.5,30.0,5.5244171779141205,4075,78.83141104294467
127,0.17342105263157898,0.5,90.0,6.902708253112555,7791,93.40225901681407
128,0.17342105263157898,0.5,150.0,4.715145322434141,8808,40.64271117166208
129,0.17342105263157898,0.7000000000000001,30.0,4.85995554144173,3149,60.43505874880909
130,0.17342105263157898,0.7000000000000001,90.0,6.389737065309584,4716,80.68193384223919
131,0.17342105263157898,0.7000000000000001,150.0,4.602941176470591,3604,37.4336847946725
132,0.17342105263157898,0.9,30.0,2.350352112676054,1704,20.90669014084508
133,0.17342105263157898,0.9,90.0,3.622478386167147,694,30.44956772334296
134,0.17342105263157898,0.9,150.0,3.81651376146789,109,27.798165137614692
135,0.195,0.1,30.0,5.764556246466933,3538,94.48982475975126
136,0.195,0.1,90.0,7.208864371314423,5257,105.00532623169137
137,0.195,0.1,150.0,4.775666144200642,5104,41.57621473354237
138,0.195,0.30000000000000004,30.0,5.679484378413778,4577,86.14048503386486
139,0.195,0.30000000000000004,90.0,7.301262710917409,8949,106.33757961783425
140,0.195,0.30000000000000004,150.0,4.590188096574949,14248,41.03249578888255
141,0.195,0.5,30.0,5.491324465008679,3458,79.93030653556958
142,0.195,0.5,90.0,6.78266391490712,6299,88.26226385140512
143,0.195,0.5,150.0,4.776869893148958,6364,41.47862979258336
144,0.195,0.7000000000000001,30.0,4.532912889239262,2537,57.96767836026794
145,0.195,0.7000000000000001,90.0,6.229888712241655,3145,75.3179650238472
146,0.195,0.7000000000000001,150.0,4.6060996563573715,2328,36.99527491408947
147,0.195,0.9,30.0,1.904347826086957,690,10.11884057971014
148,0.195,0.9,90.0,2.896907216494842,194,17.164948453608243
149,0.195,0.9,150.0,1.5714285714285714,14,3.4285714285714284
150,0.2165789473684211,0.1,30.0,6.131974248927036,2796,104.22281831187411
151,0.2165789473684211,0.1,90.0,7.173128944995485,4436,101.7975653742113
152,0.2165789473684211,0.1,150.0,4.7488190593551,4869,44.64530704456771
153,0.2165789473684211,0.30000000000000004,30.0,5.888085676037479,3735,89.76546184738925
154,0.2165789473684211,0.30000000000000004,90.0,7.259224091155716,7372,106.40111231687474
155,0.2165789473684211,0.30000000000000004,150.0,4.6692164013163735,11243,41.97153784577085
156,0.2165789473684211,0.5,30.0,5.296498554449083,3113,69.23353678123996
157,0.2165789473684211,0.5,90.0,6.637749120750289,5118,84.32981633450574
158,0.2165789473684211,0.5,150.0,4.766710069444437,4608,41.17165798611136
159,0.2165789473684211,0.7000000000000001,30.0,4.063609467455622,2028,48.99063116370812
160,0.2165789473684211,0.7000000000000001,90.0,6.226685133887353,2166,75.16481994459842
161,0.2165789473684211,0.7000000000000001,150.0,4.71191135734071,1444,40.239612188365726
162,0.2165789473684211,0.9,30.0,0.0,0,0.0
163,0.2165789473684211,0.9,90.0,0.0,0,0.0
164,0.2165789473684211,0.9,150.0,0.0,0,0.0
165,0.23815789473684212,0.1,30.0,6.156999563890102,2293,110.04099433057141
166,0.23815789473684212,0.1,90.0,7.567285677944537,3931,114.48766217247473
167,0.23815789473684212,0.1,150.0,4.799175257731938,4850,43.58309278350521
168,0.23815789473684212,0.30000000000000004,30.0,6.22335025380711,3152,108.92512690355322
169,0.23815789473684212,0.30000000000000004,90.0,7.245546861994319,6007,103.46395871483264
170,0.23815789473684212,0.30000000000000004,150.0,4.634972801450581,8824,40.61344061650022
171,0.23815789473684212,0.5,30.0,5.542731921110302,2738,84.31044558071592
172,0.23815789473684212,0.5,90.0,6.778598612043872,4467,89.0073875083945
173,0.23815789473684212,0.5,150.0,4.8446204957832775,3913,42.97291081012006
174,0.23815789473684212,0.7000000000000001,30.0,4.044969512195116,1312,54.88643292682934
175,0.23815789473684212,0.7000000000000001,90.0,6.2371695178849125,1286,82.28071539657846
176,0.23815789473684212,0.7000000000000001,150.0,4.660074165636594,809,37.184177997527804
177,0.23815789473684212,0.9,30.0,0.0,0,0.0
178,0.23815789473684212,0.9,90.0,0.0,0,0.0
179,0.23815789473684212,0.9,150.0,0.0,0,0.0
180,0.25973684210526315,0.1,30.0,6.330116810563735,1969,105.56932453021858
181,0.25973684210526315,0.1,90.0,7.494110887675971,3481,111.84343579431179
182,0.25973684210526315,0.1,150.0,4.751457119067456,4804,44.85303913405488
183,0.25973684210526315,0.30000000000000004,30.0,5.789174867524593,2642,88.90045420136254
184,0.25973684210526315,0.30000000000000004,90.0,7.355494720375424,5114,106.3687915526004
185,0.25973684210526315,0.30000000000000004,150.0,4.4089748757221585,7443,38.68601370415163
186,0.25973684210526315,0.5,30.0,5.366551126516469,2308,76.34315424610043
187,0.25973684210526315,0.5,90.0,6.914033208355671,3734,92.37573647562911
188,0.25973684210526315,0.5,150.0,4.654920634920631,3150,39.319682539682454
189,0.25973684210526315,0.7000000000000001,30.0,4.035545023696683,844,59.6208530805687
190,0.25973684210526315,0.7000000000000001,90.0,6.19172413793104,725,74.768275862069
191,0.25973684210526315,0.7000000000000001,150.0,4.280323450134772,371,29.97843665768194
192,0.25973684210526315,0.9,30.0,0.0,0,0.0
193,0.25973684210526315,0.9,90.0,0.0,0,0.0
194,0.25973684210526315,0.9,150.0,0.0,0,0.0
195,0.28131578947368424,0.1,30.0,6.110154905335618,1743,100.0814687320709
196,0.28131578947368424,0.1,90.0,7.50662966389146,3243,112.02836879432591
197,0.28131578947368424,0.1,150.0,4.723422644770975,4628,43.91573033707861
198,0.28131578947368424,0.30000000000000004,30.0,5.972936400541258,2217,89.66441136671168
199,0.28131578947368424,0.30000000000000004,90.0,7.3983976693371964,4119,110.58703568827379
200,0.28131578947368424,0.30000000000000004,150.0,4.6746150957566615,5326,41.81918888471638
201,0.28131578947368424,0.5,30.0,5.311166253101738,2015,68.1846153846154
202,0.28131578947368424,0.5,90.0,6.883674818241884,3026,91.18241903502947
203,0.28131578947368424,0.5,150.0,4.722021660649806,2493,40.189330124348146
204,0.28131578947368424,0.7000000000000001,30.0,3.5282392026578084,602,44.82392026578071
205,0.28131578947368424,0.7000000000000001,90.0,6.484848484848477,462,89.91341991341999
206,0.28131578947368424,0.7000000000000001,150.0,4.162921348314604,178,32.93820224719101
207,0.28131578947368424,0.9,30.0,0.0,0,0.0
208,0.28131578947368424,0.9,90.0,0.0,0,0.0
209,0.28131578947368424,0.9,150.0,0.0,0,0.0
210,0.3028947368421053,0.1,30.0,5.814029363784656,1839,89.25285481239807
211,0.3028947368421053,0.1,90.0,7.507317073170733,3075,111.94699186991842
212,0.3028947368421053,0.1,150.0,4.682736455463711,4356,41.37144168962353
213,0.3028947368421053,0.30000000000000004,30.0,6.45102040816327,1470,100.2156462585034
214,0.3028947368421053,0.30000000000000004,90.0,7.6672349130583095,2933,115.46198431639947
215,0.3028947368421053,0.30000000000000004,150.0,4.7162017167381975,3728,41.1818669527898
216,0.3028947368421053,0.5,30.0,5.302409638554198,1660,67.54216867469877
217,0.3028947368421053,0.5,90.0,6.659759635308727,2413,81.2300041442187
218,0.3028947368421053,0.5,150.0,4.619209039548008,1770,39.38531073446317
219,0.3028947368421053,0.7000000000000001,30.0,3.3159090909090883,440,35.02500000000012
220,0.3028947368421053,0.7000000000000001,90.0,5.915032679738557,306,78.68627450980387
221,0.3028947368421053,0.7000000000000001,150.0,5.377049180327872,122,57.52459016393446
222,0.3028947368421053,0.9,30.0,0.0,0,0.0
223,0.3028947368421053,0.9,90.0,0.0,0,0.0
224,0.3028947368421053,0.9,150.0,0.0,0,0.0
225,0.32447368421052636,0.1,30.0,5.880133185349603,1802,98.00332963374021
226,0.32447368421052636,0.1,90.0,7.464804063860662,2756,109.8334542815674
227,0.32447368421052636,0.1,150.0,4.600809511763224,3953,40.90842398178601
228,0.32447368421052636,0.30000000000000004,30.0,7.116630669546429,926,118.91144708423329
229,0.32447368421052636,0.30000000000000004,90.0,7.567720622935349,2119,111.0335063709299
230,0.32447368421052636,0.30000000000000004,150.0,5.109877032923445,2521,50.74335581118601
231,0.32447368421052636,0.5,30.0,5.146001467351415,1363,73.20616287600875
232,0.32447368421052636,0.5,90.0,6.976216216216221,1850,94.23459459459448
233,0.32447368421052636,0.5,150.0,4.727413127413114,1295,39.93359073359066
234,0.32447368421052636,0.7000000000000001,30.0,3.184750733137829,341,26.93255131964811
235,0.32447368421052636,0.7000000000000001,90.0,5.4476190476190505,210,55.114285714285714
236,0.32447368421052636,0.7000000000000001,150.0,4.450549450549447,91,45.6813186813187
237,0.32447368421052636,0.9,30.0,0.0,0,0.0
238,0.32447368421052636,0.9,90.0,0.0,0,0.0
239,0.32447368421052636,0.9,150.0,0.0,0,0.0
240,0.3460526315789474,0.1,30.0,6.231075697211133,1506,103.45683930942882
241,0.3460526315789474,0.1,90.0,7.410004675081819,2139,114.2767648433847
242,0.3460526315789474,0.1,150.0,4.7784050811573655,2834,45.245589273112266
243,0.3460526315789474,0.30000000000000004,30.0,6.87375,800,113.07625
244,0.3460526315789474,0.30000000000000004,90.0,7.7252681764004825,1678,114.81108462455295
245,0.3460526315789474,0.30000000000000004,150.0,4.895754970445997,1861,45.44814615797955
246,0.3460526315789474,0.5,30.0,5.15000000000001,1060,70.21603773584908
247,0.3460526315789474,0.5,90.0,6.848633496846527,1427,89.09250175192722
248,0.3460526315789474,0.5,150.0,4.820303383897312,857,41.78646441073514
249,0.3460526315789474,0.7000000000000001,30.0,3.7283950617283943,243,51.40740740740741
250,0.3460526315789474,0.7000000000000001,90.0,5.57046979865772,149,63.83892617449669
251,0.3460526315789474,0.7000000000000001,150.0,3.5500000000000007,60,19.383333333333333
252,0.3460526315789474,0.9,30.0,0.0,0,0.0
253,0.3460526315789474,0.9,90.0,0.0,0,0.0
254,0.3460526315789474,0.9,150.0,0.0,0,0.0
255,0.3676315789473684,0.1,30.0,6.262711864406764,1180,108.23559322033876
256,0.3676315789473684,0.1,90.0,7.133522727272711,1760,98.45852272727262
257,0.3676315789473684,0.1,150.0,4.849210392256761,1963,43.59704533876718
258,0.3676315789473684,0.30000000000000004,30.0,7.143067846607663,678,139.019174041298
259,0.3676315789473684,0.30000000000000004,90.0,7.423276501111937,1349,100.29206819866576
260,0.3676315789473684,0.30000000000000004,150.0,5.038929440389281,1233,46.42092457420924
261,0.3676315789473684,0.5,30.0,5.343980343980345,814,82.23832923832938
262,0.3676315789473684,0.5,90.0,6.4929709465792085,1067,80.40299906279282
263,0.3676315789473684,0.5,150.0,4.783303730017759,563,43.00355239786853
264,0.3676315789473684,0.7000000000000001,30.0,3.0675675675675675,148,24.648648648648653
265,0.3676315789473684,0.7000000000000001,90.0,6.275510204081629,98,78.68367346938778
266,0.3676315789473684,0.7000000000000001,150.0,3.9210526315789473,38,22.13157894736843
267,0.3676315789473684,0.9,30.0,0.0,0,0.0
268,0.3676315789473684,0.9,90.0,0.0,0,0.0
269,0.3676315789473684,0.9,150.0,0.0,0,0.0
270,0.3892105263157895,0.1,30.0,6.550335570469795,894,114.06487695749443
271,0.3892105263157895,0.1,90.0,7.710339384372526,1267,118.81689029202832
272,0.3892105263157895,0.1,150.0,4.90300230946881,1299,46.27482678983838
273,0.3892105263157895,0.30000000000000004,30.0,7.06445993031358,574,123.69163763066193
274,0.3892105263157895,0.30000000000000004,90.0,7.856510186005314,1129,129.4100974313556
275,0.3892105263157895,0.30000000000000004,150.0,4.854910714285723,896,39.68080357142856
276,0.3892105263157895,0.5,30.0,5.462962962962969,702,78.31766381766397
277,0.3892105263157895,0.5,90.0,6.555417185554173,803,86.07471980074732
278,0.3892105263157895,0.5,150.0,4.586538461538453,416,37.59134615384621
279,0.3892105263157895,0.7000000000000001,30.0,1.391304347826087,69,3.6231884057970998
280,0.3892105263157895,0.7000000000000001,90.0,3.352941176470588,17,21.588235294117645
281,0.3892105263157895,0.7000000000000001,150.0,7.0,2,74.0
282,0.3892105263157895,0.9,30.0,0.0,0,0.0
283,0.3892105263157895,0.9,90.0,0.0,0,0.0
284,0.3892105263157895,0.9,150.0,0.0,0,0.0
285,0.7,0.1,30.0,6.281673541543892,6788,106.74631703005315
286,0.7,0.1,90.0,7.335753407209233,7851,110.5666794038974
287,0.7,0.1,150.0,5.115593300306667,4239,48.53243689549421
288,0.7,0.30000000000000004,30.0,6.333896668276188,4142,100.28995654273282
289,0.7,0.30000000000000004,90.0,7.1228262572458245,6383,99.35845213849286
290,0.7,0.30000000000000004,150.0,4.904193279644532,3601,42.98639266870314
291,0.7,0.5,30.0,3.7495156379739707,3613,44.853861057293045
292,0.7,0.5,90.0,5.751715265866215,2332,69.15823327615774
293,0.7,0.5,150.0,4.420045045045041,888,36.06644144144143
294,0.7,0.7000000000000001,30.0,0.0,0,0.0
295,0.7,0.7000000000000001,90.0,0.0,0,0.0
296,0.7,0.7000000000000001,150.0,0.0,0,0.0
297,0.7,0.9,30.0,0.0,0,0.0
298,0.7,0.9,90.0,0.0,0,0.0
299,0.7,0.9,150.0,0.0,0,0.0
