,voc_bin,U_bin,clock_bin,rtmean,rtcount,rt_squaredmean
0,0.0007894736842105274,0.1,30.0,5.224691221879144,181360,227.88451698279786
1,0.0007894736842105274,0.1,90.0,8.205025816150881,147001,302.8328038584777
2,0.0007894736842105274,0.1,150.0,9.086251734190093,178037,318.0669692254985
3,0.0007894736842105274,0.1,210.0,9.567331004157452,216958,311.77316807861223
4,0.0007894736842105274,0.1,270.0,9.79282054056561,258766,294.56313812479084
5,0.0007894736842105274,0.1,330.0,9.73768147930963,303547,262.85895100264673
6,0.0007894736842105274,0.1,390.0,9.372152967645546,338686,221.88954665973776
7,0.0007894736842105274,0.1,450.0,8.600334996499381,338511,168.5961874207929
8,0.0007894736842105274,0.1,510.0,7.242565920503224,260086,110.59531847158226
9,0.0007894736842105274,0.1,570.0,5.113577558601254,78070,54.998193928525495
10,0.0007894736842105274,0.30000000000000004,30.0,6.211610420156087,56122,193.84808096646645
11,0.0007894736842105274,0.30000000000000004,90.0,10.800564993174582,52744,386.23909828606054
12,0.0007894736842105274,0.30000000000000004,150.0,12.111926071454535,68715,446.7341482936772
13,0.0007894736842105274,0.30000000000000004,210.0,12.858262148237154,89087,478.1193440120337
14,0.0007894736842105274,0.30000000000000004,270.0,13.139809600195298,114706,463.16019214339383
15,0.0007894736842105274,0.30000000000000004,330.0,13.290526301242997,144727,440.06460439309905
16,0.0007894736842105274,0.30000000000000004,390.0,12.564698303402198,189379,366.9917361481465
17,0.0007894736842105274,0.30000000000000004,450.0,11.286686753246757,240625,275.2999937662334
18,0.0007894736842105274,0.30000000000000004,510.0,9.116062011321953,289173,167.23956593457908
19,0.0007894736842105274,0.30000000000000004,570.0,5.7410850295042675,192345,63.41139618913925
20,0.0007894736842105274,0.5,30.0,4.6528322093483325,128857,152.5014395803103
21,0.0007894736842105274,0.5,90.0,9.058289282293249,112748,332.942650867421
22,0.0007894736842105274,0.5,150.0,10.82730055957576,136532,395.3211481557442
23,0.0007894736842105274,0.5,210.0,12.15030412359215,172956,457.7411942921894
24,0.0007894736842105274,0.5,270.0,11.47499488667717,259127,430.2037032034485
25,0.0007894736842105274,0.5,330.0,14.292595112014727,266081,540.2434972809025
26,0.0007894736842105274,0.5,390.0,14.460050538229416,366851,502.6851773608354
27,0.0007894736842105274,0.5,450.0,13.850305733885566,563562,420.60659164386595
28,0.0007894736842105274,0.5,510.0,11.676282069308172,1066830,273.9570503266689
29,0.0007894736842105274,0.5,570.0,5.290931511775523,3843011,59.270439767151224
30,0.0007894736842105274,0.7000000000000001,30.0,5.800098380505523,52856,204.41459815347358
31,0.0007894736842105274,0.7000000000000001,90.0,10.627788228970728,55815,384.5795216339697
32,0.0007894736842105274,0.7000000000000001,150.0,12.418633738723141,75154,444.5922239667865
33,0.0007894736842105274,0.7000000000000001,210.0,13.276769465348485,101655,475.536805862969
34,0.0007894736842105274,0.7000000000000001,270.0,13.702425816023744,134800,481.3760163204745
35,0.0007894736842105274,0.7000000000000001,330.0,14.201458597943212,170849,474.8357145783697
36,0.0007894736842105274,0.7000000000000001,390.0,13.675420615307656,227821,419.9373455476007
37,0.0007894736842105274,0.7000000000000001,450.0,12.428707357527164,306883,322.39880671135234
38,0.0007894736842105274,0.7000000000000001,510.0,10.224817236351216,403937,203.07342481624605
39,0.0007894736842105274,0.7000000000000001,570.0,6.410460547901421,356597,74.96052126069496
40,0.0007894736842105274,0.9,30.0,3.5275152033294086,247972,70.48269562692542
41,0.0007894736842105274,0.9,90.0,7.409546804348184,185549,195.97736446976302
42,0.0007894736842105274,0.9,150.0,8.885981222385855,217280,242.32566273932284
43,0.0007894736842105274,0.9,210.0,9.736250004747617,263291,275.78804820521873
44,0.0007894736842105274,0.9,270.0,10.319399523226574,310420,287.8979125056372
45,0.0007894736842105274,0.9,330.0,10.357753344408536,365984,267.05875120223936
46,0.0007894736842105274,0.9,390.0,10.07721933786693,417771,237.01272706817932
47,0.0007894736842105274,0.9,450.0,9.283233055553662,440277,186.89049848163745
48,0.0007894736842105274,0.9,510.0,7.844866967740588,383516,122.87798162267018
49,0.0007894736842105274,0.9,570.0,5.488345805578045,165434,55.77618264685609
50,0.022368421052631583,0.1,30.0,7.7453072919712245,34202,332.5022805683863
51,0.022368421052631583,0.1,90.0,12.663525778394046,31732,519.0587104500156
52,0.022368421052631583,0.1,150.0,13.945561669182474,41074,567.0096411355125
53,0.022368421052631583,0.1,210.0,14.059302521480356,53421,522.0312236760816
54,0.022368421052631583,0.1,270.0,14.068789308176102,68688,482.62606277661286
55,0.022368421052631583,0.1,330.0,13.506041898129556,87307,417.44425991043147
56,0.022368421052631583,0.1,390.0,12.50136737416846,105677,335.1152568676242
57,0.022368421052631583,0.1,450.0,10.90918741638976,115865,240.09491218228112
58,0.022368421052631583,0.1,510.0,8.64503168620308,96572,143.52133123472674
59,0.022368421052631583,0.1,570.0,5.797503138039835,29477,62.01217898700686
60,0.022368421052631583,0.30000000000000004,30.0,6.7390807412850044,12249,188.3468854600376
61,0.022368421052631583,0.30000000000000004,90.0,12.627121535181253,11725,487.21202558635383
62,0.022368421052631583,0.30000000000000004,150.0,14.202380156448498,14957,544.863341579195
63,0.022368421052631583,0.30000000000000004,210.0,15.043194702252576,19933,572.3858927406804
64,0.022368421052631583,0.30000000000000004,270.0,15.58860636268062,25681,583.6056617732975
65,0.022368421052631583,0.30000000000000004,330.0,15.947604930566419,32045,566.0558277422386
66,0.022368421052631583,0.30000000000000004,390.0,15.292988430677385,42872,487.7623857062887
67,0.022368421052631583,0.30000000000000004,450.0,13.609721317536101,56803,361.1748147104898
68,0.022368421052631583,0.30000000000000004,510.0,10.854049336587892,73333,213.99288178582643
69,0.022368421052631583,0.30000000000000004,570.0,6.485036683725001,60381,74.90010102515716
70,0.022368421052631583,0.5,30.0,6.606632397191564,15952,325.2380265797404
71,0.022368421052631583,0.5,90.0,12.616437515344979,16292,510.4521851215297
72,0.022368421052631583,0.5,150.0,14.93438893438894,21978,629.483210483211
73,0.022368421052631583,0.5,210.0,16.443208296412937,30471,729.273571592662
74,0.022368421052631583,0.5,270.0,14.736931353058132,51306,619.0683155966153
75,0.022368421052631583,0.5,330.0,18.64287433130338,54023,774.8496010958271
76,0.022368421052631583,0.5,390.0,18.440311397640123,82210,710.9882252767304
77,0.022368421052631583,0.5,450.0,16.758099587657416,137507,544.4718450697069
78,0.022368421052631583,0.5,510.0,13.371428163167643,279933,323.65357424812413
79,0.022368421052631583,0.5,570.0,6.075613615446339,812724,71.87798440799092
80,0.022368421052631583,0.7000000000000001,30.0,5.911251212415153,12372,193.3672809569994
81,0.022368421052631583,0.7000000000000001,90.0,11.550931677018607,12880,365.62189440993853
82,0.022368421052631583,0.7000000000000001,150.0,13.68492748517411,17031,449.7466971992247
83,0.022368421052631583,0.7000000000000001,210.0,14.831407862947554,22765,520.088688776629
84,0.022368421052631583,0.7000000000000001,270.0,15.403650137741046,29040,527.7306473829183
85,0.022368421052631583,0.7000000000000001,330.0,15.851878965348918,36882,535.8278564069186
86,0.022368421052631583,0.7000000000000001,390.0,15.237795913149098,46931,464.3720568494164
87,0.022368421052631583,0.7000000000000001,450.0,13.72651446383611,58387,358.25146008529197
88,0.022368421052631583,0.7000000000000001,510.0,11.049866273036825,68423,218.47359805913194
89,0.022368421052631583,0.7000000000000001,570.0,6.898894048500341,44577,81.16952688606258
90,0.022368421052631583,0.9,30.0,5.212007797270951,25650,142.69988304093576
91,0.022368421052631583,0.9,90.0,10.446183251702305,25113,291.2134352725672
92,0.022368421052631583,0.9,150.0,12.530514949641628,31673,394.2425093928586
93,0.022368421052631583,0.9,210.0,13.628847314423671,41425,434.19589619794885
94,0.022368421052631583,0.9,270.0,14.103378507348735,52390,436.8689062798248
95,0.022368421052631583,0.9,330.0,13.953593385303028,65551,408.2414608472781
96,0.022368421052631583,0.9,390.0,12.98192732937344,78959,335.20951379830046
97,0.022368421052631583,0.9,450.0,11.408255405188044,87046,247.26481400638758
98,0.022368421052631583,0.9,510.0,9.015327986673652,74439,147.71171025940697
99,0.022368421052631583,0.9,570.0,6.022242211137453,24458,62.2702592198871
100,0.04394736842105264,0.1,30.0,7.875629659480179,19852,329.00186379206133
101,0.04394736842105264,0.1,90.0,12.961647965164953,17913,535.8994026684536
102,0.04394736842105264,0.1,150.0,14.409455301815647,23077,589.6194046019849
103,0.04394736842105264,0.1,210.0,14.894443511834803,29785,585.1888198757733
104,0.04394736842105264,0.1,270.0,14.95769065981148,37344,548.2807412167955
105,0.04394736842105264,0.1,330.0,14.448797673875676,47117,476.0999639196047
106,0.04394736842105264,0.1,390.0,13.439597788187239,56786,384.96497376113916
107,0.04394736842105264,0.1,450.0,11.662756226319345,63079,271.46367253761156
108,0.04394736842105264,0.1,510.0,9.13269198872119,54261,158.72982436740995
109,0.04394736842105264,0.1,570.0,5.922868435911915,17710,66.57165443252399
110,0.04394736842105264,0.30000000000000004,30.0,7.647206703910603,7160,294.5980446927371
111,0.04394736842105264,0.30000000000000004,90.0,13.835027472527447,7280,573.462774725273
112,0.04394736842105264,0.30000000000000004,150.0,15.765388963107567,9731,607.7051690473731
113,0.04394736842105264,0.30000000000000004,210.0,16.84403738881339,13266,712.0665611337257
114,0.04394736842105264,0.30000000000000004,270.0,17.032481668194322,17456,678.0590627864342
115,0.04394736842105264,0.30000000000000004,330.0,17.397346398994063,23063,647.3105406928853
116,0.04394736842105264,0.30000000000000004,390.0,16.398683919136968,31609,549.1811825745808
117,0.04394736842105264,0.30000000000000004,450.0,14.515949589142224,43324,401.3892299879964
118,0.04394736842105264,0.30000000000000004,510.0,11.413400845036719,58459,235.63557364990868
119,0.04394736842105264,0.30000000000000004,570.0,6.658886823054724,50558,79.13109695794945
120,0.04394736842105264,0.5,30.0,7.935444579780726,7389,355.816619298959
121,0.04394736842105264,0.5,90.0,14.611440778542557,8426,634.0987419890805
122,0.04394736842105264,0.5,150.0,17.2035328236225,11379,775.3390456103343
123,0.04394736842105264,0.5,210.0,18.354172741587494,17147,824.2769580684655
124,0.04394736842105264,0.5,270.0,17.221697578664983,26473,745.3808030823855
125,0.04394736842105264,0.5,330.0,19.82871001490029,31543,819.9750499318388
126,0.04394736842105264,0.5,390.0,18.808213501305477,48262,707.2480212175178
127,0.04394736842105264,0.5,450.0,16.910869366486846,76573,540.7261828581878
128,0.04394736842105264,0.5,510.0,13.343156811469564,141871,318.15572597641614
129,0.04394736842105264,0.5,570.0,6.481992628939667,278386,78.95649924924399
130,0.04394736842105264,0.7000000000000001,30.0,6.383179959100198,7824,197.46293456032683
131,0.04394736842105264,0.7000000000000001,90.0,12.708429561200875,8660,459.809584295611
132,0.04394736842105264,0.7000000000000001,150.0,14.791316286253611,11654,558.2122876265653
133,0.04394736842105264,0.7000000000000001,210.0,15.995913601868073,15417,572.2881883634938
134,0.04394736842105264,0.7000000000000001,270.0,16.427363184079695,20100,588.6429850746249
135,0.04394736842105264,0.7000000000000001,330.0,16.566760365425157,25614,564.1577652846081
136,0.04394736842105264,0.7000000000000001,390.0,15.693836011787264,32917,490.6286721147148
137,0.04394736842105264,0.7000000000000001,450.0,13.906479202709628,41039,361.08404200882114
138,0.04394736842105264,0.7000000000000001,510.0,10.998719364098033,45290,212.58586884521895
139,0.04394736842105264,0.7000000000000001,570.0,7.026069329008716,24665,89.09174944252979
140,0.04394736842105264,0.9,30.0,4.505410691003908,15340,83.94752281616665
141,0.04394736842105264,0.9,90.0,10.00994111799341,13077,305.38074481914884
142,0.04394736842105264,0.9,150.0,12.079157681085837,15766,387.8604592160342
143,0.04394736842105264,0.9,210.0,13.16584867075662,19560,435.3952965235162
144,0.04394736842105264,0.9,270.0,13.804555196033077,23797,437.38727570702224
145,0.04394736842105264,0.9,330.0,13.634096799047423,28554,408.0983399873926
146,0.04394736842105264,0.9,390.0,12.783617849655569,33390,334.5353998203044
147,0.04394736842105264,0.9,450.0,11.2444800824766,34919,246.641255476961
148,0.04394736842105264,0.9,510.0,9.149070069964448,28443,152.30752733537236
149,0.04394736842105264,0.9,570.0,6.090253908415557,9019,63.69530990131933
150,0.0655263157894737,0.1,30.0,8.195296009649262,9949,331.1949944718066
151,0.0655263157894737,0.1,90.0,14.594515995014573,9628,649.6406314914847
152,0.0655263157894737,0.1,150.0,15.595390631500164,12019,654.335052833012
153,0.0655263157894737,0.1,210.0,16.26468349613094,15766,675.5237219332708
154,0.0655263157894737,0.1,270.0,16.236042797018406,19721,629.4915572232646
155,0.0655263157894737,0.1,330.0,15.238272196915206,25026,517.203348517544
156,0.0655263157894737,0.1,390.0,14.377706861180735,30709,443.0251392100036
157,0.0655263157894737,0.1,450.0,12.211921491202602,34442,297.41341966204027
158,0.0655263157894737,0.1,510.0,9.555359072600458,30537,175.60199102727861
159,0.0655263157894737,0.1,570.0,6.289277279168651,10585,73.0550779404819
160,0.0655263157894737,0.30000000000000004,30.0,8.323282360542715,4643,367.44281714408766
161,0.0655263157894737,0.30000000000000004,90.0,15.588332643773263,4834,754.0119983450542
162,0.0655263157894737,0.30000000000000004,150.0,17.025583816748565,6723,698.5787594823744
163,0.0655263157894737,0.30000000000000004,210.0,17.798257877191055,9299,748.2337885794155
164,0.0655263157894737,0.30000000000000004,270.0,17.904338776817156,12492,727.6180755683625
165,0.0655263157894737,0.30000000000000004,330.0,18.381896287204643,16295,729.1131635470987
166,0.0655263157894737,0.30000000000000004,390.0,17.27864364872624,22649,599.0138195946831
167,0.0655263157894737,0.30000000000000004,450.0,15.084997200970363,32154,428.8592088076139
168,0.0655263157894737,0.30000000000000004,510.0,11.771709006928411,43300,254.29577367205547
169,0.0655263157894737,0.30000000000000004,570.0,6.739506235425328,39452,81.60962688837098
170,0.0655263157894737,0.5,30.0,8.363358419567227,4252,469.2904515522116
171,0.0655263157894737,0.5,90.0,15.28537455410226,5046,702.2984542211645
172,0.0655263157894737,0.5,150.0,17.861656703672015,7026,831.7076572729852
173,0.0655263157894737,0.5,210.0,19.02751767628504,10466,873.8270590483473
174,0.0655263157894737,0.5,270.0,18.32292358803982,15050,812.957873754152
175,0.0655263157894737,0.5,330.0,20.233407943365805,19211,847.453646348446
176,0.0655263157894737,0.5,390.0,18.996132208157515,28440,709.714275668073
177,0.0655263157894737,0.5,450.0,16.821565878149123,44218,534.9387579718694
178,0.0655263157894737,0.5,510.0,13.26802261445121,72520,313.1486624379488
179,0.0655263157894737,0.5,570.0,6.954703058750799,103539,88.04383855358863
180,0.0655263157894737,0.7000000000000001,30.0,6.884216702522976,5113,299.4306669274402
181,0.0655263157894737,0.7000000000000001,90.0,12.783484204692387,5413,400.1864031036393
182,0.0655263157894737,0.7000000000000001,150.0,15.1097463284379,7490,566.8691588785032
183,0.0655263157894737,0.7000000000000001,210.0,16.52627925426423,10084,649.487802459341
184,0.0655263157894737,0.7000000000000001,270.0,17.122186739659337,13152,649.8604774939178
185,0.0655263157894737,0.7000000000000001,330.0,17.086144795293478,16658,593.1985232320792
186,0.0655263157894737,0.7000000000000001,390.0,15.743349344171438,21652,480.6130149639751
187,0.0655263157894737,0.7000000000000001,450.0,14.065909689062694,26597,365.93190961386614
188,0.0655263157894737,0.7000000000000001,510.0,11.144603426956381,28305,219.92630277336187
189,0.0655263157894737,0.7000000000000001,570.0,7.117683218359392,14641,84.28754866470868
190,0.0655263157894737,0.9,30.0,5.138856669428299,6035,97.53587406793675
191,0.0655263157894737,0.9,90.0,10.66115846234128,5749,328.54044181596885
192,0.0655263157894737,0.9,150.0,12.078837577327008,6951,363.55574737447796
193,0.0655263157894737,0.9,210.0,12.97082752208274,8604,394.7560437006048
194,0.0655263157894737,0.9,270.0,13.851493680582154,10444,445.68278437380326
195,0.0655263157894737,0.9,330.0,13.507389962644192,12314,385.1499106707814
196,0.0655263157894737,0.9,390.0,12.604261238834374,13658,327.9149948747987
197,0.0655263157894737,0.9,450.0,10.920993554927973,13809,232.3523788833367
198,0.0655263157894737,0.9,510.0,8.944790568388761,10433,146.48317837630563
199,0.0655263157894737,0.9,570.0,6.007874015748023,3048,62.103018372703445
200,0.08710526315789476,0.1,30.0,8.509842519685023,6096,294.62696850393587
201,0.08710526315789476,0.1,90.0,14.830951971079394,5809,687.4730590463085
202,0.08710526315789476,0.1,150.0,16.12893344472294,7182,701.297967140072
203,0.08710526315789476,0.1,210.0,16.73981361074996,9228,718.7411140008653
204,0.08710526315789476,0.1,270.0,16.857901498929277,11675,678.3337044967874
205,0.08710526315789476,0.1,330.0,15.91102144829045,14127,565.9638281305309
206,0.08710526315789476,0.1,390.0,14.735579406531649,17423,462.594960684154
207,0.08710526315789476,0.1,450.0,12.68229541945445,19430,320.76093669583
208,0.08710526315789476,0.1,510.0,9.952041812647183,17411,190.36247200045923
209,0.08710526315789476,0.1,570.0,6.381620428751571,6344,74.094104665826
210,0.08710526315789476,0.30000000000000004,30.0,9.076575218570975,3317,483.9363883026818
211,0.08710526315789476,0.30000000000000004,90.0,16.229508196721333,3599,735.3420394554055
212,0.08710526315789476,0.30000000000000004,150.0,17.989810474831888,4907,847.9686162624799
213,0.08710526315789476,0.30000000000000004,210.0,18.930246276360425,6781,833.9994101165022
214,0.08710526315789476,0.30000000000000004,270.0,18.70399398754567,9314,789.6060768735232
215,0.08710526315789476,0.30000000000000004,330.0,19.37229685452154,12208,774.2718709043253
216,0.08710526315789476,0.30000000000000004,390.0,18.005762671998124,17006,634.3630483358809
217,0.08710526315789476,0.30000000000000004,450.0,15.546992402300305,23823,449.68534609411046
218,0.08710526315789476,0.30000000000000004,510.0,12.101894583434532,32936,261.3756983240223
219,0.08710526315789476,0.30000000000000004,570.0,6.877042511356711,29498,84.73866024815247
220,0.08710526315789476,0.5,30.0,8.646762589928064,2780,266.4165467625903
221,0.08710526315789476,0.5,90.0,15.600185242358728,3239,667.5162087063895
222,0.08710526315789476,0.5,150.0,18.14614373356702,4564,819.6373794916738
223,0.08710526315789476,0.5,210.0,19.77549154092364,6561,902.1653711324478
224,0.08710526315789476,0.5,270.0,19.022111424235867,9226,812.702362887492
225,0.08710526315789476,0.5,330.0,20.42499999999991,11960,851.217474916388
226,0.08710526315789476,0.5,390.0,18.915988388639068,17569,691.1741704137978
227,0.08710526315789476,0.5,450.0,16.851101254206117,26152,528.0591159375953
228,0.08710526315789476,0.5,510.0,13.146037489321085,39798,306.29247700889476
229,0.08710526315789476,0.5,570.0,7.129128772117529,50469,93.10479700410136
230,0.08710526315789476,0.7000000000000001,30.0,7.205812574139982,3372,263.97686832740237
231,0.08710526315789476,0.7000000000000001,90.0,13.624159268227068,3717,506.1772935162775
232,0.08710526315789476,0.7000000000000001,150.0,15.947767145135556,5016,588.8759968102075
233,0.08710526315789476,0.7000000000000001,210.0,17.49901857164431,6623,694.8250037747254
234,0.08710526315789476,0.7000000000000001,270.0,17.576627011896456,8574,675.9335199440163
235,0.08710526315789476,0.7000000000000001,330.0,17.467896545487495,11058,617.2342195695437
236,0.08710526315789476,0.7000000000000001,390.0,16.425501534946697,14007,517.9148996930105
237,0.08710526315789476,0.7000000000000001,450.0,14.3740792704314,17106,390.6455629603648
238,0.08710526315789476,0.7000000000000001,510.0,11.075831535929197,17618,219.35747530934307
239,0.08710526315789476,0.7000000000000001,570.0,7.000467781546029,8551,82.32966904455641
240,0.08710526315789476,0.9,30.0,4.955340328221674,3717,137.48157115953742
241,0.08710526315789476,0.9,90.0,10.11152954808808,3452,298.784183082271
242,0.08710526315789476,0.9,150.0,11.622793354101766,3852,359.5355659397707
243,0.08710526315789476,0.9,210.0,12.57653854698956,4501,381.9100199955552
244,0.08710526315789476,0.9,270.0,12.910652920962171,5238,392.0301641848025
245,0.08710526315789476,0.9,330.0,12.348430262480692,5829,341.36129696345955
246,0.08710526315789476,0.9,390.0,11.76763754045304,6180,302.06893203883396
247,0.08710526315789476,0.9,450.0,10.271902268760927,5730,210.27958115183228
248,0.08710526315789476,0.9,510.0,8.355839416058403,3836,131.47732012513123
249,0.08710526315789476,0.9,570.0,5.758947368421046,950,56.7673684210526
250,0.1086842105263158,0.1,30.0,8.736141906873607,4059,414.6449864498648
251,0.1086842105263158,0.1,90.0,14.495248438772729,3683,616.0521314146072
252,0.1086842105263158,0.1,150.0,16.777484608619186,4548,782.1314863676365
253,0.1086842105263158,0.1,210.0,17.084182776801423,5690,754.1738137082598
254,0.1086842105263158,0.1,270.0,17.072647058823517,6800,691.461764705881
255,0.1086842105263158,0.1,330.0,16.448196114708573,8648,602.0746993524546
256,0.1086842105263158,0.1,390.0,15.218905950095984,10420,480.117754318616
257,0.1086842105263158,0.1,450.0,13.2232653409576,11717,348.7511308355385
258,0.1086842105263158,0.1,510.0,10.479561316051868,11033,208.33146016495996
259,0.1086842105263158,0.1,570.0,6.5413922859830524,4252,77.25305738475994
260,0.1086842105263158,0.30000000000000004,30.0,9.314535345512315,2518,445.33439237489927
261,0.1086842105263158,0.30000000000000004,90.0,16.40152671755721,2620,814.6167938931302
262,0.1086842105263158,0.30000000000000004,150.0,18.428219178082202,3650,803.8463013698616
263,0.1086842105263158,0.30000000000000004,210.0,19.25317919075146,5190,874.1529865125216
264,0.1086842105263158,0.30000000000000004,270.0,19.59738065061255,7101,883.5993522039153
265,0.1086842105263158,0.30000000000000004,330.0,19.730526090217456,9333,806.1091824708016
266,0.1086842105263158,0.30000000000000004,390.0,18.36716946282905,12994,668.9739110358604
267,0.1086842105263158,0.30000000000000004,450.0,15.847695064342696,18417,472.4140196557526
268,0.1086842105263158,0.30000000000000004,510.0,12.433230305912232,25236,277.56803772388685
269,0.1086842105263158,0.30000000000000004,570.0,6.820867599485521,25657,85.02907588572295
270,0.1086842105263158,0.5,30.0,8.34696073157612,1859,257.56051640667044
271,0.1086842105263158,0.5,90.0,17.00554016620494,2166,756.4570637119114
272,0.1086842105263158,0.5,150.0,19.00526488976642,3039,874.4215202369211
273,0.1086842105263158,0.5,210.0,20.2957085382208,4474,947.0024586499788
274,0.1086842105263158,0.5,270.0,19.83316977428853,6114,843.2538436375554
275,0.1086842105263158,0.5,330.0,20.467863052055556,7857,838.0320733104226
276,0.1086842105263158,0.5,390.0,19.390974123465543,11323,737.6693455797948
277,0.1086842105263158,0.5,450.0,16.62045285820345,16164,514.6136476119756
278,0.1086842105263158,0.5,510.0,12.900008676036808,23052,293.3935016484475
279,0.1086842105263158,0.5,570.0,7.371243785472302,22729,96.12833824629347
280,0.1086842105263158,0.7000000000000001,30.0,7.619763205828768,2196,260.45673952641135
281,0.1086842105263158,0.7000000000000001,90.0,14.002078137988395,2406,596.5698254364087
282,0.1086842105263158,0.7000000000000001,150.0,16.53070866141731,3175,684.0557480314941
283,0.1086842105263158,0.7000000000000001,210.0,17.587448084909987,4334,697.9077065066921
284,0.1086842105263158,0.7000000000000001,270.0,18.414709630438697,5493,733.9304569452038
285,0.1086842105263158,0.7000000000000001,330.0,17.799859254046403,7105,643.8612244897959
286,0.1086842105263158,0.7000000000000001,390.0,16.35778793622479,8969,526.0612108373291
287,0.1086842105263158,0.7000000000000001,450.0,14.203106441297383,10945,371.6375513933289
288,0.1086842105263158,0.7000000000000001,510.0,11.250749162700549,11346,225.49153886832386
289,0.1086842105263158,0.7000000000000001,570.0,7.062678062678055,5265,84.7800569800568
290,0.1086842105263158,0.9,30.0,4.380537675123058,2641,98.95910639909137
291,0.1086842105263158,0.9,90.0,8.875498007968146,2008,224.77091633466154
292,0.1086842105263158,0.9,150.0,10.796076828769904,2447,304.8271352676737
293,0.1086842105263158,0.9,210.0,11.157364061937336,2777,353.457688152683
294,0.1086842105263158,0.9,270.0,12.267250084146752,2971,370.79501851228554
295,0.1086842105263158,0.9,330.0,11.62455915357481,3119,313.78679063802605
296,0.1086842105263158,0.9,390.0,10.812878546381878,3137,258.6579534587186
297,0.1086842105263158,0.9,450.0,9.805209953343676,2572,205.84020217729378
298,0.1086842105263158,0.9,510.0,7.950722733245707,1522,124.43166885676732
299,0.1086842105263158,0.9,570.0,5.270627062706268,303,48.498349834983486
300,0.13026315789473686,0.1,30.0,8.050200072753729,2749,275.8995998544929
301,0.13026315789473686,0.1,90.0,15.270017035775112,2348,692.8671209540043
302,0.13026315789473686,0.1,150.0,16.667534157449506,3074,797.5432661027966
303,0.13026315789473686,0.1,210.0,16.93582604083799,3771,758.2224874038728
304,0.13026315789473686,0.1,270.0,17.467645806726264,4698,727.7256279267767
305,0.13026315789473686,0.1,330.0,17.3945578231292,5586,672.4471894020774
306,0.13026315789473686,0.1,390.0,16.12596475899224,6867,540.2669287898639
307,0.13026315789473686,0.1,450.0,14.22529644268774,7843,395.0583960219311
308,0.13026315789473686,0.1,510.0,10.891481620875648,7971,221.8108142014803
309,0.13026315789473686,0.1,570.0,6.7057562767911865,3266,80.04745866503355
310,0.13026315789473686,0.30000000000000004,30.0,8.942036044812458,2053,331.1427179736978
311,0.13026315789473686,0.30000000000000004,90.0,16.936768149882866,2135,916.6519906323184
312,0.13026315789473686,0.30000000000000004,150.0,19.23655172413788,2900,962.9386206896547
313,0.13026315789473686,0.30000000000000004,210.0,19.82609762079966,4077,958.5359332842796
314,0.13026315789473686,0.30000000000000004,270.0,19.5902619089471,5689,893.0154684478836
315,0.13026315789473686,0.30000000000000004,330.0,20.494296048970515,7188,851.0594045631622
316,0.13026315789473686,0.30000000000000004,390.0,18.56966067864279,10020,672.7888223552897
317,0.13026315789473686,0.30000000000000004,450.0,16.34035849320826,14282,500.31319142977054
318,0.13026315789473686,0.30000000000000004,510.0,12.893914557934622,19522,299.48217395758553
319,0.13026315789473686,0.30000000000000004,570.0,7.197633498240422,19607,94.84429030448317
320,0.13026315789473686,0.5,30.0,9.386978785662016,1367,520.5881492318935
321,0.13026315789473686,0.5,90.0,16.02840542285349,1549,625.3724983860574
322,0.13026315789473686,0.5,150.0,18.551739719837354,2213,884.8635336647087
323,0.13026315789473686,0.5,210.0,19.49934725848567,3064,857.5424281984338
324,0.13026315789473686,0.5,270.0,20.48682972718721,4252,929.9402634054554
325,0.13026315789473686,0.5,330.0,20.397141306314502,5527,850.8317351185106
326,0.13026315789473686,0.5,390.0,19.00129282482231,7735,675.0274078862336
327,0.13026315789473686,0.5,450.0,16.78307281738469,10492,517.150400304996
328,0.13026315789473686,0.5,510.0,12.800550497565117,14169,287.3787140941485
329,0.13026315789473686,0.5,570.0,7.482559143498523,11582,96.51122431359003
330,0.13026315789473686,0.7000000000000001,30.0,7.166085136078167,1433,181.76064200977004
331,0.13026315789473686,0.7000000000000001,90.0,15.019059720457427,1574,704.7573062261745
332,0.13026315789473686,0.7000000000000001,150.0,16.023999999999983,2125,592.1360000000016
333,0.13026315789473686,0.7000000000000001,210.0,18.069631161668415,2901,733.7559462254377
334,0.13026315789473686,0.7000000000000001,270.0,18.177017783857725,3655,708.0314637482924
335,0.13026315789473686,0.7000000000000001,330.0,17.882200086617562,4618,675.4963187527079
336,0.13026315789473686,0.7000000000000001,390.0,16.472677124633645,5801,547.4228581279074
337,0.13026315789473686,0.7000000000000001,450.0,14.492890328030377,7103,378.88399267915025
338,0.13026315789473686,0.7000000000000001,510.0,11.398272552783107,7294,225.6924869755957
339,0.13026315789473686,0.7000000000000001,570.0,7.166717557251916,3275,87.9496183206107
340,0.13026315789473686,0.9,30.0,4.07764952780694,1906,64.42497376705133
341,0.13026315789473686,0.9,90.0,8.38127090301005,1495,216.06287625418045
342,0.13026315789473686,0.9,150.0,10.452380952380938,1596,283.4536340852123
343,0.13026315789473686,0.9,210.0,10.89516129032258,1736,315.4239631336405
344,0.13026315789473686,0.9,270.0,11.027367268746568,1827,330.7164750957846
345,0.13026315789473686,0.9,330.0,10.448553054662375,1866,253.42604501607676
346,0.13026315789473686,0.9,390.0,10.392035894559713,1783,235.7515423443631
347,0.13026315789473686,0.9,450.0,9.401889534883724,1376,185.97311046511646
348,0.13026315789473686,0.9,510.0,7.563218390804598,696,111.40804597701155
349,0.13026315789473686,0.9,570.0,6.838461538461542,130,86.56153846153853
350,0.1518421052631579,0.1,30.0,8.739908022483396,1957,386.3454266734795
351,0.1518421052631579,0.1,90.0,14.925903614457836,1660,734.4728915662668
352,0.1518421052631579,0.1,150.0,16.397093295827442,2133,681.9123300515696
353,0.1518421052631579,0.1,210.0,17.918858001502603,2662,781.0480841472568
354,0.1518421052631579,0.1,270.0,18.126782393056356,3226,747.9953502789817
355,0.1518421052631579,0.1,330.0,17.38296277791654,4003,660.5575818136392
356,0.1518421052631579,0.1,390.0,17.24367024508808,4937,604.2596718655038
357,0.1518421052631579,0.1,450.0,15.0208296866795,5713,438.61158760721145
358,0.1518421052631579,0.1,510.0,11.309747649678382,6063,232.60481609764165
359,0.1518421052631579,0.1,570.0,7.010041551246526,2888,88.56059556786715
360,0.1518421052631579,0.30000000000000004,30.0,10.504599211563741,1522,386.8909329829176
361,0.1518421052631579,0.30000000000000004,90.0,16.969811320754737,1590,843.1823899371069
362,0.1518421052631579,0.30000000000000004,150.0,19.6053225078935,2217,889.7451511050972
363,0.1518421052631579,0.30000000000000004,210.0,20.810603641009255,3131,963.8185883104424
364,0.1518421052631579,0.30000000000000004,270.0,20.726318301121395,4191,996.0124075399663
365,0.1518421052631579,0.30000000000000004,330.0,20.35728838673822,5399,847.6812372661589
366,0.1518421052631579,0.30000000000000004,390.0,19.086816720257207,7775,713.759485530544
367,0.1518421052631579,0.30000000000000004,450.0,16.560205511443176,10705,512.6846333489009
368,0.1518421052631579,0.30000000000000004,510.0,12.889842074478487,15387,297.72977188535793
369,0.1518421052631579,0.30000000000000004,570.0,7.18303442291003,13828,91.01381255423779
370,0.1518421052631579,0.5,30.0,8.519342359767897,1034,488.63539651837584
371,0.1518421052631579,0.5,90.0,17.685051958433217,1251,925.5299760191847
372,0.1518421052631579,0.5,150.0,19.224043715846896,1647,909.7753491196106
373,0.1518421052631579,0.5,210.0,20.39958932238196,2435,887.5223819301827
374,0.1518421052631579,0.5,270.0,20.04531249999998,3200,838.7628124999987
375,0.1518421052631579,0.5,330.0,20.5639902676399,4110,837.3479318734792
376,0.1518421052631579,0.5,390.0,18.858720826652416,5613,676.7500445394625
377,0.1518421052631579,0.5,450.0,16.231003845643826,7541,486.6208725633211
378,0.1518421052631579,0.5,510.0,12.637833731278493,9214,284.3352507054477
379,0.1518421052631579,0.5,570.0,7.5656186905105365,6934,97.95933083357365
380,0.1518421052631579,0.7000000000000001,30.0,6.788167938931288,1048,151.916030534351
381,0.1518421052631579,0.7000000000000001,90.0,14.248613678373372,1082,527.4759704251371
382,0.1518421052631579,0.7000000000000001,150.0,17.0200414651002,1447,734.8984105044933
383,0.1518421052631579,0.7000000000000001,210.0,18.864657814096013,1958,893.2466802860049
384,0.1518421052631579,0.7000000000000001,270.0,18.924168694241715,2466,774.1220600162198
385,0.1518421052631579,0.7000000000000001,330.0,18.606562810739174,3017,737.8137222406372
386,0.1518421052631579,0.7000000000000001,390.0,16.99413265306121,3920,551.1650510204073
387,0.1518421052631579,0.7000000000000001,450.0,14.680582735377241,4599,402.0721896064358
388,0.1518421052631579,0.7000000000000001,510.0,11.26745390511705,4827,225.5753055728198
389,0.1518421052631579,0.7000000000000001,570.0,7.366931918656056,2262,91.71441202475695
390,0.1518421052631579,0.9,30.0,4.066765578635014,1348,49.49554896142433
391,0.1518421052631579,0.9,90.0,8.364113326337872,953,202.73347324239194
392,0.1518421052631579,0.9,150.0,9.393607305936076,1095,236.22648401826424
393,0.1518421052631579,0.9,210.0,10.802960222016642,1081,312.5494912118405
394,0.1518421052631579,0.9,270.0,9.893766461808589,1139,221.7989464442492
395,0.1518421052631579,0.9,330.0,10.019230769230761,1144,243.16258741258733
396,0.1518421052631579,0.9,390.0,9.046169989506817,953,179.4994753410284
397,0.1518421052631579,0.9,450.0,8.95040214477213,746,162.23726541554993
398,0.1518421052631579,0.9,510.0,7.95508982035928,334,131.30239520958085
399,0.1518421052631579,0.9,570.0,6.283582089552238,67,66.28358208955221
400,0.17342105263157898,0.1,30.0,9.034534534534538,1332,370.1966966966966
401,0.17342105263157898,0.1,90.0,15.056818181818182,1232,795.7483766233762
402,0.17342105263157898,0.1,150.0,17.09967426710097,1535,759.8110749185649
403,0.17342105263157898,0.1,210.0,19.0090270812436,1994,927.837512537611
404,0.17342105263157898,0.1,270.0,19.489987740089923,2447,899.4131589701684
405,0.17342105263157898,0.1,330.0,18.613101330603865,2931,731.2074377345625
406,0.17342105263157898,0.1,390.0,17.501727345203292,3763,627.5660377358504
407,0.17342105263157898,0.1,450.0,15.466183574879205,4554,450.1956521739118
408,0.17342105263157898,0.1,510.0,11.641857635368067,4931,242.88541877915245
409,0.17342105263157898,0.1,570.0,7.141394249704607,2539,89.33202048050411
410,0.17342105263157898,0.30000000000000004,30.0,9.179269328802025,1177,279.7587085811383
411,0.17342105263157898,0.30000000000000004,90.0,17.34811165845645,1218,928.9802955665011
412,0.17342105263157898,0.30000000000000004,150.0,19.757303370786538,1780,969.4202247191004
413,0.17342105263157898,0.30000000000000004,210.0,20.81054766734281,2465,1003.900202839754
414,0.17342105263157898,0.30000000000000004,270.0,20.985432473444607,3295,972.4245827010594
415,0.17342105263157898,0.30000000000000004,330.0,20.81200091261685,4383,872.7786903947061
416,0.17342105263157898,0.30000000000000004,390.0,19.00733211131486,6001,715.2729545075829
417,0.17342105263157898,0.30000000000000004,450.0,16.907736321373214,8389,531.6260579330079
418,0.17342105263157898,0.30000000000000004,510.0,12.997792299540817,11324,301.30051218650783
419,0.17342105263157898,0.30000000000000004,570.0,7.286328203078146,10006,94.53198081151272
420,0.17342105263157898,0.5,30.0,9.20575221238939,904,440.60398230088504
421,0.17342105263157898,0.5,90.0,15.960356788899915,1009,676.9078295341924
422,0.17342105263157898,0.5,150.0,19.264853256979233,1397,1037.207587687903
423,0.17342105263157898,0.5,210.0,20.337013669821264,1902,994.6682439537336
424,0.17342105263157898,0.5,270.0,20.019254918375893,2389,867.419003767269
425,0.17342105263157898,0.5,330.0,20.254195910894083,3277,834.7467195605727
426,0.17342105263157898,0.5,390.0,18.42097966728282,4328,653.1159889094241
427,0.17342105263157898,0.5,450.0,15.562268150503424,5661,446.3161985514903
428,0.17342105263157898,0.5,510.0,12.489476110001515,6509,276.58134890152115
429,0.17342105263157898,0.5,570.0,7.3631852551984815,4232,92.18360113421532
430,0.17342105263157898,0.7000000000000001,30.0,7.175417661097857,838,221.3639618138425
431,0.17342105263157898,0.7000000000000001,90.0,13.432989690721659,873,532.0194730813289
432,0.17342105263157898,0.7000000000000001,150.0,17.110326566637227,1133,714.5419240953219
433,0.17342105263157898,0.7000000000000001,210.0,18.022403258655824,1473,719.9558723693137
434,0.17342105263157898,0.7000000000000001,270.0,17.689848569826108,1783,713.3320246775074
435,0.17342105263157898,0.7000000000000001,330.0,17.63066202090591,2296,662.9782229965144
436,0.17342105263157898,0.7000000000000001,390.0,16.60043041606883,2788,548.1707317073146
437,0.17342105263157898,0.7000000000000001,450.0,14.349511599511594,3276,389.9044566544561
438,0.17342105263157898,0.7000000000000001,510.0,11.336310440406532,3247,232.81213427779545
439,0.17342105263157898,0.7000000000000001,570.0,7.361833952912006,1614,89.92565055762064
440,0.17342105263157898,0.9,30.0,3.908763505402162,833,61.68067226890747
441,0.17342105263157898,0.9,90.0,7.322123893805312,565,161.5061946902657
442,0.17342105263157898,0.9,150.0,7.752808988764044,623,161.88764044943844
443,0.17342105263157898,0.9,210.0,9.597292724196267,591,291.31302876480527
444,0.17342105263157898,0.9,270.0,8.233885819521179,543,178.21546961325964
445,0.17342105263157898,0.9,330.0,7.821355236139632,487,148.61806981519487
446,0.17342105263157898,0.9,390.0,7.8252427184466224,412,131.6553398058251
447,0.17342105263157898,0.9,450.0,7.579505300353361,283,124.53356890459376
448,0.17342105263157898,0.9,510.0,6.6864406779661,118,113.63559322033896
449,0.17342105263157898,0.9,570.0,6.160000000000002,25,63.760000000000005
450,0.195,0.1,30.0,9.023054755043242,1041,309.87992315081704
451,0.195,0.1,90.0,16.456886898096307,893,750.9518477043674
452,0.195,0.1,150.0,19.722270742358035,1145,994.2707423580786
453,0.195,0.1,210.0,19.62474084312367,1447,1036.9723565998604
454,0.195,0.1,270.0,19.913326110509267,1846,960.2643553629492
455,0.195,0.1,330.0,19.545806451612894,2325,802.8825806451596
456,0.195,0.1,390.0,18.696500672947536,2972,685.2893674293418
457,0.195,0.1,450.0,16.02063789868668,3731,490.61243634414376
458,0.195,0.1,510.0,11.881938125568706,4396,252.79185623293833
459,0.195,0.1,570.0,7.076282332310367,2281,87.1034633932484
460,0.195,0.30000000000000004,30.0,10.26673532440785,971,600.8743563336765
461,0.195,0.30000000000000004,90.0,17.63069306930689,1010,859.1891089108918
462,0.195,0.30000000000000004,150.0,19.610799438990142,1426,921.908134642355
463,0.195,0.30000000000000004,210.0,20.854136074400405,2043,1047.9466470876143
464,0.195,0.30000000000000004,270.0,21.534431137724578,2672,1030.8824850299395
465,0.195,0.30000000000000004,330.0,20.747446083995385,3524,870.0238365493764
466,0.195,0.30000000000000004,390.0,19.271147880041386,4835,714.5451913133393
467,0.195,0.30000000000000004,450.0,16.968055351096762,6793,538.0103047254551
468,0.195,0.30000000000000004,510.0,13.081420332466342,8843,304.0923894605889
469,0.195,0.30000000000000004,570.0,7.307441253263706,7660,95.38550913838112
470,0.195,0.5,30.0,7.943558282208588,815,200.73865030674867
471,0.195,0.5,90.0,15.523297491039434,837,587.0454002389488
472,0.195,0.5,150.0,19.129966887417215,1208,904.9693708609258
473,0.195,0.5,210.0,19.6942598187311,1655,823.0477341389726
474,0.195,0.5,270.0,20.23578751164955,2146,950.9077353215292
475,0.195,0.5,330.0,20.38086232980327,2644,830.194024205747
476,0.195,0.5,390.0,18.940119760479035,3507,705.1180496150556
477,0.195,0.5,450.0,15.292986425339327,4420,428.2106334841613
478,0.195,0.5,510.0,12.221587301587302,4725,257.98708994708943
479,0.195,0.5,570.0,7.6059993259184235,2967,99.35658914728658
480,0.195,0.7000000000000001,30.0,6.134978229317852,689,158.56748911465905
481,0.195,0.7000000000000001,90.0,13.32348804500703,711,635.3938115330528
482,0.195,0.7000000000000001,150.0,15.122119815668222,868,531.4101382488473
483,0.195,0.7000000000000001,210.0,17.47244805781391,1107,695.7723577235761
484,0.195,0.7000000000000001,270.0,17.257641921397415,1374,668.5953420669567
485,0.195,0.7000000000000001,330.0,17.200128287363682,1559,630.6818473380364
486,0.195,0.7000000000000001,390.0,16.21439668565511,1931,506.2019678922837
487,0.195,0.7000000000000001,450.0,14.255684454756361,2155,387.91508120649644
488,0.195,0.7000000000000001,510.0,11.238792314730086,2186,230.20585544373293
489,0.195,0.7000000000000001,570.0,7.535745807590486,1133,98.41306266548968
490,0.195,0.9,30.0,3.117808219178086,365,37.61095890410957
491,0.195,0.9,90.0,6.412017167381977,233,93.77682403433475
492,0.195,0.9,150.0,7.512711864406787,236,187.61440677966118
493,0.195,0.9,210.0,8.130434782608699,230,208.31304347826074
494,0.195,0.9,270.0,6.247706422018349,218,127.64220183486245
495,0.195,0.9,330.0,6.2678571428571415,168,100.50595238095237
496,0.195,0.9,390.0,7.000000000000002,133,117.96240601503764
497,0.195,0.9,450.0,5.166666666666664,66,53.40909090909089
498,0.195,0.9,510.0,7.727272727272728,11,85.54545454545455
499,0.195,0.9,570.0,5.0,3,27.0
500,0.2165789473684211,0.1,30.0,9.19319727891157,735,315.9061224489796
501,0.2165789473684211,0.1,90.0,16.806734992679356,683,731.5797950219624
502,0.2165789473684211,0.1,150.0,19.827231121281493,874,1000.6716247139593
503,0.2165789473684211,0.1,210.0,20.011824324324277,1184,906.3277027027018
504,0.2165789473684211,0.1,270.0,20.988666666666646,1500,960.8126666666665
505,0.2165789473684211,0.1,330.0,20.370005189413604,1927,846.9231966787745
506,0.2165789473684211,0.1,390.0,18.775814683941917,2547,720.4829210836278
507,0.2165789473684211,0.1,450.0,16.483910891089092,3232,502.73700495049405
508,0.2165789473684211,0.1,510.0,12.402278481012614,3950,279.9637974683535
509,0.2165789473684211,0.1,570.0,7.207034372501999,2502,91.8121502797764
510,0.2165789473684211,0.30000000000000004,30.0,10.865069356872661,793,525.5939470365691
511,0.2165789473684211,0.30000000000000004,90.0,19.610778443113777,835,1090.7053892215563
512,0.2165789473684211,0.30000000000000004,150.0,19.52669902912619,1236,915.1415857605155
513,0.2165789473684211,0.30000000000000004,210.0,20.843516209476313,1604,1009.7038653366579
514,0.2165789473684211,0.30000000000000004,270.0,21.190389016018283,2185,1008.9551487414177
515,0.2165789473684211,0.30000000000000004,330.0,20.64965517241382,2900,862.4600000000023
516,0.2165789473684211,0.30000000000000004,390.0,19.45259938837924,3924,738.4862385321098
517,0.2165789473684211,0.30000000000000004,450.0,16.70752932273925,5286,500.4619750283768
518,0.2165789473684211,0.30000000000000004,510.0,13.252146536920412,6988,311.15598168288477
519,0.2165789473684211,0.30000000000000004,570.0,7.266645223544531,6218,94.37761338050791
520,0.2165789473684211,0.5,30.0,9.57977207977208,702,343.89316239316236
521,0.2165789473684211,0.5,90.0,16.6464019851117,806,711.5595533498758
522,0.2165789473684211,0.5,150.0,18.14591078066915,1076,761.5306691449817
523,0.2165789473684211,0.5,210.0,19.9794617563739,1412,850.2528328611897
524,0.2165789473684211,0.5,270.0,19.111731843575406,1790,757.5195530726257
525,0.2165789473684211,0.5,330.0,19.379786286731957,2246,773.1678539626001
526,0.2165789473684211,0.5,390.0,18.603124999999984,2880,674.9024305555562
527,0.2165789473684211,0.5,450.0,15.352467811158798,3728,446.26341201716724
528,0.2165789473684211,0.5,510.0,12.241855616366937,3837,265.5387021110239
529,0.2165789473684211,0.5,570.0,7.467772511848331,2110,95.13222748815156
530,0.2165789473684211,0.7000000000000001,30.0,4.749640287769788,695,70.9712230215828
531,0.2165789473684211,0.7000000000000001,90.0,11.954545454545457,616,346.45779220779224
532,0.2165789473684211,0.7000000000000001,150.0,14.31140350877194,684,701.7850877192977
533,0.2165789473684211,0.7000000000000001,210.0,16.740127388535036,785,769.3974522293001
534,0.2165789473684211,0.7000000000000001,270.0,16.307150050352497,993,657.7170191339384
535,0.2165789473684211,0.7000000000000001,330.0,16.489852398523993,1084,655.2795202952043
536,0.2165789473684211,0.7000000000000001,390.0,16.378077839555147,1259,567.7331215250205
537,0.2165789473684211,0.7000000000000001,450.0,13.662123385939735,1394,367.43400286944126
538,0.2165789473684211,0.7000000000000001,510.0,11.741686001546785,1293,244.2645011600929
539,0.2165789473684211,0.7000000000000001,570.0,7.452586206896546,696,88.33477011494259
540,0.2165789473684211,0.9,30.0,0.0,0,0.0
541,0.2165789473684211,0.9,90.0,0.0,0,0.0
542,0.2165789473684211,0.9,150.0,0.0,0,0.0
543,0.2165789473684211,0.9,210.0,0.0,0,0.0
544,0.2165789473684211,0.9,270.0,0.0,0,0.0
545,0.2165789473684211,0.9,330.0,6.0,1,36.0
546,0.2165789473684211,0.9,390.0,3.0,1,9.0
547,0.2165789473684211,0.9,450.0,18.0,1,324.0
548,0.2165789473684211,0.9,510.0,3.6666666666666665,3,13.666666666666666
549,0.2165789473684211,0.9,570.0,14.0,2,317.0
550,0.23815789473684212,0.1,30.0,9.58375634517767,591,288.2301184433159
551,0.23815789473684212,0.1,90.0,16.741472172351862,557,641.7612208258525
552,0.23815789473684212,0.1,150.0,19.879765395894417,682,966.0586510263928
553,0.23815789473684212,0.1,210.0,21.1390134529148,892,963.4035874439451
554,0.23815789473684212,0.1,270.0,21.94180704441042,1306,1044.558958652375
555,0.23815789473684212,0.1,330.0,21.46621621621629,1628,944.3384520884515
556,0.23815789473684212,0.1,390.0,18.876577840112212,2139,725.689107059374
557,0.23815789473684212,0.1,450.0,16.330634278002716,2964,494.2860998650465
558,0.23815789473684212,0.1,510.0,12.181917808219147,3650,268.36767123287575
559,0.23815789473684212,0.1,570.0,6.857371154614452,2503,82.88773471833795
560,0.23815789473684212,0.30000000000000004,30.0,9.983892617449657,745,339.98120805369103
561,0.23815789473684212,0.30000000000000004,90.0,17.822695035461006,705,772.2992907801425
562,0.23815789473684212,0.30000000000000004,150.0,20.75024390243905,1025,1034.8224390243915
563,0.23815789473684212,0.30000000000000004,210.0,21.512077294685934,1449,1058.4258109040695
564,0.23815789473684212,0.30000000000000004,270.0,21.059915164369016,1886,963.6972428419942
565,0.23815789473684212,0.30000000000000004,330.0,21.414495114006492,2456,901.22557003257
566,0.23815789473684212,0.30000000000000004,390.0,19.210674157303348,3204,731.3735955056175
567,0.23815789473684212,0.30000000000000004,450.0,16.555529576806123,4277,515.9158288519989
568,0.23815789473684212,0.30000000000000004,510.0,13.072983583154906,5604,304.7182369735919
569,0.23815789473684212,0.30000000000000004,570.0,7.35466547326025,4469,98.72320429626299
570,0.23815789473684212,0.5,30.0,9.290662650602414,664,500.45030120481886
571,0.23815789473684212,0.5,90.0,16.13153961136022,669,642.2810164424512
572,0.23815789473684212,0.5,150.0,19.16118421052628,912,844.9287280701755
573,0.23815789473684212,0.5,210.0,19.674660271782596,1251,916.2981614708223
574,0.23815789473684212,0.5,270.0,20.30480949406623,1601,908.5321673953767
575,0.23815789473684212,0.5,330.0,18.991898734177237,1975,723.5063291139228
576,0.23815789473684212,0.5,390.0,17.6865191146881,2485,623.5649899396361
577,0.23815789473684212,0.5,450.0,15.41492938802956,2974,445.0457296570276
578,0.23815789473684212,0.5,510.0,12.098831701926125,3167,262.8307546574041
579,0.23815789473684212,0.5,570.0,7.088450704225347,1775,85.58985915492964
580,0.23815789473684212,0.7000000000000001,30.0,5.657370517928286,502,123.95617529880492
581,0.23815789473684212,0.7000000000000001,90.0,10.921621621621627,370,297.67297297297307
582,0.23815789473684212,0.7000000000000001,150.0,15.110047846889948,418,714.7368421052629
583,0.23815789473684212,0.7000000000000001,210.0,13.32061068702289,524,385.5687022900763
584,0.23815789473684212,0.7000000000000001,270.0,15.944741532976815,561,550.7932263814623
585,0.23815789473684212,0.7000000000000001,330.0,16.34011627906979,688,648.3575581395347
586,0.23815789473684212,0.7000000000000001,390.0,16.022613065326645,796,576.0502512562811
587,0.23815789473684212,0.7000000000000001,450.0,13.723225030084231,831,355.26835138387486
588,0.23815789473684212,0.7000000000000001,510.0,11.475928473177422,727,257.7427785419532
589,0.23815789473684212,0.7000000000000001,570.0,7.121896162528217,443,89.74943566591423
590,0.23815789473684212,0.9,30.0,0.0,0,0.0
591,0.23815789473684212,0.9,90.0,0.0,0,0.0
592,0.23815789473684212,0.9,150.0,0.0,0,0.0
593,0.23815789473684212,0.9,210.0,0.0,0,0.0
594,0.23815789473684212,0.9,270.0,0.0,0,0.0
595,0.23815789473684212,0.9,330.0,22.0,1,484.0
596,0.23815789473684212,0.9,390.0,0.0,0,0.0
597,0.23815789473684212,0.9,450.0,0.0,0,0.0
598,0.23815789473684212,0.9,510.0,22.0,3,656.6666666666666
599,0.23815789473684212,0.9,570.0,9.0,2,117.0
600,0.25973684210526315,0.1,30.0,10.757709251101325,454,583.4229074889864
601,0.25973684210526315,0.1,90.0,17.539906103286363,426,906.5774647887312
602,0.25973684210526315,0.1,150.0,19.5531914893617,564,907.5212765957446
603,0.25973684210526315,0.1,210.0,20.64285714285718,826,969.0157384987899
604,0.25973684210526315,0.1,270.0,22.141658900279584,1073,1112.3299161230177
605,0.25973684210526315,0.1,330.0,21.867052023121374,1384,948.078034682081
606,0.25973684210526315,0.1,390.0,20.346341463414593,1845,816.8558265582631
607,0.25973684210526315,0.1,450.0,16.611650485436876,2575,525.3844660194165
608,0.25973684210526315,0.1,510.0,12.96069469835467,3282,308.79555149299136
609,0.25973684210526315,0.1,570.0,7.415235250186707,2678,98.18670649738618
610,0.25973684210526315,0.30000000000000004,30.0,10.294573643410857,645,384.91782945736463
611,0.25973684210526315,0.30000000000000004,90.0,18.78343949044588,628,1011.917197452229
612,0.25973684210526315,0.30000000000000004,150.0,20.640130861504886,917,1017.0719738276985
613,0.25973684210526315,0.30000000000000004,210.0,22.432181971356417,1187,1211.0421229991557
614,0.25973684210526315,0.30000000000000004,270.0,21.337803320561925,1566,935.8524904214555
615,0.25973684210526315,0.30000000000000004,330.0,20.436434486117886,2053,848.5854846566
616,0.25973684210526315,0.30000000000000004,390.0,20.41384443617422,2687,791.5206550055847
617,0.25973684210526315,0.30000000000000004,450.0,16.705948689032947,3547,523.6301099520723
618,0.25973684210526315,0.30000000000000004,510.0,12.767534186149078,4534,287.87472430524946
619,0.25973684210526315,0.30000000000000004,570.0,6.258057491289202,4592,76.24542682926804
620,0.25973684210526315,0.5,30.0,8.630393996247655,533,231.19324577861173
621,0.25973684210526315,0.5,90.0,16.625615763546794,609,770.4154351395746
622,0.25973684210526315,0.5,150.0,18.335958005249342,762,780.3595800524936
623,0.25973684210526315,0.5,210.0,20.49127640036732,1089,881.1101928374658
624,0.25973684210526315,0.5,270.0,19.32767527675278,1355,795.7808118081186
625,0.25973684210526315,0.5,330.0,20.344869459623578,1647,839.6089860352159
626,0.25973684210526315,0.5,390.0,17.4109403254973,2212,621.1849005424946
627,0.25973684210526315,0.5,450.0,14.898515844364205,2493,417.62695547533
628,0.25973684210526315,0.5,510.0,11.750000000000014,2592,254.04475308641938
629,0.25973684210526315,0.5,570.0,7.630387143900654,1369,102.87363038714402
630,0.25973684210526315,0.7000000000000001,30.0,5.069486404833835,331,137.94561933534774
631,0.25973684210526315,0.7000000000000001,90.0,12.204460966542754,269,477.6394052044609
632,0.25973684210526315,0.7000000000000001,150.0,14.25087108013937,287,574.3414634146342
633,0.25973684210526315,0.7000000000000001,210.0,16.74110032362461,309,656.2038834951454
634,0.25973684210526315,0.7000000000000001,270.0,15.341902313624676,389,467.06426735218537
635,0.25973684210526315,0.7000000000000001,330.0,14.232613908872908,417,390.69784172661855
636,0.25973684210526315,0.7000000000000001,390.0,14.466367713004495,446,426.57847533632304
637,0.25973684210526315,0.7000000000000001,450.0,13.88018433179725,434,378.9677419354833
638,0.25973684210526315,0.7000000000000001,510.0,10.236619718309871,355,188.94084507042245
639,0.25973684210526315,0.7000000000000001,570.0,6.347560975609754,164,68.8719512195122
640,0.25973684210526315,0.9,30.0,0.0,0,0.0
641,0.25973684210526315,0.9,90.0,1.0,1,1.0
642,0.25973684210526315,0.9,150.0,0.0,0,0.0
643,0.25973684210526315,0.9,210.0,50.0,4,5274.0
644,0.25973684210526315,0.9,270.0,1.0,1,1.0
645,0.25973684210526315,0.9,330.0,20.0,1,400.0
646,0.25973684210526315,0.9,390.0,19.0,2,397.0
647,0.25973684210526315,0.9,450.0,21.0,1,441.0
648,0.25973684210526315,0.9,510.0,0.0,0,0.0
649,0.25973684210526315,0.9,570.0,3.0,4,11.5
650,0.28131578947368424,0.1,30.0,10.730232558139528,430,449.618604651163
651,0.28131578947368424,0.1,90.0,18.75452196382428,387,780.7235142118872
652,0.28131578947368424,0.1,150.0,21.957337883959053,586,1154.8856655290122
653,0.28131578947368424,0.1,210.0,23.907303370786494,712,1364.45224719101
654,0.28131578947368424,0.1,270.0,21.07741251325556,943,953.1261930010603
655,0.28131578947368424,0.1,330.0,20.885623510722848,1259,886.6409849086577
656,0.28131578947368424,0.1,390.0,19.55898043864845,1687,748.6828689982201
657,0.28131578947368424,0.1,450.0,17.163376732465363,2381,540.7988240235193
658,0.28131578947368424,0.1,510.0,12.80960051546391,3104,296.53640463917543
659,0.28131578947368424,0.1,570.0,7.125142207053468,2637,90.16647705726204
660,0.28131578947368424,0.30000000000000004,30.0,8.186440677966091,531,205.54237288135604
661,0.28131578947368424,0.30000000000000004,90.0,17.307017543859658,456,876.4692982456143
662,0.28131578947368424,0.30000000000000004,150.0,22.531024531024503,693,1376.81673881674
663,0.28131578947368424,0.30000000000000004,210.0,20.865638766519872,908,933.1321585903094
664,0.28131578947368424,0.30000000000000004,270.0,20.861525704809264,1206,1116.1019900497479
665,0.28131578947368424,0.30000000000000004,330.0,20.559289790741882,1577,824.7495244134429
666,0.28131578947368424,0.30000000000000004,390.0,19.809457579972175,2157,783.0194714881777
667,0.28131578947368424,0.30000000000000004,450.0,16.635557132718297,2818,510.1018452803412
668,0.28131578947368424,0.30000000000000004,510.0,12.7664418212479,3558,294.2273749297356
669,0.28131578947368424,0.30000000000000004,570.0,7.172888727799929,2759,94.5596230518303
670,0.28131578947368424,0.5,30.0,7.8833992094861705,506,214.7411067193675
671,0.28131578947368424,0.5,90.0,15.861216730038022,526,686.3250950570335
672,0.28131578947368424,0.5,150.0,17.891654465592925,683,715.308931185944
673,0.28131578947368424,0.5,210.0,20.08729281767956,905,902.9138121546966
674,0.28131578947368424,0.5,270.0,19.052956751985928,1133,842.7299205648717
675,0.28131578947368424,0.5,330.0,19.972865651886153,1511,806.178027796163
676,0.28131578947368424,0.5,390.0,16.477286135693216,1695,521.6926253687323
677,0.28131578947368424,0.5,450.0,14.8647873865265,2093,421.7075967510751
678,0.28131578947368424,0.5,510.0,11.720226843100205,2116,247.50283553875212
679,0.28131578947368424,0.5,570.0,7.4112060778727455,1053,94.60018993352327
680,0.28131578947368424,0.7000000000000001,30.0,4.501976284584981,253,102.42292490118584
681,0.28131578947368424,0.7000000000000001,90.0,11.562130177514806,169,341.1715976331364
682,0.28131578947368424,0.7000000000000001,150.0,12.09574468085107,188,363.26595744680816
683,0.28131578947368424,0.7000000000000001,210.0,15.154929577464799,213,673.6901408450705
684,0.28131578947368424,0.7000000000000001,270.0,13.872246696035242,227,517.1850220264316
685,0.28131578947368424,0.7000000000000001,330.0,15.256880733944943,218,514.247706422018
686,0.28131578947368424,0.7000000000000001,390.0,14.021551724137932,232,469.2629310344827
687,0.28131578947368424,0.7000000000000001,450.0,12.474418604651168,215,308.81860465116256
688,0.28131578947368424,0.7000000000000001,510.0,10.639240506329124,158,211.8544303797469
689,0.28131578947368424,0.7000000000000001,570.0,6.580645161290319,62,77.29032258064514
690,0.28131578947368424,0.9,30.0,6.0,1,36.0
691,0.28131578947368424,0.9,90.0,10.0,1,100.0
692,0.28131578947368424,0.9,150.0,0.0,0,0.0
693,0.28131578947368424,0.9,210.0,0.0,0,0.0
694,0.28131578947368424,0.9,270.0,0.0,0,0.0
695,0.28131578947368424,0.9,330.0,4.0,2,20.0
696,0.28131578947368424,0.9,390.0,0.0,0,0.0
697,0.28131578947368424,0.9,450.0,0.0,0,0.0
698,0.28131578947368424,0.9,510.0,9.0,1,81.0
699,0.28131578947368424,0.9,570.0,11.0,1,121.0
700,0.3028947368421053,0.1,30.0,8.773493975903607,415,219.00963855421682
701,0.3028947368421053,0.1,90.0,17.749460043196528,463,1074.4190064794823
702,0.3028947368421053,0.1,150.0,22.104779411764678,544,1279.240808823528
703,0.3028947368421053,0.1,210.0,20.219035202086044,767,1006.2320730117336
704,0.3028947368421053,0.1,270.0,20.84545454545456,990,1007.8050505050523
705,0.3028947368421053,0.1,330.0,20.451876019575845,1226,848.8662316476342
706,0.3028947368421053,0.1,390.0,18.470410628019312,1656,653.2155797101439
707,0.3028947368421053,0.1,450.0,16.49977588525326,2231,509.81757059614506
708,0.3028947368421053,0.1,510.0,12.982098982099007,2849,304.0189540189547
709,0.3028947368421053,0.1,570.0,7.04039945528824,2203,87.97094870630957
710,0.3028947368421053,0.30000000000000004,30.0,12.533783783783788,296,490.4729729729731
711,0.3028947368421053,0.30000000000000004,90.0,21.29900332225913,301,1012.2823920265786
712,0.3028947368421053,0.30000000000000004,150.0,19.118421052631568,456,706.6271929824551
713,0.3028947368421053,0.30000000000000004,210.0,22.179910044977547,667,1048.1649175412288
714,0.3028947368421053,0.30000000000000004,270.0,21.755453501722133,871,935.1102181400676
715,0.3028947368421053,0.30000000000000004,330.0,21.472774416594675,1157,911.5695764909249
716,0.3028947368421053,0.30000000000000004,390.0,20.018034825870668,1608,730.8103233830842
717,0.3028947368421053,0.30000000000000004,450.0,16.71285236502625,2093,506.82465360726195
718,0.3028947368421053,0.30000000000000004,510.0,13.138310412573679,2545,302.44282907662085
719,0.3028947368421053,0.30000000000000004,570.0,7.202655889145494,1732,90.00173210161651
720,0.3028947368421053,0.5,30.0,9.014150943396226,424,315.48113207547163
721,0.3028947368421053,0.5,90.0,16.400921658986167,434,726.9078341013827
722,0.3028947368421053,0.5,150.0,17.848381601362846,587,702.8671209540039
723,0.3028947368421053,0.5,210.0,19.03375000000001,800,762.9137500000013
724,0.3028947368421053,0.5,270.0,20.1069958847737,972,891.438271604938
725,0.3028947368421053,0.5,330.0,19.74937552039964,1201,780.7002497918407
726,0.3028947368421053,0.5,390.0,17.150183150183132,1365,564.5025641025628
727,0.3028947368421053,0.5,450.0,15.000646830530375,1546,414.5310478654588
728,0.3028947368421053,0.5,510.0,11.090909090909072,1562,210.90781049935978
729,0.3028947368421053,0.5,570.0,6.802597402597399,770,83.77402597402596
730,0.3028947368421053,0.7000000000000001,30.0,3.9688888888888907,225,42.42222222222226
731,0.3028947368421053,0.7000000000000001,90.0,10.749999999999998,128,365.35937499999994
732,0.3028947368421053,0.7000000000000001,150.0,13.081081081081086,111,514.810810810811
733,0.3028947368421053,0.7000000000000001,210.0,12.297752808988767,178,403.81460674157324
734,0.3028947368421053,0.7000000000000001,270.0,14.052631578947363,152,507.6973684210523
735,0.3028947368421053,0.7000000000000001,330.0,15.049999999999995,180,578.7833333333336
736,0.3028947368421053,0.7000000000000001,390.0,13.280701754385962,171,308.6725146198829
737,0.3028947368421053,0.7000000000000001,450.0,10.374999999999996,144,211.52777777777777
738,0.3028947368421053,0.7000000000000001,510.0,10.505154639175256,97,212.1752577319588
739,0.3028947368421053,0.7000000000000001,570.0,7.25806451612903,62,84.19354838709675
740,0.3028947368421053,0.9,30.0,0.0,0,0.0
741,0.3028947368421053,0.9,90.0,4.0,1,16.0
742,0.3028947368421053,0.9,150.0,11.0,1,121.0
743,0.3028947368421053,0.9,210.0,0.0,0,0.0
744,0.3028947368421053,0.9,270.0,0.0,0,0.0
745,0.3028947368421053,0.9,330.0,0.0,0,0.0
746,0.3028947368421053,0.9,390.0,0.0,0,0.0
747,0.3028947368421053,0.9,450.0,0.0,0,0.0
748,0.3028947368421053,0.9,510.0,0.0,0,0.0
749,0.3028947368421053,0.9,570.0,0.0,0,0.0
750,0.32447368421052636,0.1,30.0,9.505010020040089,499,297.2845691382766
751,0.32447368421052636,0.1,90.0,18.343387470997676,431,834.8863109048722
752,0.32447368421052636,0.1,150.0,18.230496453900713,564,853.4326241134748
753,0.32447368421052636,0.1,210.0,20.522427440633287,758,997.4485488126654
754,0.32447368421052636,0.1,270.0,20.545064377682408,932,914.6652360515001
755,0.32447368421052636,0.1,330.0,19.74934036939312,1137,767.4450307827591
756,0.32447368421052636,0.1,390.0,18.16253263707573,1532,671.1729765013048
757,0.32447368421052636,0.1,450.0,16.714363438520124,1838,531.3531011969523
758,0.32447368421052636,0.1,510.0,13.234051542036337,2367,316.52006759611317
759,0.32447368421052636,0.1,570.0,7.556243550051595,1938,104.32198142414856
760,0.32447368421052636,0.30000000000000004,30.0,12.614379084967329,153,413.1503267973855
761,0.32447368421052636,0.30000000000000004,90.0,19.79894179894179,189,1022.952380952381
762,0.32447368421052636,0.30000000000000004,150.0,23.345454545454544,330,1636.5696969696974
763,0.32447368421052636,0.30000000000000004,210.0,24.700680272108833,441,1449.5623582766439
764,0.32447368421052636,0.30000000000000004,270.0,24.879870129870156,616,1274.428571428572
765,0.32447368421052636,0.30000000000000004,330.0,23.90752157829842,811,1228.4525277435278
766,0.32447368421052636,0.30000000000000004,390.0,20.908854166666707,1152,863.7473958333335
767,0.32447368421052636,0.30000000000000004,450.0,17.407085146053436,1609,621.8297078931001
768,0.32447368421052636,0.30000000000000004,510.0,14.073049252905383,1807,383.20088544549054
769,0.32447368421052636,0.30000000000000004,570.0,8.987363100252747,1187,153.66975568660513
770,0.32447368421052636,0.5,30.0,10.060686015831124,379,333.74406332453856
771,0.32447368421052636,0.5,90.0,15.859649122807022,399,637.0726817042606
772,0.32447368421052636,0.5,150.0,17.519650655021827,458,747.6331877729251
773,0.32447368421052636,0.5,210.0,17.431061806656107,631,666.5847860538829
774,0.32447368421052636,0.5,270.0,19.502659574468083,752,796.6861702127662
775,0.32447368421052636,0.5,330.0,18.296017222820293,929,670.3692142088281
776,0.32447368421052636,0.5,390.0,17.869036482694117,1069,633.148737137513
777,0.32447368421052636,0.5,450.0,14.18143812709032,1196,376.40719063545134
778,0.32447368421052636,0.5,510.0,11.074664429530216,1192,213.1015100671143
779,0.32447368421052636,0.5,570.0,7.091240875912415,548,89.24087591240881
780,0.32447368421052636,0.7000000000000001,30.0,5.0135135135135185,148,132.67567567567568
781,0.32447368421052636,0.7000000000000001,90.0,10.95744680851064,94,260.78723404255317
782,0.32447368421052636,0.7000000000000001,150.0,13.044642857142861,112,489.91964285714283
783,0.32447368421052636,0.7000000000000001,210.0,11.488721804511284,133,308.72180451127844
784,0.32447368421052636,0.7000000000000001,270.0,11.52127659574468,94,328.5638297872341
785,0.32447368421052636,0.7000000000000001,330.0,14.017391304347829,115,364.3652173913044
786,0.32447368421052636,0.7000000000000001,390.0,13.905982905982908,117,392.5042735042738
787,0.32447368421052636,0.7000000000000001,450.0,11.615384615384617,78,276.58974358974353
788,0.32447368421052636,0.7000000000000001,510.0,8.874999999999995,64,136.37500000000003
789,0.32447368421052636,0.7000000000000001,570.0,5.857142857142856,35,71.2857142857143
790,0.32447368421052636,0.9,30.0,15.0,1,225.0
791,0.32447368421052636,0.9,90.0,0.0,0,0.0
792,0.32447368421052636,0.9,150.0,0.0,0,0.0
793,0.32447368421052636,0.9,210.0,0.0,0,0.0
794,0.32447368421052636,0.9,270.0,0.0,0,0.0
795,0.32447368421052636,0.9,330.0,0.0,0,0.0
796,0.32447368421052636,0.9,390.0,0.0,0,0.0
797,0.32447368421052636,0.9,450.0,9.5,2,110.5
798,0.32447368421052636,0.9,510.0,0.0,0,0.0
799,0.32447368421052636,0.9,570.0,0.0,0,0.0
800,0.3460526315789474,0.1,30.0,10.700520833333329,384,361.8411458333333
801,0.3460526315789474,0.1,90.0,17.294277929155324,367,751.0817438692084
802,0.3460526315789474,0.1,150.0,22.175675675675674,444,1230.6846846846854
803,0.3460526315789474,0.1,210.0,19.6741214057508,626,795.9520766773171
804,0.3460526315789474,0.1,270.0,19.2622036262204,717,809.9288702928861
805,0.3460526315789474,0.1,330.0,20.81828839390388,853,886.815943728019
806,0.3460526315789474,0.1,390.0,18.528365791701937,1181,663.6562235393743
807,0.3460526315789474,0.1,450.0,16.10680272108841,1470,491.48639455782313
808,0.3460526315789474,0.1,510.0,13.07440811724913,1774,301.8432919954901
809,0.3460526315789474,0.1,570.0,7.4181208053691226,1490,98.45570469798658
810,0.3460526315789474,0.30000000000000004,30.0,12.483221476510074,149,589.8791946308726
811,0.3460526315789474,0.30000000000000004,90.0,23.463687150837977,179,1132.8826815642462
812,0.3460526315789474,0.30000000000000004,150.0,25.406716417910445,268,1496.9589552238792
813,0.3460526315789474,0.30000000000000004,210.0,22.910662824207503,347,1068.9798270893375
814,0.3460526315789474,0.30000000000000004,270.0,22.007504690431556,533,1000.1200750469047
815,0.3460526315789474,0.30000000000000004,330.0,22.203647416413364,658,845.7112462006065
816,0.3460526315789474,0.30000000000000004,390.0,19.54872881355934,944,756.6970338983044
817,0.3460526315789474,0.30000000000000004,450.0,16.992038216560534,1256,524.4665605095541
818,0.3460526315789474,0.30000000000000004,510.0,13.21478060046188,1299,310.2986913009999
819,0.3460526315789474,0.30000000000000004,570.0,7.844497607655497,836,114.30622009569365
820,0.3460526315789474,0.5,30.0,10.691275167785237,298,460.5570469798658
821,0.3460526315789474,0.5,90.0,15.191489361702152,282,565.8510638297877
822,0.3460526315789474,0.5,150.0,17.901595744680858,376,737.4813829787239
823,0.3460526315789474,0.5,210.0,17.18997912317328,479,624.2755741127354
824,0.3460526315789474,0.5,270.0,19.72977941176471,544,806.2886029411769
825,0.3460526315789474,0.5,330.0,17.911301859799682,699,619.0643776824029
826,0.3460526315789474,0.5,390.0,17.595070422535226,852,659.5363849765264
827,0.3460526315789474,0.5,450.0,15.335999999999979,875,431.3771428571432
828,0.3460526315789474,0.5,510.0,11.328165374676995,774,225.13178294573643
829,0.3460526315789474,0.5,570.0,7.287206266318538,383,87.81984334203659
830,0.3460526315789474,0.7000000000000001,30.0,3.5137614678899065,109,36.21100917431193
831,0.3460526315789474,0.7000000000000001,90.0,7.840579710144925,69,115.60869565217388
832,0.3460526315789474,0.7000000000000001,150.0,9.421686746987952,83,190.5542168674699
833,0.3460526315789474,0.7000000000000001,210.0,10.41666666666667,84,253.58333333333331
834,0.3460526315789474,0.7000000000000001,270.0,11.767441860465118,86,307.5116279069768
835,0.3460526315789474,0.7000000000000001,330.0,11.361904761904768,105,225.51428571428576
836,0.3460526315789474,0.7000000000000001,390.0,11.896551724137927,87,265.16091954022994
837,0.3460526315789474,0.7000000000000001,450.0,10.818181818181815,77,267.96103896103864
838,0.3460526315789474,0.7000000000000001,510.0,8.196428571428568,56,131.26785714285708
839,0.3460526315789474,0.7000000000000001,570.0,6.678571428571427,28,79.82142857142857
840,0.3460526315789474,0.9,30.0,0.0,0,0.0
841,0.3460526315789474,0.9,90.0,0.0,0,0.0
842,0.3460526315789474,0.9,150.0,0.0,0,0.0
843,0.3460526315789474,0.9,210.0,0.0,0,0.0
844,0.3460526315789474,0.9,270.0,42.0,1,1764.0
845,0.3460526315789474,0.9,330.0,0.0,0,0.0
846,0.3460526315789474,0.9,390.0,5.0,1,25.0
847,0.3460526315789474,0.9,450.0,0.0,0,0.0
848,0.3460526315789474,0.9,510.0,10.0,2,109.0
849,0.3460526315789474,0.9,570.0,0.0,0,0.0
850,0.3676315789473684,0.1,30.0,10.141176470588244,255,719.1450980392164
851,0.3676315789473684,0.1,90.0,19.13651877133108,293,1113.0955631399308
852,0.3676315789473684,0.1,150.0,17.462643678160937,348,844.3247126436783
853,0.3676315789473684,0.1,210.0,20.98458149779735,454,1044.0903083700443
854,0.3676315789473684,0.1,270.0,19.94276629570751,629,905.4308426073135
855,0.3676315789473684,0.1,330.0,20.36931818181819,704,893.7329545454548
856,0.3676315789473684,0.1,390.0,18.345123258306522,933,675.879957127546
857,0.3676315789473684,0.1,450.0,16.222020018198357,1099,477.8671519563242
858,0.3676315789473684,0.1,510.0,13.090617481956695,1247,304.19727345629525
859,0.3676315789473684,0.1,570.0,7.80855855855856,888,108.45945945945958
860,0.3676315789473684,0.30000000000000004,30.0,12.83206106870229,131,449.19847328244265
861,0.3676315789473684,0.30000000000000004,90.0,22.826666666666686,150,1003.1733333333337
862,0.3676315789473684,0.30000000000000004,150.0,22.147619047619045,210,1152.3857142857157
863,0.3676315789473684,0.30000000000000004,210.0,21.439024390243922,328,984.9390243902434
864,0.3676315789473684,0.30000000000000004,270.0,24.006912442396295,434,1112.6382488479258
865,0.3676315789473684,0.30000000000000004,330.0,22.93046357615893,604,985.3245033112586
866,0.3676315789473684,0.30000000000000004,390.0,19.301955990220065,818,691.1699266503648
867,0.3676315789473684,0.30000000000000004,450.0,16.46104589114194,937,475.4834578441826
868,0.3676315789473684,0.30000000000000004,510.0,13.093780848963476,1013,311.3464955577494
869,0.3676315789473684,0.30000000000000004,570.0,7.659142212189613,443,94.98645598194118
870,0.3676315789473684,0.5,30.0,9.3074074074074,270,278.0037037037037
871,0.3676315789473684,0.5,90.0,15.73279352226721,247,862.7530364372468
872,0.3676315789473684,0.5,150.0,15.25735294117648,272,504.60294117647067
873,0.3676315789473684,0.5,210.0,18.4738372093023,344,799.1075581395352
874,0.3676315789473684,0.5,270.0,19.51403887688982,463,871.9935205183584
875,0.3676315789473684,0.5,330.0,17.282051282051324,507,557.9960552268243
876,0.3676315789473684,0.5,390.0,17.50241545893721,621,599.6602254428349
877,0.3676315789473684,0.5,450.0,13.585669781931452,642,340.7227414330221
878,0.3676315789473684,0.5,510.0,11.161839863713782,587,231.45144804088557
879,0.3676315789473684,0.5,570.0,6.054545454545453,220,63.581818181818186
880,0.3676315789473684,0.7000000000000001,30.0,3.9846153846153842,65,44.4153846153846
881,0.3676315789473684,0.7000000000000001,90.0,11.13461538461538,52,368.40384615384613
882,0.3676315789473684,0.7000000000000001,150.0,10.254901960784311,51,268.9607843137255
883,0.3676315789473684,0.7000000000000001,210.0,12.254901960784315,51,380.1372549019606
884,0.3676315789473684,0.7000000000000001,270.0,13.530612244897958,49,444.38775510204067
885,0.3676315789473684,0.7000000000000001,330.0,12.05,40,290.40000000000015
886,0.3676315789473684,0.7000000000000001,390.0,11.192307692307693,52,248.6923076923076
887,0.3676315789473684,0.7000000000000001,450.0,9.759999999999996,50,215.24000000000007
888,0.3676315789473684,0.7000000000000001,510.0,11.000000000000002,33,268.99999999999983
889,0.3676315789473684,0.7000000000000001,570.0,7.307692307692307,13,106.38461538461536
890,0.3676315789473684,0.9,30.0,0.0,0,0.0
891,0.3676315789473684,0.9,90.0,20.5,2,462.5
892,0.3676315789473684,0.9,150.0,0.0,0,0.0
893,0.3676315789473684,0.9,210.0,0.0,0,0.0
894,0.3676315789473684,0.9,270.0,0.0,0,0.0
895,0.3676315789473684,0.9,330.0,0.0,0,0.0
896,0.3676315789473684,0.9,390.0,0.0,0,0.0
897,0.3676315789473684,0.9,450.0,4.0,1,16.0
898,0.3676315789473684,0.9,510.0,0.0,0,0.0
899,0.3676315789473684,0.9,570.0,5.0,1,25.0
900,0.3892105263157895,0.1,30.0,8.886446886446874,273,253.1648351648351
901,0.3892105263157895,0.1,90.0,16.61065573770492,244,798.3975409836072
902,0.3892105263157895,0.1,150.0,18.68846153846153,260,1145.834615384615
903,0.3892105263157895,0.1,210.0,20.91830985915493,355,1008.6760563380282
904,0.3892105263157895,0.1,270.0,19.37362637362638,455,719.5098901098892
905,0.3892105263157895,0.1,330.0,20.280943025540278,509,838.8624754420434
906,0.3892105263157895,0.1,390.0,17.602836879432637,705,663.7021276595746
907,0.3892105263157895,0.1,450.0,16.663087248322128,745,541.2885906040271
908,0.3892105263157895,0.1,510.0,12.43619489559163,862,271.2853828306266
909,0.3892105263157895,0.1,570.0,7.448494453248807,631,99.46751188589548
910,0.3892105263157895,0.30000000000000004,30.0,9.964912280701755,114,280.3508771929826
911,0.3892105263157895,0.30000000000000004,90.0,20.82031250000001,128,1042.4765625000002
912,0.3892105263157895,0.30000000000000004,150.0,19.541062801932366,207,753.8599033816425
913,0.3892105263157895,0.30000000000000004,210.0,22.323624595469244,309,1097.0485436893196
914,0.3892105263157895,0.30000000000000004,270.0,25.35051546391754,388,1256.7886597938157
915,0.3892105263157895,0.30000000000000004,330.0,20.809145129224667,503,795.9304174950307
916,0.3892105263157895,0.30000000000000004,390.0,18.858585858585865,693,709.6291486291485
917,0.3892105263157895,0.30000000000000004,450.0,16.3213828425096,781,457.78361075544274
918,0.3892105263157895,0.30000000000000004,510.0,12.05658056580566,813,244.9397293972944
919,0.3892105263157895,0.30000000000000004,570.0,7.165745856353593,362,87.87292817679555
920,0.3892105263157895,0.5,30.0,8.831395348837203,172,292.71511627907006
921,0.3892105263157895,0.5,90.0,17.447513812154703,181,827.9116022099444
922,0.3892105263157895,0.5,150.0,19.266094420600872,233,788.1931330472105
923,0.3892105263157895,0.5,210.0,21.092150170648452,293,1101.1058020477835
924,0.3892105263157895,0.5,270.0,18.611111111111097,324,844.3209876543209
925,0.3892105263157895,0.5,330.0,17.365909090909092,440,672.3022727272735
926,0.3892105263157895,0.5,390.0,16.518518518518526,432,548.6157407407413
927,0.3892105263157895,0.5,450.0,13.686868686868678,495,340.97575757575817
928,0.3892105263157895,0.5,510.0,10.470899470899464,378,200.34391534391517
929,0.3892105263157895,0.5,570.0,7.5942028985507255,138,98.04347826086956
930,0.3892105263157895,0.7000000000000001,30.0,2.7906976744186047,43,21.02325581395348
931,0.3892105263157895,0.7000000000000001,90.0,4.354838709677419,31,27.774193548387093
932,0.3892105263157895,0.7000000000000001,150.0,5.833333333333333,24,77.83333333333331
933,0.3892105263157895,0.7000000000000001,210.0,7.85294117647059,34,155.9117647058824
934,0.3892105263157895,0.7000000000000001,270.0,5.9,20,58.699999999999996
935,0.3892105263157895,0.7000000000000001,330.0,5.833333333333333,12,70.16666666666667
936,0.3892105263157895,0.7000000000000001,390.0,8.166666666666666,12,123.16666666666666
937,0.3892105263157895,0.7000000000000001,450.0,5.249999999999999,8,54.99999999999999
938,0.3892105263157895,0.7000000000000001,510.0,8.333333333333334,3,149.66666666666666
939,0.3892105263157895,0.7000000000000001,570.0,20.0,2,656.0
940,0.3892105263157895,0.9,30.0,4.0,1,16.0
941,0.3892105263157895,0.9,90.0,0.0,0,0.0
942,0.3892105263157895,0.9,150.0,0.0,0,0.0
943,0.3892105263157895,0.9,210.0,12.0,1,144.0
944,0.3892105263157895,0.9,270.0,0.0,0,0.0
945,0.3892105263157895,0.9,330.0,0.0,0,0.0
946,0.3892105263157895,0.9,390.0,19.0,1,361.0
947,0.3892105263157895,0.9,450.0,0.0,0,0.0
948,0.3892105263157895,0.9,510.0,0.0,0,0.0
949,0.3892105263157895,0.9,570.0,0.0,0,0.0
950,0.7,0.1,30.0,10.140330861380498,1753,380.9286936679986
951,0.7,0.1,90.0,18.706422018348615,1744,907.5837155963283
952,0.7,0.1,150.0,20.373472159348083,2209,986.4477138976928
953,0.7,0.1,210.0,20.489974480495835,2743,921.8439664600801
954,0.7,0.1,270.0,19.96279353461419,3279,892.6983836535542
955,0.7,0.1,330.0,19.48406961178044,3735,809.4230254350737
956,0.7,0.1,390.0,17.03320176456929,4307,578.830740654747
957,0.7,0.1,450.0,14.975813953488327,4300,427.8739534883714
958,0.7,0.1,510.0,11.880910683012276,3426,260.10274372446
959,0.7,0.1,570.0,7.94161032575291,1627,111.32206515058375
960,0.7,0.30000000000000004,30.0,10.53924566768603,981,324.40876656473006
961,0.7,0.30000000000000004,90.0,19.219890510948932,1096,1134.1031021897809
962,0.7,0.30000000000000004,150.0,21.202105263157883,1425,1019.6975438596519
963,0.7,0.30000000000000004,210.0,20.234108527131774,1935,896.1948320413426
964,0.7,0.30000000000000004,270.0,20.799670917318004,2431,908.6145619086764
965,0.7,0.30000000000000004,330.0,19.37329700272478,2936,784.796321525886
966,0.7,0.30000000000000004,390.0,17.119521912350606,3514,563.9874786568013
967,0.7,0.30000000000000004,450.0,15.132080264160548,3937,434.61442722885437
968,0.7,0.30000000000000004,510.0,11.598010532475133,3418,239.36571094207176
969,0.7,0.30000000000000004,570.0,7.058931860036818,1086,83.49539594843468
970,0.7,0.5,30.0,5.246857142857135,1750,123.09485714285685
971,0.7,0.5,90.0,10.70731707317074,1148,331.554006968641
972,0.7,0.5,150.0,12.801606425702785,1245,440.58795180722916
973,0.7,0.5,210.0,13.382835820895538,1340,496.75895522388146
974,0.7,0.5,270.0,13.942577030812304,1428,508.17647058823576
975,0.7,0.5,330.0,13.701995870612508,1453,455.88368891947704
976,0.7,0.5,390.0,13.161123429416126,1353,369.05173688100433
977,0.7,0.5,450.0,11.699912510936112,1143,270.020122484689
978,0.7,0.5,510.0,9.463768115942027,759,161.63768115942048
979,0.7,0.5,570.0,6.361445783132528,249,67.34939759036148
980,0.7,0.7000000000000001,30.0,0.0,0,0.0
981,0.7,0.7000000000000001,90.0,11.0,1,121.0
982,0.7,0.7000000000000001,150.0,12.0,1,144.0
983,0.7,0.7000000000000001,210.0,10.0,1,100.0
984,0.7,0.7000000000000001,270.0,5.0,1,25.0
985,0.7,0.7000000000000001,330.0,18.0,1,324.0
986,0.7,0.7000000000000001,390.0,0.0,0,0.0
987,0.7,0.7000000000000001,450.0,29.666666666666664,3,1013.6666666666666
988,0.7,0.7000000000000001,510.0,13.0,1,169.0
989,0.7,0.7000000000000001,570.0,0.0,0,0.0
990,0.7,0.9,30.0,0.0,0,0.0
991,0.7,0.9,90.0,9.0,1,81.0
992,0.7,0.9,150.0,17.0,2,389.0
993,0.7,0.9,210.0,0.0,0,0.0
994,0.7,0.9,270.0,0.0,0,0.0
995,0.7,0.9,330.0,0.0,0,0.0
996,0.7,0.9,390.0,19.25,4,452.25
997,0.7,0.9,450.0,24.0,1,576.0
998,0.7,0.9,510.0,7.666666666666666,3,67.0
999,0.7,0.9,570.0,3.0,1,9.0
