,voc_bin,elo_bin,rtmean,rtcount,rt_squaredmean
0,0.0007894736842105274,625.0,13.580753733112097,21095,456.76236074899253
1,0.0007894736842105274,1387.5,14.413541004450112,53482,531.6174974757874
2,0.0007894736842105274,1662.5,15.434157462994358,87284,620.049023876083
3,0.0007894736842105274,2400.0,16.307564840157156,53709,741.6002345975538
4,0.022368421052631583,625.0,16.190990242889736,4817,588.522731990866
5,0.022368421052631583,1387.5,17.407329370155807,13289,685.8677101362041
6,0.022368421052631583,1662.5,18.54876838401155,22166,792.4533970946487
7,0.022368421052631583,2400.0,20.71052448766931,14395,1069.5552622438313
8,0.04394736842105264,625.0,16.72642910170752,2694,572.3841870824052
9,0.04394736842105264,1387.5,18.18932922559864,7141,708.3372076739942
10,0.04394736842105264,1662.5,20.216583960300856,12494,929.0550664318881
11,0.04394736842105264,2400.0,22.204204204204245,7992,1283.3063063063041
12,0.0655263157894737,625.0,17.66736547868623,1431,615.1712089447948
13,0.0655263157894737,1387.5,19.194444444444386,4068,789.7849065880056
14,0.0655263157894737,1662.5,19.978416277151485,7274,2371.5093483640335
15,0.0655263157894737,2400.0,23.008399832003352,4762,1195.9756404871869
16,0.08710526315789476,625.0,18.30000000000003,830,752.9578313253007
17,0.08710526315789476,1387.5,19.84779975777152,2477,786.5308841340316
18,0.08710526315789476,1662.5,21.683710407239836,4420,1069.330769230766
19,0.08710526315789476,2400.0,23.548280423280392,3024,1274.4636243386221
20,0.1086842105263158,625.0,17.436567164179095,536,646.0000000000011
21,0.1086842105263158,1387.5,20.1781350482315,1555,872.4790996784549
22,0.1086842105263158,1662.5,22.30558558558561,2775,1118.033873873873
23,0.1086842105263158,2400.0,24.184033177812356,1929,1275.2011404872972
24,0.13026315789473686,625.0,19.25892857142857,336,698.2589285714289
25,0.13026315789473686,1387.5,21.859960552268223,1014,1145.8402366863902
26,0.13026315789473686,1662.5,22.510362694300525,1930,1078.2378238341983
27,0.13026315789473686,2400.0,25.929128277817156,1411,1509.175053153791
28,0.1518421052631579,625.0,20.63218390804597,261,931.988505747127
29,0.1518421052631579,1387.5,20.647564469914034,698,914.6733524355305
30,0.1518421052631579,1662.5,23.069036226931015,1463,1186.8339029391643
31,0.1518421052631579,2400.0,25.264462809917358,968,1596.1301652892566
32,0.17342105263157898,625.0,20.840796019900484,201,936.4626865671643
33,0.17342105263157898,1387.5,20.321969696969685,528,897.1136363636359
34,0.17342105263157898,1662.5,24.556786703601126,1083,1433.5669436749752
35,0.17342105263157898,2400.0,24.62632978723407,752,1367.2167553191493
36,0.195,625.0,20.74814814814815,135,873.2370370370372
37,0.195,1387.5,22.567357512953354,386,1144.240932642487
38,0.195,1662.5,23.271589486858606,799,1120.678347934919
39,0.195,2400.0,24.406040268456344,596,1334.5771812080536
40,0.2165789473684211,625.0,20.9304347826087,115,809.6782608695659
41,0.2165789473684211,1387.5,22.84290030211482,331,1061.7915407854991
42,0.2165789473684211,1662.5,22.82635658914731,645,1070.9069767441854
43,0.2165789473684211,2400.0,26.22682445759369,507,1876.3175542406325
44,0.23815789473684212,625.0,21.570175438596493,114,1068.850877192982
45,0.23815789473684212,1387.5,21.431818181818173,264,1021.6969696969697
46,0.23815789473684212,1662.5,23.371093750000014,512,1138.6875000000002
47,0.23815789473684212,2400.0,25.333333333333343,375,1593.2800000000007
48,0.25973684210526315,625.0,17.16923076923077,65,735.0153846153845
49,0.25973684210526315,1387.5,23.02955665024631,203,985.9359605911327
50,0.25973684210526315,1662.5,22.931182795698938,465,1407.7526881720432
51,0.25973684210526315,2400.0,25.354037267080766,322,1258.9006211180142
52,0.28131578947368424,625.0,21.80701754385965,57,897.9122807017548
53,0.28131578947368424,1387.5,24.058479532163762,171,1209.4619883040937
54,0.28131578947368424,1662.5,23.508720930232585,344,1145.468023255814
55,0.28131578947368424,2400.0,25.970954356846484,241,1642.0954356846507
56,0.3028947368421053,625.0,20.352941176470587,34,740.529411764706
57,0.3028947368421053,1387.5,22.54225352112676,142,952.3591549295782
58,0.3028947368421053,1662.5,26.066433566433556,286,1341.8986013986014
59,0.3028947368421053,2400.0,24.163090128755357,233,1368.266094420601
60,0.32447368421052636,625.0,19.794871794871785,39,782.5128205128206
61,0.32447368421052636,1387.5,23.877551020408163,98,1029.7346938775509
62,0.32447368421052636,1662.5,27.443478260869558,230,1585.8782608695665
63,0.32447368421052636,2400.0,24.348066298342534,181,1283.7845303867414
64,0.3460526315789474,625.0,23.375000000000004,16,802.75
65,0.3460526315789474,1387.5,19.066666666666677,75,723.2533333333337
66,0.3460526315789474,1662.5,23.71038251366121,183,1078.0928961748637
67,0.3460526315789474,2400.0,20.85350318471337,157,853.6687898089177
68,0.3676315789473684,625.0,22.72222222222223,18,1147.8333333333333
69,0.3676315789473684,1387.5,23.934426229508194,61,1032.2950819672128
70,0.3676315789473684,1662.5,23.16793893129772,131,997.4122137404586
71,0.3676315789473684,2400.0,24.395604395604398,91,1445.626373626374
72,0.3892105263157895,625.0,14.857142857142854,28,435.0
73,0.3892105263157895,1387.5,23.714285714285722,42,1158.142857142857
74,0.3892105263157895,1662.5,27.62135922330098,103,1544.825242718448
75,0.3892105263157895,2400.0,26.11111111111111,63,1320.1111111111106
76,0.7,625.0,25.06024096385542,83,1302.5301204819284
77,0.7,1387.5,24.11489361702129,235,1199.9446808510636
78,0.7,1662.5,26.17530864197528,405,1453.7061728395063
79,0.7,2400.0,24.08536585365854,328,1255.0426829268274
