,voc_bin,rtmean,rtcount,rt_squaredmean
0,0.0007894736842105274,9.648751184996366,4848116,217.45750204821775
1,0.022368421052631583,11.465947099605826,1178857,273.37039861493025
2,0.04394736842105264,12.132200366539074,653682,304.2049329796446
3,0.0655263157894737,12.612824094398073,375855,329.8041984275857
4,0.08710526315789476,12.99472522506865,230152,345.5469515798264
5,0.1086842105263158,13.376033390055369,149266,369.1593196039288
6,0.13026315789473686,13.731660457586429,102538,381.9209561333353
7,0.1518421052631579,13.913787916085449,73122,394.33904980717153
8,0.17342105263157898,14.08169570224667,54703,403.05772992340405
9,0.195,14.392119590725597,42612,420.74591664319956
10,0.2165789473684211,14.380022387180373,33948,418.34296571226474
11,0.23815789473684212,14.268055257318704,27942,412.5375420513939
12,0.25973684210526315,14.724660603664136,22761,442.2049119107245
13,0.28131578947368424,14.496662988070847,19029,425.56177413421483
14,0.3028947368421053,14.473741444380478,15633,423.72123072986705
15,0.32447368421052636,14.869930761622168,12132,454.51088031651796
16,0.3460526315789474,14.643626864047018,9187,426.59682159573345
17,0.3676315789473684,15.09111361079863,7112,464.6813835770517
18,0.3892105263157895,14.757967935097556,5177,440.8881591655401
19,0.7,14.447705816877551,24257,427.66657047450263
