,voc_bin,U_bin,clock_bin,rtmean,rtcount,rt_squaredmean
0,0.0007894736842105274,0.1,30.0,3.9428947845322373,347639,69.9412033747651
1,0.0007894736842105274,0.1,90.0,5.706669217825852,355394,95.6487672836348
2,0.0007894736842105274,0.1,150.0,6.039648699894261,419812,89.14305689213276
3,0.0007894736842105274,0.1,210.0,5.607997602102785,390342,66.57126058686991
4,0.0007894736842105274,0.1,270.0,4.173054128802844,146798,35.98711154102919
5,0.0007894736842105274,0.30000000000000004,30.0,4.9600361790688225,113878,88.4652435062082
6,0.0007894736842105274,0.30000000000000004,90.0,7.374419647476791,144955,142.51609809940942
7,0.0007894736842105274,0.30000000000000004,150.0,7.70044386905862,216280,137.80480858146763
8,0.0007894736842105274,0.30000000000000004,210.0,6.9552025898146566,307049,99.73460913404686
9,0.0007894736842105274,0.30000000000000004,270.0,4.628494872445558,267964,42.02734695705401
10,0.0007894736842105274,0.5,30.0,4.122676563383045,224721,72.74275212374465
11,0.0007894736842105274,0.5,90.0,6.973602745226884,273930,138.52744496769262
12,0.0007894736842105274,0.5,150.0,7.76205697311857,433608,151.95629231933026
13,0.0007894736842105274,0.5,210.0,8.032088449949915,781278,134.40580945578878
14,0.0007894736842105274,0.5,270.0,3.7636088948161253,3635196,30.96698885011974
15,0.0007894736842105274,0.7000000000000001,30.0,4.902818649175669,112820,88.45885481297607
16,0.0007894736842105274,0.7000000000000001,90.0,7.464422493040819,166327,140.01794657512005
17,0.0007894736842105274,0.7000000000000001,150.0,8.071872592615192,262214,144.33442913040562
18,0.0007894736842105274,0.7000000000000001,210.0,7.492751652969167,404575,110.300448618921
19,0.0007894736842105274,0.7000000000000001,270.0,5.029341339871815,452297,46.62487259477731
20,0.0007894736842105274,0.9,30.0,3.2476056817977934,446056,39.720887063507654
21,0.0007894736842105274,0.9,90.0,5.800802616750517,436572,85.54730491190452
22,0.0007894736842105274,0.9,150.0,6.379007675010624,525211,89.88821825894725
23,0.0007894736842105274,0.9,210.0,6.006243121903659,525218,71.12125822039599
24,0.0007894736842105274,0.9,270.0,4.476146578448869,257091,36.234294471607214
25,0.022368421052631583,0.1,30.0,5.674166938908859,73464,109.84682293368199
26,0.022368421052631583,0.1,90.0,8.078163508826705,89671,158.76897770739666
27,0.022368421052631583,0.1,150.0,7.994525926044152,125318,134.57125073812213
28,0.022368421052631583,0.1,210.0,6.863083718662755,135382,91.20373461760043
29,0.022368421052631583,0.1,270.0,4.820083682008376,54731,42.69404907639179
30,0.022368421052631583,0.30000000000000004,30.0,5.541146435837088,25069,107.75256292632348
31,0.022368421052631583,0.30000000000000004,90.0,8.602051088461067,31788,174.09783566125557
32,0.022368421052631583,0.30000000000000004,150.0,9.106088314463584,48667,171.09236238107908
33,0.022368421052631583,0.30000000000000004,210.0,8.270761082883007,74394,128.20656235717914
34,0.022368421052631583,0.30000000000000004,270.0,5.160233772693373,80420,48.30775926386478
35,0.022368421052631583,0.5,30.0,5.59164166176878,32327,106.90750765613876
36,0.022368421052631583,0.5,90.0,9.079741379310356,50112,201.23874521072884
37,0.022368421052631583,0.5,150.0,9.650863950430686,93929,206.31981603125828
38,0.022368421052631583,0.5,210.0,9.465920692404989,196879,167.81046734288557
39,0.022368421052631583,0.5,270.0,4.410043389422487,824164,39.31259433802011
40,0.022368421052631583,0.7000000000000001,30.0,5.105821566616699,25354,82.34128737082894
41,0.022368421052631583,0.7000000000000001,90.0,8.16742230648753,36393,150.28398318357978
42,0.022368421052631583,0.7000000000000001,150.0,8.910922838662653,54885,158.64290789833277
43,0.022368421052631583,0.7000000000000001,210.0,8.248701187673477,76031,122.41834251818334
44,0.022368421052631583,0.7000000000000001,270.0,5.604717938955512,63036,54.0142299638303
45,0.022368421052631583,0.9,30.0,4.618404320020644,54259,67.60334691019013
46,0.022368421052631583,0.9,90.0,7.70191729000085,69786,130.17476284641623
47,0.022368421052631583,0.9,150.0,8.000114188431676,96332,122.77927376157423
48,0.022368421052631583,0.9,210.0,7.124089233146509,102249,91.15964948312445
49,0.022368421052631583,0.9,270.0,5.017703057587698,42648,43.39117895329196
50,0.04394736842105264,0.1,30.0,5.844063292668204,41395,117.49952892861455
51,0.04394736842105264,0.1,90.0,8.513720069921535,49198,176.14061547217372
52,0.04394736842105264,0.1,150.0,8.526858800716417,67557,154.70993383365115
53,0.04394736842105264,0.1,210.0,7.343125399133133,73597,104.71494762014756
54,0.04394736842105264,0.1,270.0,5.017214645106159,31601,46.36793139457589
55,0.04394736842105264,0.30000000000000004,30.0,6.206952043772143,15535,117.54277438043137
56,0.04394736842105264,0.30000000000000004,90.0,9.444760506514909,21796,203.075610203707
57,0.04394736842105264,0.30000000000000004,150.0,9.808789034901753,35385,199.30264236258307
58,0.04394736842105264,0.30000000000000004,210.0,8.719044898100515,57753,140.6803282946344
59,0.04394736842105264,0.30000000000000004,270.0,5.255327119609183,66734,49.78483231935742
60,0.04394736842105264,0.5,30.0,6.5375382731169704,16330,156.76607470912475
61,0.04394736842105264,0.5,90.0,9.85418596366227,28070,224.54054150338413
62,0.04394736842105264,0.5,150.0,10.4560328348139,53358,229.6002286442518
63,0.04394736842105264,0.5,210.0,9.691281735317038,110366,172.51577478571255
64,0.04394736842105264,0.5,270.0,4.921868778040303,301352,46.6349750457935
65,0.04394736842105264,0.7000000000000001,30.0,5.58285004142501,16898,100.31346904959166
66,0.04394736842105264,0.7000000000000001,90.0,8.776165844985043,24746,165.31669764810525
67,0.04394736842105264,0.7000000000000001,150.0,9.368371729792988,38415,174.22272549785225
68,0.04394736842105264,0.7000000000000001,210.0,8.39128269945229,52218,125.99379524301938
69,0.04394736842105264,0.7000000000000001,270.0,5.686345966958208,37044,55.15281827016527
70,0.04394736842105264,0.9,30.0,4.2599444331503635,29514,61.36389510063023
71,0.04394736842105264,0.9,90.0,7.503936284270195,32645,125.53665186092825
72,0.04394736842105264,0.9,150.0,8.000818941638366,41517,127.02839800563646
73,0.04394736842105264,0.9,210.0,7.1742591773551325,40698,93.71630055530972
74,0.04394736842105264,0.9,270.0,5.1002308580223,15594,44.437924842888236
75,0.0655263157894737,0.1,30.0,6.488690786666041,21089,144.07340319597893
76,0.0655263157894737,0.1,90.0,9.102803380884984,26147,195.75565074387066
77,0.0655263157894737,0.1,150.0,9.141655796397506,36031,177.59421054092275
78,0.0655263157894737,0.1,210.0,7.613403192396726,41035,111.38384306080175
79,0.0655263157894737,0.1,270.0,5.185078205896794,18349,49.31533053572404
80,0.0655263157894737,0.30000000000000004,30.0,6.637828337076454,10241,142.63939068450364
81,0.0655263157894737,0.30000000000000004,90.0,10.28130718954248,15300,241.57555555555575
82,0.0655263157894737,0.30000000000000004,150.0,10.473327094057113,25644,222.08360630166885
83,0.0655263157894737,0.30000000000000004,210.0,9.022152784255216,42884,148.45625408077603
84,0.0655263157894737,0.30000000000000004,270.0,5.375545171339573,51360,52.76078660436142
85,0.0655263157894737,0.5,30.0,6.8230008077544495,9904,145.7145597738294
86,0.0655263157894737,0.5,90.0,10.470436263284652,17031,255.17914391403988
87,0.0655263157894737,0.5,150.0,10.870756062767489,31545,241.0551275954984
88,0.0655263157894737,0.5,210.0,9.791364588367955,62070,174.47794425648453
89,0.0655263157894737,0.5,270.0,5.367438650684761,121721,53.66641746288654
90,0.0655263157894737,0.7000000000000001,30.0,5.981040926077831,10971,112.4325950232425
91,0.0655263157894737,0.7000000000000001,90.0,8.996278958108274,16662,179.02760773016453
92,0.0655263157894737,0.7000000000000001,150.0,9.704354348426833,25331,183.8673167265405
93,0.0655263157894737,0.7000000000000001,210.0,8.466340450771076,33720,128.85299525504115
94,0.0655263157894737,0.7000000000000001,270.0,5.7964922048997645,21552,56.90747958426127
95,0.0655263157894737,0.9,30.0,4.611120090512362,12374,69.66720543074177
96,0.0655263157894737,0.9,90.0,7.6330340097574725,14143,129.2510782719367
97,0.0655263157894737,0.9,150.0,7.886650868878344,17724,123.57656285262914
98,0.0655263157894737,0.9,210.0,6.98043436965742,15793,88.93243842208561
99,0.0655263157894737,0.9,270.0,5.123248293208791,5566,45.58318361480433
100,0.08710526315789476,0.1,30.0,6.625098533816791,12686,141.65457985180538
101,0.08710526315789476,0.1,90.0,9.3730481564099,15242,208.814853693741
102,0.08710526315789476,0.1,150.0,9.31683311622523,20727,183.9464466637717
103,0.08710526315789476,0.1,210.0,7.883120215541181,23383,119.21921909079242
104,0.08710526315789476,0.1,270.0,5.280043600690327,11009,51.193568898174235
105,0.08710526315789476,0.30000000000000004,30.0,7.203863820589033,7402,168.28276141583387
106,0.08710526315789476,0.30000000000000004,90.0,10.367682119205314,11325,237.31602649006595
107,0.08710526315789476,0.30000000000000004,150.0,10.751338825952654,19420,230.8045829042225
108,0.08710526315789476,0.30000000000000004,210.0,9.337670036191216,32052,160.91055160364388
109,0.08710526315789476,0.30000000000000004,270.0,5.502042515546545,38433,54.58569458538243
110,0.08710526315789476,0.5,30.0,6.924685534591184,6360,153.67688679245256
111,0.08710526315789476,0.5,90.0,10.518188432157146,10996,244.41124045107279
112,0.08710526315789476,0.5,150.0,11.102496581759294,19747,245.96622271737488
113,0.08710526315789476,0.5,210.0,9.836789480893016,36505,175.74792494178908
114,0.08710526315789476,0.5,270.0,5.56827949768316,59564,57.257319857632076
115,0.08710526315789476,0.7000000000000001,30.0,6.073979228908809,7029,118.63849765258202
116,0.08710526315789476,0.7000000000000001,90.0,9.371696188444794,10783,185.38245386256213
117,0.08710526315789476,0.7000000000000001,150.0,9.842146565254174,16566,188.69159724737472
118,0.08710526315789476,0.7000000000000001,210.0,8.595878011419044,21543,130.50693960915387
119,0.08710526315789476,0.7000000000000001,270.0,5.853140394088667,12992,57.940886699507594
120,0.08710526315789476,0.9,30.0,4.345133971956138,7203,63.08204914618919
121,0.08710526315789476,0.9,90.0,7.315315315315305,7548,124.30100688924225
122,0.08710526315789476,0.9,150.0,7.337800943162066,8058,108.34276495408275
123,0.08710526315789476,0.9,210.0,6.718109250273916,6389,86.19377054312075
124,0.08710526315789476,0.9,270.0,5.06880733944954,1744,44.75802752293574
125,0.1086842105263158,0.1,30.0,6.53263774017051,7859,143.62794248632247
126,0.1086842105263158,0.1,90.0,9.916258256978502,9386,233.67973577668778
127,0.1086842105263158,0.1,150.0,9.829260475923395,12481,207.78551398125143
128,0.1086842105263158,0.1,210.0,8.366380199381203,14545,134.06414575455435
129,0.1086842105263158,0.1,270.0,5.391268533772648,7284,52.976935749588094
130,0.1086842105263158,0.30000000000000004,30.0,7.301206926709808,5717,165.8854294210252
131,0.1086842105263158,0.30000000000000004,90.0,10.683116581514168,8612,254.30434277751928
132,0.1086842105263158,0.30000000000000004,150.0,10.909798875871905,14767,233.39276765761502
133,0.1086842105263158,0.30000000000000004,210.0,9.569291243832986,24931,168.4673699410379
134,0.1086842105263158,0.30000000000000004,270.0,5.542100490885791,31983,56.79382797110969
135,0.1086842105263158,0.5,30.0,7.402138540213856,4302,182.99349139934927
136,0.1086842105263158,0.5,90.0,11.030418788907738,7068,265.7406621392189
137,0.1086842105263158,0.5,150.0,11.104587297903562,12927,243.49849152935667
138,0.1086842105263158,0.5,210.0,9.75663095028984,22772,171.45222202705085
139,0.1086842105263158,0.5,270.0,5.841666103641645,29602,61.05590838456844
140,0.1086842105263158,0.7000000000000001,30.0,6.178429319371725,4775,113.28586387434537
141,0.1086842105263158,0.7000000000000001,90.0,9.368271954674253,7060,185.44050991501436
142,0.1086842105263158,0.7000000000000001,150.0,9.935285781766675,10585,191.96891828058565
143,0.1086842105263158,0.7000000000000001,210.0,8.797898320136142,13513,138.97550506919254
144,0.1086842105263158,0.7000000000000001,270.0,5.926555083687238,8006,59.47989008243824
145,0.1086842105263158,0.9,30.0,4.022865533878744,4767,50.9249003566184
146,0.1086842105263158,0.9,90.0,7.001123848055748,4449,113.94021128343411
147,0.1086842105263158,0.9,150.0,7.074195820615176,4259,102.69429443531328
148,0.1086842105263158,0.9,210.0,6.2868135711787385,2859,74.65057712486876
149,0.1086842105263158,0.9,270.0,4.799999999999996,685,40.940145985401394
150,0.13026315789473686,0.1,30.0,6.6280898876404555,5340,144.34531835205985
151,0.13026315789473686,0.1,90.0,10.159569260890857,6129,239.55098711045903
152,0.13026315789473686,0.1,150.0,10.082949852507387,8475,209.63126843657798
153,0.13026315789473686,0.1,210.0,8.615591934517864,10018,142.2298862048311
154,0.13026315789473686,0.1,270.0,5.768404083825916,5583,61.29733118395145
155,0.13026315789473686,0.30000000000000004,30.0,7.572146446518324,4179,170.4460397224216
156,0.13026315789473686,0.30000000000000004,90.0,11.095477386934679,6766,279.9086609518181
157,0.13026315789473686,0.30000000000000004,150.0,11.100518407872771,11381,243.97864862490184
158,0.13026315789473686,0.30000000000000004,210.0,9.735432823307516,19084,174.4360197023684
159,0.13026315789473686,0.30000000000000004,270.0,5.691566069837147,24686,59.59645142996032
160,0.13026315789473686,0.5,30.0,7.400473933649277,2954,175.31651997291752
161,0.13026315789473686,0.5,90.0,10.651061297361613,5041,252.09918666931108
162,0.13026315789473686,0.5,150.0,11.200115740740758,8640,241.93437500000078
163,0.13026315789473686,0.5,210.0,9.895561537930522,14487,174.7006971767789
164,0.13026315789473686,0.5,270.0,6.063447030756347,15509,65.03617254497361
165,0.13026315789473686,0.7000000000000001,30.0,6.188151041666687,3072,104.53906250000003
166,0.13026315789473686,0.7000000000000001,90.0,9.8983874530594,4527,211.82107355864818
167,0.13026315789473686,0.7000000000000001,150.0,10.152445004904,7137,197.22012049880894
168,0.13026315789473686,0.7000000000000001,210.0,8.87931428571425,8750,140.23565714285706
169,0.13026315789473686,0.7000000000000001,270.0,5.936664729808232,5163,58.8543482471432
170,0.13026315789473686,0.9,30.0,3.793471437539239,3186,58.671060891399925
171,0.13026315789473686,0.9,90.0,6.686529433008313,2769,112.41133983387503
172,0.13026315789473686,0.9,150.0,6.662761506276138,2390,96.03765690376552
173,0.13026315789473686,0.9,210.0,6.385482734319925,1419,79.80338266384766
174,0.13026315789473686,0.9,270.0,4.1160409556314,293,29.385665529010257
175,0.1518421052631579,0.1,30.0,6.57041484716155,3664,126.59552401746694
176,0.1518421052631579,0.1,90.0,10.265592635212833,4345,251.88722669735333
177,0.1518421052631579,0.1,150.0,10.744457810620348,5819,237.58618319298796
178,0.1518421052631579,0.1,210.0,9.163851811495475,7342,162.59752111141407
179,0.1518421052631579,0.1,270.0,5.9216773907255655,4507,63.272465054359934
180,0.1518421052631579,0.30000000000000004,30.0,8.001489868891523,3356,196.53724672228813
181,0.1518421052631579,0.30000000000000004,90.0,11.107296979207517,5098,270.1135739505675
182,0.1518421052631579,0.30000000000000004,150.0,11.407771376934365,8853,258.549305320231
183,0.1518421052631579,0.30000000000000004,210.0,9.778122889939214,14810,173.98541525995873
184,0.1518421052631579,0.30000000000000004,270.0,5.772222844972526,17842,60.74901916825461
185,0.1518421052631579,0.5,30.0,7.485774946921437,2355,176.77749469214427
186,0.1518421052631579,0.5,90.0,11.082781456953613,3926,251.83723892002058
187,0.1518421052631579,0.5,150.0,11.276523352922947,6466,244.53912774512827
188,0.1518421052631579,0.5,210.0,9.588298391028767,10255,166.85850804485622
189,0.1518421052631579,0.5,270.0,6.1661171966393775,9403,65.93151121982335
190,0.1518421052631579,0.7000000000000001,30.0,6.3723062815222375,2181,120.6978450252177
191,0.1518421052631579,0.7000000000000001,90.0,9.951450189155118,3172,211.55926860025164
192,0.1518421052631579,0.7000000000000001,150.0,10.505207226354948,4705,207.56705632306065
193,0.1518421052631579,0.7000000000000001,210.0,8.874304970513956,5935,138.8412805391746
194,0.1518421052631579,0.7000000000000001,270.0,5.914343786294978,3444,60.953252032520126
195,0.1518421052631579,0.9,30.0,3.631887985546526,2214,49.577687443541215
196,0.1518421052631579,0.9,90.0,6.282834101382478,1736,96.0869815668202
197,0.1518421052631579,0.9,150.0,6.315232722143869,1418,87.1939351198872
198,0.1518421052631579,0.9,210.0,6.113079019073562,734,73.21117166212542
199,0.1518421052631579,0.9,270.0,4.819999999999999,150,40.52666666666665
200,0.17342105263157898,0.1,30.0,7.25571646341462,2624,189.20083841463395
201,0.17342105263157898,0.1,90.0,11.01192010309282,3104,299.736791237113
202,0.17342105263157898,0.1,150.0,10.923885714285712,4375,240.2633142857147
203,0.17342105263157898,0.1,210.0,9.398800599700138,6003,164.4932533733132
204,0.17342105263157898,0.1,270.0,6.025094102885822,3985,65.8062735257213
205,0.17342105263157898,0.30000000000000004,30.0,7.852941176470578,2584,178.55340557275605
206,0.17342105263157898,0.30000000000000004,90.0,11.554731900172968,4047,297.77711885347156
207,0.17342105263157898,0.30000000000000004,150.0,11.718635093396047,6799,276.7008383585822
208,0.17342105263157898,0.30000000000000004,210.0,9.959006979415154,11319,183.98869158052838
209,0.17342105263157898,0.30000000000000004,270.0,5.8719565855089595,13636,62.458638897037154
210,0.17342105263157898,0.5,30.0,6.989619377162625,2023,129.37419673751853
211,0.17342105263157898,0.5,90.0,11.055357720945295,3089,257.9585626416318
212,0.17342105263157898,0.5,150.0,11.368012422360263,5152,250.1211180124223
213,0.17342105263157898,0.5,210.0,9.436619718309872,7455,156.96686787391047
214,0.17342105263157898,0.5,270.0,6.096087171867271,6057,65.4089483242527
215,0.17342105263157898,0.7000000000000001,30.0,6.3830645161290445,1736,109.61232718894009
216,0.17342105263157898,0.7000000000000001,90.0,10.202770780856397,2382,225.17170445004157
217,0.17342105263157898,0.7000000000000001,150.0,10.363182618907794,3406,208.20346447445627
218,0.17342105263157898,0.7000000000000001,210.0,8.85896155766349,4006,137.01173240139795
219,0.17342105263157898,0.7000000000000001,270.0,5.832967996492775,2281,58.05480052608514
220,0.17342105263157898,0.9,30.0,3.2774140752864116,1222,37.007364975450066
221,0.17342105263157898,0.9,90.0,5.065984072810013,879,64.67235494880543
222,0.17342105263157898,0.9,150.0,6.043551088777216,597,85.56448911222772
223,0.17342105263157898,0.9,210.0,5.872340425531919,235,68.71489361702127
224,0.17342105263157898,0.9,270.0,5.044444444444445,45,43.31111111111111
225,0.195,0.1,30.0,7.412271259418728,1858,194.9407965554362
226,0.195,0.1,90.0,11.253131749460042,2315,289.2850971922243
227,0.195,0.1,150.0,11.676488456865103,3292,275.73116646415474
228,0.195,0.1,210.0,9.50701402805612,4990,165.40801603206404
229,0.195,0.1,270.0,5.977784026996616,3556,63.266310461192234
230,0.195,0.30000000000000004,30.0,7.755640902544415,2083,170.49495919347106
231,0.195,0.30000000000000004,90.0,11.965422276621785,3268,323.9280905752756
232,0.195,0.30000000000000004,150.0,11.468991551321233,5563,256.62016897357523
233,0.195,0.30000000000000004,210.0,10.059870910304904,8986,179.78321833963923
234,0.195,0.30000000000000004,270.0,5.873693464882275,10237,61.616391520953414
235,0.195,0.5,30.0,7.506478209658417,1698,163.08244994110746
236,0.195,0.5,90.0,10.947204968944092,2576,258.08462732919196
237,0.195,0.5,150.0,11.149806389157803,4132,237.0670377541144
238,0.195,0.5,210.0,9.35004306632214,5805,154.72334194659828
239,0.195,0.5,270.0,6.24741506646973,4062,67.28778926637125
240,0.195,0.7000000000000001,30.0,6.558951965065495,1374,130.3085880640465
241,0.195,0.7000000000000001,90.0,9.349514563106792,1751,183.1496287835527
242,0.195,0.7000000000000001,150.0,9.921653034868692,2323,187.363753766681
243,0.195,0.7000000000000001,210.0,8.621600919188015,2611,127.9942550746838
244,0.195,0.7000000000000001,270.0,5.966666666666675,1560,60.11410256410262
245,0.195,0.9,30.0,2.6773584905660393,530,17.632075471698137
246,0.195,0.9,90.0,4.3444816053511754,299,54.391304347826086
247,0.195,0.9,150.0,5.148717948717946,195,65.04615384615387
248,0.195,0.9,210.0,5.933333333333331,45,105.48888888888892
249,0.195,0.9,270.0,3.0,2,10.0
250,0.2165789473684211,0.1,30.0,8.191108161911073,1507,233.74917053749118
251,0.2165789473684211,0.1,90.0,11.831868131868125,1820,324.209890109889
252,0.2165789473684211,0.1,150.0,11.685305148312306,2933,270.83088987384946
253,0.2165789473684211,0.1,210.0,9.98195203039657,4211,187.32130135359714
254,0.2165789473684211,0.1,270.0,5.983643542019172,3546,64.16751269035534
255,0.2165789473684211,0.30000000000000004,30.0,7.8993471164309055,1838,183.0690968443959
256,0.2165789473684211,0.30000000000000004,90.0,12.016582552271093,2774,328.5573179524152
257,0.2165789473684211,0.30000000000000004,150.0,11.730710046163976,4549,272.5352824796661
258,0.2165789473684211,0.30000000000000004,210.0,10.100888585099073,7315,186.3444976076553
259,0.2165789473684211,0.30000000000000004,270.0,5.988821385176188,8230,65.7178614823813
260,0.2165789473684211,0.5,30.0,7.460589444825218,1459,168.2762165867034
261,0.2165789473684211,0.5,90.0,11.361087144089748,2318,288.43097497842956
262,0.2165789473684211,0.5,150.0,11.063080822303567,3551,240.6181357364117
263,0.2165789473684211,0.5,210.0,9.278315065549144,4653,154.9387491940682
264,0.2165789473684211,0.5,270.0,6.1828120255086425,3293,66.64378985727292
265,0.2165789473684211,0.7000000000000001,30.0,5.084019769357497,1214,80.42504118616154
266,0.2165789473684211,0.7000000000000001,90.0,9.349206349206364,1323,216.53439153439166
267,0.2165789473684211,0.7000000000000001,150.0,9.696622052262565,1569,190.36201402166967
268,0.2165789473684211,0.7000000000000001,210.0,8.836442786069638,1608,141.1063432835817
269,0.2165789473684211,0.7000000000000001,270.0,5.959308240081376,983,59.800610376398836
270,0.2165789473684211,0.9,30.0,0.0,0,0.0
271,0.2165789473684211,0.9,90.0,0.0,0,0.0
272,0.2165789473684211,0.9,150.0,0.0,0,0.0
273,0.2165789473684211,0.9,210.0,0.0,0,0.0
274,0.2165789473684211,0.9,270.0,0.0,0,0.0
275,0.23815789473684212,0.1,30.0,8.385435168738892,1126,212.76021314387197
276,0.23815789473684212,0.1,90.0,11.551701134089377,1499,293.38225483655714
277,0.23815789473684212,0.1,150.0,11.877362283876128,2487,286.6895858464024
278,0.23815789473684212,0.1,210.0,9.75831134564642,3790,174.42532981530312
279,0.23815789473684212,0.1,270.0,5.961324348080854,3413,64.26252563726923
280,0.23815789473684212,0.30000000000000004,30.0,7.796721311475396,1525,174.5639344262291
281,0.23815789473684212,0.30000000000000004,90.0,12.387254901960757,2244,338.9041889483057
282,0.23815789473684212,0.30000000000000004,150.0,11.695873526259385,3732,264.0259914255097
283,0.23815789473684212,0.30000000000000004,210.0,10.08148774302619,5915,183.37480980557916
284,0.23815789473684212,0.30000000000000004,270.0,6.05209795663704,6411,65.94603026048976
285,0.23815789473684212,0.5,30.0,7.4765204003079315,1299,169.00538876058525
286,0.23815789473684212,0.5,90.0,10.870722433460074,2104,247.43916349809876
287,0.23815789473684212,0.5,150.0,11.032258064516109,3131,237.91121047588587
288,0.23815789473684212,0.5,210.0,9.340727366520486,3877,153.16327057002803
289,0.23815789473684212,0.5,270.0,6.053578412201798,2557,63.32850997262408
290,0.23815789473684212,0.7000000000000001,30.0,5.609725685785544,802,99.28553615960115
291,0.23815789473684212,0.7000000000000001,90.0,9.006857142857143,875,185.3108571428572
292,0.23815789473684212,0.7000000000000001,150.0,9.554704595186,914,193.22210065645515
293,0.23815789473684212,0.7000000000000001,210.0,9.429670329670332,910,160.10879120879133
294,0.23815789473684212,0.7000000000000001,270.0,6.1097345132743275,565,66.12743362831864
295,0.23815789473684212,0.9,30.0,0.0,0,0.0
296,0.23815789473684212,0.9,90.0,0.0,0,0.0
297,0.23815789473684212,0.9,150.0,0.0,0,0.0
298,0.23815789473684212,0.9,210.0,0.0,0,0.0
299,0.23815789473684212,0.9,270.0,0.0,0,0.0
300,0.25973684210526315,0.1,30.0,9.167561761546724,931,245.13104189044083
301,0.25973684210526315,0.1,90.0,12.344747081712036,1285,341.6132295719834
302,0.25973684210526315,0.1,150.0,11.94253414978807,2123,277.48280734809146
303,0.25973684210526315,0.1,210.0,10.014407527197914,3401,181.34166421640657
304,0.25973684210526315,0.1,270.0,5.949593951274137,3571,63.72276673200781
305,0.25973684210526315,0.30000000000000004,30.0,8.245283018867905,1219,177.21164889253507
306,0.25973684210526315,0.30000000000000004,90.0,12.085022244191803,2023,328.916460701928
307,0.25973684210526315,0.30000000000000004,150.0,11.864907819453263,3146,282.50445009535906
308,0.25973684210526315,0.30000000000000004,210.0,10.290577002905767,4818,195.0083022000833
309,0.25973684210526315,0.30000000000000004,270.0,5.395680885240041,5603,54.25914688559708
310,0.25973684210526315,0.5,30.0,7.152061855670106,1164,148.60910652920987
311,0.25973684210526315,0.5,90.0,11.282051282051286,1794,272.8015607580828
312,0.25973684210526315,0.5,150.0,10.841033672670317,2554,229.17854346123661
313,0.25973684210526315,0.5,210.0,9.242243810717596,3191,149.53682231275388
314,0.25973684210526315,0.5,270.0,5.962182862613678,2089,60.78075634274763
315,0.25973684210526315,0.7000000000000001,30.0,4.5871212121212075,528,67.89015151515152
316,0.25973684210526315,0.7000000000000001,90.0,8.374999999999995,528,152.97348484848493
317,0.25973684210526315,0.7000000000000001,150.0,10.297619047619044,504,209.3968253968255
318,0.25973684210526315,0.7000000000000001,210.0,8.721470019342357,517,140.85299806576418
319,0.25973684210526315,0.7000000000000001,270.0,5.583710407239822,221,52.11764705882352
320,0.25973684210526315,0.9,30.0,0.0,0,0.0
321,0.25973684210526315,0.9,90.0,0.0,0,0.0
322,0.25973684210526315,0.9,150.0,0.0,0,0.0
323,0.25973684210526315,0.9,210.0,0.0,0,0.0
324,0.25973684210526315,0.9,270.0,0.0,0,0.0
325,0.28131578947368424,0.1,30.0,7.721130221130224,814,163.85380835380855
326,0.28131578947368424,0.1,90.0,12.82152466367714,1115,381.2520179372198
327,0.28131578947368424,0.1,150.0,12.283932135728525,2004,295.1312375249501
328,0.28131578947368424,0.1,210.0,10.183188963747128,3117,192.83573949310224
329,0.28131578947368424,0.1,270.0,5.908506284712067,3421,64.6211634025139
330,0.28131578947368424,0.30000000000000004,30.0,8.040913415794464,1051,196.00856327307332
331,0.28131578947368424,0.30000000000000004,90.0,11.54336399474376,1522,279.28055190538817
332,0.28131578947368424,0.30000000000000004,150.0,11.597104945717719,2487,261.60595094491333
333,0.28131578947368424,0.30000000000000004,210.0,10.054373522458645,3807,181.34462831625905
334,0.28131578947368424,0.30000000000000004,270.0,5.973224043715847,3660,64.10655737704924
335,0.28131578947368424,0.5,30.0,7.434535104364324,1054,151.77229601518044
336,0.28131578947368424,0.5,90.0,11.119492656875817,1498,276.506675567424
337,0.28131578947368424,0.5,150.0,10.738856589147296,2064,225.84835271317837
338,0.28131578947368424,0.5,210.0,9.377036462373926,2578,159.95034910783517
339,0.28131578947368424,0.5,270.0,5.8624754420432295,1527,59.191879502292096
340,0.28131578947368424,0.7000000000000001,30.0,4.312834224598925,374,66.70855614973264
341,0.28131578947368424,0.7000000000000001,90.0,8.223367697594501,291,136.05154639175265
342,0.28131578947368424,0.7000000000000001,150.0,8.993883792048932,327,165.84403669724773
343,0.28131578947368424,0.7000000000000001,210.0,9.226618705035984,278,165.44244604316563
344,0.28131578947368424,0.7000000000000001,270.0,5.640000000000001,100,57.52000000000001
345,0.28131578947368424,0.9,30.0,0.0,0,0.0
346,0.28131578947368424,0.9,90.0,0.0,0,0.0
347,0.28131578947368424,0.9,150.0,0.0,0,0.0
348,0.28131578947368424,0.9,210.0,0.0,0,0.0
349,0.28131578947368424,0.9,270.0,0.0,0,0.0
350,0.3028947368421053,0.1,30.0,8.369158878504695,856,236.97897196261698
351,0.3028947368421053,0.1,90.0,12.222050886661517,1297,327.26137239784003
352,0.3028947368421053,0.1,150.0,12.343354430379748,1896,320.8960970464122
353,0.3028947368421053,0.1,210.0,10.151619572708473,2902,188.99035148173618
354,0.3028947368421053,0.1,270.0,6.079762689518802,3034,67.59986816084356
355,0.3028947368421053,0.30000000000000004,30.0,8.663594470046093,651,202.75883256528405
356,0.3028947368421053,0.30000000000000004,90.0,13.146763901549662,1097,365.89061075660874
357,0.3028947368421053,0.30000000000000004,150.0,12.142561983471063,1936,276.2551652892559
358,0.3028947368421053,0.30000000000000004,210.0,10.034142907426967,2841,181.72298486448398
359,0.3028947368421053,0.30000000000000004,270.0,6.328560063643612,2514,72.20922832140032
360,0.3028947368421053,0.5,30.0,7.43502824858757,885,150.7209039548023
361,0.3028947368421053,0.5,90.0,11.535130718954239,1224,292.16748366013115
362,0.3028947368421053,0.5,150.0,11.144175317185686,1734,239.66551326412917
363,0.3028947368421053,0.5,210.0,9.170087976539566,2046,152.74095796676406
364,0.3028947368421053,0.5,270.0,5.889358108108104,1184,59.29138513513513
365,0.3028947368421053,0.7000000000000001,30.0,4.449056603773587,265,138.9018867924529
366,0.3028947368421053,0.7000000000000001,90.0,8.152892561983476,242,178.58264462809927
367,0.3028947368421053,0.7000000000000001,150.0,8.787234042553193,235,158.3021276595745
368,0.3028947368421053,0.7000000000000001,210.0,7.926553672316381,177,146.49152542372883
369,0.3028947368421053,0.7000000000000001,270.0,5.890625,64,51.67187499999999
370,0.3028947368421053,0.9,30.0,0.0,0,0.0
371,0.3028947368421053,0.9,90.0,0.0,0,0.0
372,0.3028947368421053,0.9,150.0,0.0,0,0.0
373,0.3028947368421053,0.9,210.0,0.0,0,0.0
374,0.3028947368421053,0.9,270.0,0.0,0,0.0
375,0.32447368421052636,0.1,30.0,7.611570247933879,968,193.1797520661157
376,0.32447368421052636,0.1,90.0,11.944677284157562,1193,316.98407376362087
377,0.32447368421052636,0.1,150.0,11.746149458071883,1753,286.24586423274457
378,0.32447368421052636,0.1,210.0,9.867990654205624,2568,178.7823208722744
379,0.32447368421052636,0.1,270.0,6.004574243490495,2842,66.11576354679792
380,0.32447368421052636,0.30000000000000004,30.0,9.486552567237164,409,224.21515892420535
381,0.32447368421052636,0.30000000000000004,90.0,13.190839694656487,655,346.01221374045804
382,0.32447368421052636,0.30000000000000004,150.0,12.799691833590131,1298,337.21725731895225
383,0.32447368421052636,0.30000000000000004,210.0,10.632178217821792,2020,217.0381188118807
384,0.32447368421052636,0.30000000000000004,270.0,6.677036199095008,1768,83.45871040723968
385,0.32447368421052636,0.5,30.0,7.518518518518509,729,174.69821673525405
386,0.32447368421052636,0.5,90.0,10.528884462151385,1004,243.11254980079693
387,0.32447368421052636,0.5,150.0,10.685630926331145,1371,218.41429613420883
388,0.32447368421052636,0.5,210.0,8.929682217714689,1479,141.09060175794468
389,0.32447368421052636,0.5,270.0,6.019024970273483,841,61.714625445897774
390,0.32447368421052636,0.7000000000000001,30.0,4.336405529953917,217,60.668202764976954
391,0.32447368421052636,0.7000000000000001,90.0,7.548571428571428,175,123.37714285714291
392,0.32447368421052636,0.7000000000000001,150.0,8.745856353591167,181,187.09944751381218
393,0.32447368421052636,0.7000000000000001,210.0,9.109243697478991,119,159.19327731092437
394,0.32447368421052636,0.7000000000000001,270.0,4.772727272727272,44,43.50000000000001
395,0.32447368421052636,0.9,30.0,0.0,0,0.0
396,0.32447368421052636,0.9,90.0,0.0,0,0.0
397,0.32447368421052636,0.9,150.0,0.0,0,0.0
398,0.32447368421052636,0.9,210.0,0.0,0,0.0
399,0.32447368421052636,0.9,270.0,0.0,0,0.0
400,0.3460526315789474,0.1,30.0,7.9854497354497305,756,177.17328042328091
401,0.3460526315789474,0.1,90.0,11.288032454361044,986,270.6916835699789
402,0.3460526315789474,0.1,150.0,11.8462083628632,1411,286.67540751240193
403,0.3460526315789474,0.1,210.0,9.804966373512679,1933,180.3398861872732
404,0.3460526315789474,0.1,270.0,6.020568070519087,2042,67.37022526934396
405,0.3460526315789474,0.30000000000000004,30.0,10.031413612565435,382,256.7120418848166
406,0.3460526315789474,0.30000000000000004,90.0,12.648648648648656,592,304.13513513513493
407,0.3460526315789474,0.30000000000000004,150.0,12.200379867046529,1053,273.3608736942066
408,0.3460526315789474,0.30000000000000004,210.0,9.990085922009259,1513,184.70257766027697
409,0.3460526315789474,0.30000000000000004,270.0,6.788732394366193,1278,83.61658841940513
410,0.3460526315789474,0.5,30.0,6.741056218057914,587,135.64054514480395
411,0.3460526315789474,0.5,90.0,11.5037688442211,796,314.8806532663315
412,0.3460526315789474,0.5,150.0,10.398989898989893,990,236.8292929292928
413,0.3460526315789474,0.5,210.0,9.287569573283854,1078,150.69573283859023
414,0.3460526315789474,0.5,270.0,6.059566787003603,554,64.60108303249093
415,0.3460526315789474,0.7000000000000001,30.0,4.528985507246377,138,69.1231884057971
416,0.3460526315789474,0.7000000000000001,90.0,8.572519083969464,131,186.81679389312964
417,0.3460526315789474,0.7000000000000001,150.0,8.778761061946899,113,159.43362831858417
418,0.3460526315789474,0.7000000000000001,210.0,8.044444444444444,90,113.2888888888889
419,0.3460526315789474,0.7000000000000001,270.0,6.176470588235294,34,73.05882352941177
420,0.3460526315789474,0.9,30.0,0.0,0,0.0
421,0.3460526315789474,0.9,90.0,0.0,0,0.0
422,0.3460526315789474,0.9,150.0,0.0,0,0.0
423,0.3460526315789474,0.9,210.0,0.0,0,0.0
424,0.3460526315789474,0.9,270.0,0.0,0,0.0
425,0.3676315789473684,0.1,30.0,8.61221122112211,606,265.38448844884516
426,0.3676315789473684,0.1,90.0,12.105053191489356,752,313.6928191489365
427,0.3676315789473684,0.1,150.0,11.775728155339797,1030,267.10194174757345
428,0.3676315789473684,0.1,210.0,9.652236652236647,1386,171.25829725829712
429,0.3676315789473684,0.1,270.0,5.9020376175548535,1276,61.251567398119136
430,0.3676315789473684,0.30000000000000004,30.0,9.637724550898211,334,255.565868263473
431,0.3676315789473684,0.30000000000000004,90.0,13.225454545454545,550,362.6799999999998
432,0.3676315789473684,0.30000000000000004,150.0,12.584474885844733,876,277.3584474885845
433,0.3676315789473684,0.30000000000000004,210.0,9.748646558391336,1293,170.08120649651988
434,0.3676315789473684,0.30000000000000004,270.0,6.15474642392718,769,67.32769830949287
435,0.3676315789473684,0.5,30.0,6.945121951219508,492,146.86382113821136
436,0.3676315789473684,0.5,90.0,10.622331691297179,609,230.3727422003286
437,0.3676315789473684,0.5,150.0,11.168164313222084,779,270.1540436457007
438,0.3676315789473684,0.5,210.0,9.077403245942563,801,154.68789013732825
439,0.3676315789473684,0.5,270.0,6.205438066465256,331,71.79456193353475
440,0.3676315789473684,0.7000000000000001,30.0,5.367088607594936,79,80.10126582278481
441,0.3676315789473684,0.7000000000000001,90.0,7.379310344827585,87,138.96551724137933
442,0.3676315789473684,0.7000000000000001,150.0,7.473684210526315,76,91.68421052631581
443,0.3676315789473684,0.7000000000000001,210.0,8.999999999999996,45,143.4444444444444
444,0.3676315789473684,0.7000000000000001,270.0,5.086956521739132,23,42.13043478260869
445,0.3676315789473684,0.9,30.0,0.0,0,0.0
446,0.3676315789473684,0.9,90.0,0.0,0,0.0
447,0.3676315789473684,0.9,150.0,0.0,0,0.0
448,0.3676315789473684,0.9,210.0,0.0,0,0.0
449,0.3676315789473684,0.9,270.0,0.0,0,0.0
450,0.3892105263157895,0.1,30.0,8.389006342494717,473,222.61310782241048
451,0.3892105263157895,0.1,90.0,12.001724137931028,580,348.25
452,0.3892105263157895,0.1,150.0,11.781173594132024,818,265.1870415647925
453,0.3892105263157895,0.1,210.0,10.323017408123793,1034,192.9361702127658
454,0.3892105263157895,0.1,270.0,5.97116493656286,867,62.95155709342565
455,0.3892105263157895,0.30000000000000004,30.0,10.219354838709673,310,250.86451612903224
456,0.3892105263157895,0.30000000000000004,90.0,12.672413793103443,522,364.7030651340999
457,0.3892105263157895,0.30000000000000004,150.0,11.987745098039209,816,289.4240196078434
458,0.3892105263157895,0.30000000000000004,210.0,9.787212787212775,1001,167.88311688311686
459,0.3892105263157895,0.30000000000000004,270.0,6.311663479923516,523,65.91778202676865
460,0.3892105263157895,0.5,30.0,7.345945945945941,370,162.5135135135135
461,0.3892105263157895,0.5,90.0,11.539748953974907,478,269.4811715481171
462,0.3892105263157895,0.5,150.0,9.958405545927212,577,204.87001733102252
463,0.3892105263157895,0.5,210.0,8.254113345521006,547,128.90859232175492
464,0.3892105263157895,0.5,270.0,5.7041666666666675,240,53.00416666666665
465,0.3892105263157895,0.7000000000000001,30.0,3.9285714285714257,56,100.49999999999999
466,0.3892105263157895,0.7000000000000001,90.0,4.843749999999999,32,49.90625000000001
467,0.3892105263157895,0.7000000000000001,150.0,6.5,12,90.83333333333334
468,0.3892105263157895,0.7000000000000001,210.0,7.75,4,89.24999999999999
469,0.3892105263157895,0.7000000000000001,270.0,3.0,1,9.0
470,0.3892105263157895,0.9,30.0,0.0,0,0.0
471,0.3892105263157895,0.9,90.0,0.0,0,0.0
472,0.3892105263157895,0.9,150.0,0.0,0,0.0
473,0.3892105263157895,0.9,210.0,0.0,0,0.0
474,0.3892105263157895,0.9,270.0,0.0,0,0.0
475,0.7,0.1,30.0,8.497249724972484,3636,203.79702970297032
476,0.7,0.1,90.0,11.86567824739984,4519,289.28988714317285
477,0.7,0.1,150.0,11.502232541525274,5599,265.65154491873506
478,0.7,0.1,210.0,9.42972816657027,5187,167.72276845961073
479,0.7,0.1,270.0,6.273950264981658,2453,71.22869955156935
480,0.7,0.30000000000000004,30.0,8.874772313296898,2196,216.7281420765029
481,0.7,0.30000000000000004,90.0,11.638770541692006,3286,292.4878271454658
482,0.7,0.30000000000000004,150.0,11.247750713188468,4557,247.14022383146678
483,0.7,0.30000000000000004,210.0,8.989961554891039,4682,148.00448526270785
484,0.7,0.30000000000000004,270.0,6.1452772073921915,1948,66.21201232032841
485,0.7,0.5,30.0,4.896945010183306,2455,73.96659877800413
486,0.7,0.5,90.0,8.211729622266395,2012,165.3379721669975
487,0.7,0.5,150.0,8.736216216216249,1850,167.3102702702701
488,0.7,0.5,210.0,7.918833727344343,1269,120.29235618597302
489,0.7,0.5,270.0,5.784037558685449,426,61.680751173708934
490,0.7,0.7000000000000001,30.0,0.0,0,0.0
491,0.7,0.7000000000000001,90.0,0.0,0,0.0
492,0.7,0.7000000000000001,150.0,0.0,0,0.0
493,0.7,0.7000000000000001,210.0,0.0,0,0.0
494,0.7,0.7000000000000001,270.0,0.0,0,0.0
495,0.7,0.9,30.0,0.0,0,0.0
496,0.7,0.9,90.0,0.0,0,0.0
497,0.7,0.9,150.0,0.0,0,0.0
498,0.7,0.9,210.0,0.0,0,0.0
499,0.7,0.9,270.0,0.0,0,0.0
