,voc_bin,rtmean,rtcount,rt_squaredmean
0,0.0007894736842105274,23.069119104193334,103951,1427.5491337264652
1,0.022368421052631583,28.06575403949729,26736,1894.0484739676801
2,0.04394736842105264,30.396013864818055,15002,2206.1089854686084
3,0.0655263157894737,31.042970521541893,8820,2272.7620181405823
4,0.08710526315789476,32.32946379215032,5427,2348.8549843375686
5,0.1086842105263158,33.51708556904839,3541,2637.997740751196
6,0.13026315789473686,32.8565640194488,2468,2450.031604538083
7,0.1518421052631579,33.0594774874931,1799,2404.7148415786573
8,0.17342105263157898,34.68450479233233,1252,2676.4544728434544
9,0.195,35.06547619047621,1008,2802.480158730159
10,0.2165789473684211,37.96389891696758,831,3262.336943441636
11,0.23815789473684212,37.01601164483264,687,3181.432314410484
12,0.25973684210526315,34.83636363636367,495,2658.254545454547
13,0.28131578947368424,36.626126126126124,444,2952.1801801801776
14,0.3028947368421053,37.45114942528738,348,2997.025862068965
15,0.32447368421052636,35.230769230769255,299,2838.4147157190646
16,0.3460526315789474,35.975728155339766,206,2536.2378640776715
17,0.3676315789473684,37.60818713450295,171,3250.801169590645
18,0.3892105263157895,28.67567567567568,111,1626.8018018018024
19,0.7,38.517367458866545,547,3682.1078610603327
