,voc_bin,elo_bin,rtmean,rtcount,rt_squaredmean
0,0.0007894736842105274,625.0,1.9975443667042634,2192917,6.792369706651003
1,0.0007894736842105274,1387.5,1.7551181231633048,2314618,5.336346645537218
2,0.0007894736842105274,1662.5,1.624986161528466,1887853,4.969237011568161
3,0.0007894736842105274,2400.0,1.4620929583214695,1464807,5.155051825940213
4,0.022368421052631583,625.0,2.183065157643524,475186,7.887391463553224
5,0.022368421052631583,1387.5,1.9001803257509198,549561,5.968161860102888
6,0.022368421052631583,1662.5,1.758473705072039,471783,5.236047080967317
7,0.022368421052631583,2400.0,1.585475264490549,378747,4.487988023667527
8,0.04394736842105264,625.0,2.2548170016932247,230330,8.91236920939522
9,0.04394736842105264,1387.5,1.9787590368838481,277059,6.5050729267051475
10,0.04394736842105264,1662.5,1.841250668222787,245053,5.740439823221906
11,0.04394736842105264,2400.0,1.698005046944362,205669,5.117830105655217
12,0.0655263157894737,625.0,2.319167179096339,115463,8.964724630401083
13,0.0655263157894737,1387.5,2.040574908581014,145484,6.894249539468251
14,0.0655263157894737,1662.5,1.9125529868021451,133052,6.184431650783134
15,0.0655263157894737,2400.0,1.7827367989546785,117093,5.738310573646573
16,0.08710526315789476,625.0,2.3720795126240364,63688,9.429264539630717
17,0.08710526315789476,1387.5,2.0768464891511504,82359,7.121103947352429
18,0.08710526315789476,1662.5,1.969503710575131,77616,6.582521645021635
19,0.08710526315789476,2400.0,1.8534824099131166,70210,6.154009400370318
20,0.1086842105263158,625.0,2.410002121340684,37712,9.556321595248209
21,0.1086842105263158,1387.5,2.1463989611427325,50055,7.851323544101481
22,0.1086842105263158,1662.5,2.0115725267379627,47872,6.877882687165797
23,0.1086842105263158,2400.0,1.9074024998895853,45282,6.571949118855169
24,0.13026315789473686,625.0,2.435165200066421,24092,9.783496596380553
25,0.13026315789473686,1387.5,2.1706317411402156,32450,7.8742989214175525
26,0.13026315789473686,1662.5,2.0558924663957576,31990,7.255392310096895
27,0.13026315789473686,2400.0,1.9616459477691026,31131,6.951848639619672
28,0.1518421052631579,625.0,2.505562347188268,16360,10.369376528117373
29,0.1518421052631579,1387.5,2.2095395767148496,22349,8.109311378585202
30,0.1518421052631579,1662.5,2.104775129905036,22324,7.525398674072761
31,0.1518421052631579,2400.0,2.006163397516646,22228,7.303266150800808
32,0.17342105263157898,625.0,2.533812088569718,11697,11.864922629734062
33,0.17342105263157898,1387.5,2.2026013006503313,15992,8.068909454727352
34,0.17342105263157898,1662.5,2.1149959704915893,16131,7.809373256462702
35,0.17342105263157898,2400.0,2.0249849488260097,16610,7.4971101745936
36,0.195,625.0,2.5308882521490115,8725,10.44974212034385
37,0.195,1387.5,2.2617908970976277,12128,8.573466358839072
38,0.195,1662.5,2.155927002583982,12384,8.349240956072352
39,0.195,2400.0,2.0447497388929072,12447,7.5930746364585895
40,0.2165789473684211,625.0,2.6220769789397216,6885,11.237908496732025
41,0.2165789473684211,1387.5,2.3035434305424825,9567,8.876763875823116
42,0.2165789473684211,1662.5,2.165924391506983,9655,8.02817193164165
43,0.2165789473684211,2400.0,2.067672881523131,10137,7.868994771628677
44,0.23815789473684212,625.0,2.5679468242245242,5416,10.92355982274742
45,0.23815789473684212,1387.5,2.3077729715559068,7629,9.076418927775594
46,0.23815789473684212,1662.5,2.1832139201637695,7816,8.250767656090037
47,0.23815789473684212,2400.0,2.081071166544385,8178,7.806187331866004
48,0.25973684210526315,625.0,2.612895978431816,4451,11.10267355650414
49,0.25973684210526315,1387.5,2.3377717849317348,5933,9.16399797741446
50,0.25973684210526315,1662.5,2.197244834063868,6388,8.043519098309336
51,0.25973684210526315,2400.0,2.0740300282443935,6727,7.805262375501723
52,0.28131578947368424,625.0,2.655298759864712,3548,11.600056369785747
53,0.28131578947368424,1387.5,2.359350237717906,5048,9.688985736925495
54,0.28131578947368424,1662.5,2.2125999609908327,5127,8.527794031597429
55,0.28131578947368424,2400.0,2.0886323268206013,5630,8.026465364120765
56,0.3028947368421053,625.0,2.6756160353071006,2719,11.669363736667846
57,0.3028947368421053,1387.5,2.356160959760059,4001,9.356410897275664
58,0.3028947368421053,1662.5,2.203447438698715,4119,8.426317067249304
59,0.3028947368421053,2400.0,2.1270197486535016,4456,8.089317773788155
60,0.32447368421052636,625.0,2.592658907788712,2234,11.156669650850471
61,0.32447368421052636,1387.5,2.4047464239271807,3076,9.595253576072817
62,0.32447368421052636,1662.5,2.2309119010819116,3235,9.403091190108194
63,0.32447368421052636,2400.0,2.115034168564929,3512,8.219248291571757
64,0.3460526315789474,625.0,2.6906779661016933,1652,12.38196125907989
65,0.3460526315789474,1387.5,2.34102564102565,2340,8.714529914529912
66,0.3460526315789474,1662.5,2.2166802943581367,2446,8.005723630417029
67,0.3460526315789474,2400.0,2.1152005888848073,2717,8.510489510489553
68,0.3676315789473684,625.0,2.67959658650116,1289,12.38169123351435
69,0.3676315789473684,1387.5,2.4003446295232633,1741,9.63296955772547
70,0.3676315789473684,1662.5,2.2563395810363853,1814,8.699558985667045
71,0.3676315789473684,2400.0,2.186414708886613,1958,8.520429009193048
72,0.3892105263157895,625.0,2.815090329436771,941,13.214665249734326
73,0.3892105263157895,1387.5,2.3571428571428603,1330,9.454887218045112
74,0.3892105263157895,1662.5,2.2830188679245293,1325,8.859622641509427
75,0.3892105263157895,2400.0,2.1894150417827296,1436,9.348189415041796
76,0.7,625.0,2.6288088642659284,4332,12.243767313019395
77,0.7,1387.5,2.3734593955765715,5923,9.90747931791318
78,0.7,1662.5,2.3744756373023588,6198,10.487415295256524
79,0.7,2400.0,2.3454683929931486,6565,10.142269611576546
