,voc_bin,elo_bin,rtmean,rtcount,rt_squaredmean
0,0.0007894736842105274,625.0,27.070422535211268,71,1419.2394366197182
1,0.0007894736842105274,1387.5,30.59014267185474,771,4339.95719844358
2,0.0007894736842105274,1662.5,43.733333333333334,1380,4492.70724637681
3,0.0007894736842105274,2400.0,46.36634844868735,838,5974.590692124106
4,0.022368421052631583,625.0,24.0,11,812.5454545454545
5,0.022368421052631583,1387.5,33.29946524064171,187,2406.1550802139036
6,0.022368421052631583,1662.5,49.10614525139665,358,4347.893854748603
7,0.022368421052631583,2400.0,60.353488372093025,215,7049.106976744187
8,0.04394736842105264,625.0,18.555555555555557,9,502.3333333333333
9,0.04394736842105264,1387.5,36.87628865979381,97,3410.81443298969
10,0.04394736842105264,1662.5,50.35204081632654,196,5149.372448979592
11,0.04394736842105264,2400.0,48.40983606557378,122,4901.3442622950815
12,0.0655263157894737,625.0,24.625,8,843.125
13,0.0655263157894737,1387.5,34.44736842105262,38,3058.5526315789475
14,0.0655263157894737,1662.5,54.39047619047619,105,7060.885714285715
15,0.0655263157894737,2400.0,64.24324324324327,74,7834.540540540545
16,0.08710526315789476,625.0,14.5,2,212.5
17,0.08710526315789476,1387.5,48.99999999999998,21,5576.333333333332
18,0.08710526315789476,1662.5,54.333333333333314,54,10208.33333333333
19,0.08710526315789476,2400.0,62.69565217391304,46,16004.47826086957
20,0.1086842105263158,625.0,16.0,1,256.0
21,0.1086842105263158,1387.5,47.1875,16,4821.4375
22,0.1086842105263158,1662.5,68.03125,32,8716.593749999998
23,0.1086842105263158,2400.0,90.54285714285716,35,21313.742857142854
24,0.13026315789473686,625.0,125.0,1,15625.0
25,0.13026315789473686,1387.5,37.08333333333332,12,2699.7499999999995
26,0.13026315789473686,1662.5,60.66666666666666,24,6836.749999999999
27,0.13026315789473686,2400.0,52.57692307692307,26,7179.192307692309
28,0.1518421052631579,625.0,0.0,0,0.0
29,0.1518421052631579,1387.5,36.99999999999999,13,1728.384615384615
30,0.1518421052631579,1662.5,67.86363636363633,22,8184.045454545456
31,0.1518421052631579,2400.0,58.0,12,7564.333333333332
32,0.17342105263157898,625.0,49.0,1,2401.0
33,0.17342105263157898,1387.5,27.5,4,2145.0
34,0.17342105263157898,1662.5,85.0769230769231,13,11283.076923076924
35,0.17342105263157898,2400.0,54.83333333333334,6,3969.8333333333335
36,0.195,625.0,33.5,2,1332.5
37,0.195,1387.5,42.333333333333336,6,2153.333333333334
38,0.195,1662.5,48.214285714285715,14,4164.214285714285
39,0.195,2400.0,53.7,10,6009.1
40,0.2165789473684211,625.0,0.0,0,0.0
41,0.2165789473684211,1387.5,5.0,3,27.666666666666664
42,0.2165789473684211,1662.5,59.6153846153846,13,5427.0
43,0.2165789473684211,2400.0,98.8,15,23429.600000000006
44,0.23815789473684212,625.0,35.0,1,1225.0
45,0.23815789473684212,1387.5,80.2,5,9065.8
46,0.23815789473684212,1662.5,52.0,9,4452.222222222223
47,0.23815789473684212,2400.0,37.7,10,2265.5
48,0.25973684210526315,625.0,0.0,0,0.0
49,0.25973684210526315,1387.5,70.33333333333333,3,10659.666666666666
50,0.25973684210526315,1662.5,71.0,5,5772.2
51,0.25973684210526315,2400.0,13.666666666666666,3,213.66666666666666
52,0.28131578947368424,625.0,0.0,0,0.0
53,0.28131578947368424,1387.5,44.0,2,2960.0
54,0.28131578947368424,1662.5,67.80000000000001,5,7196.200000000001
55,0.28131578947368424,2400.0,59.33333333333333,3,3907.9999999999995
56,0.3028947368421053,625.0,21.0,1,441.0
57,0.3028947368421053,1387.5,25.33333333333333,3,696.0
58,0.3028947368421053,1662.5,114.66666666666666,3,21311.333333333332
59,0.3028947368421053,2400.0,55.66666666666667,6,4426.333333333334
60,0.32447368421052636,625.0,33.0,1,1089.0
61,0.32447368421052636,1387.5,20.0,2,500.0
62,0.32447368421052636,1662.5,63.666666666666664,3,4196.333333333333
63,0.32447368421052636,2400.0,39.0,2,2817.0
64,0.3460526315789474,625.0,0.0,0,0.0
65,0.3460526315789474,1387.5,0.0,0,0.0
66,0.3460526315789474,1662.5,82.0,2,10324.0
67,0.3460526315789474,2400.0,23.333333333333332,3,1111.3333333333333
68,0.3676315789473684,625.0,0.0,0,0.0
69,0.3676315789473684,1387.5,171.0,1,29241.0
70,0.3676315789473684,1662.5,68.0,1,4624.0
71,0.3676315789473684,2400.0,40.0,1,1600.0
72,0.3892105263157895,625.0,0.0,0,0.0
73,0.3892105263157895,1387.5,0.0,0,0.0
74,0.3892105263157895,1662.5,136.0,1,18496.0
75,0.3892105263157895,2400.0,27.0,2,954.0
76,0.7,625.0,0.0,0,0.0
77,0.7,1387.5,73.0,2,8578.0
78,0.7,1662.5,71.2,5,9029.2
79,0.7,2400.0,29.625,8,1421.375
