,voc_bin,elo_bin,rtmean,rtcount,rt_squaredmean
0,0.0007894736842105274,625.0,7.031307383832475,2307379,110.71205597346601
1,0.0007894736842105274,1387.5,6.4957939541622975,2211935,95.49737673123295
2,0.0007894736842105274,1662.5,6.215553014722994,1859408,92.4362963911094
3,0.0007894736842105274,2400.0,6.0403832153129535,1225212,123.40837014328956
4,0.022368421052631583,625.0,8.172885199480593,510651,137.42120156427714
5,0.022368421052631583,1387.5,7.530041204722627,533434,116.73009969368279
6,0.022368421052631583,1662.5,7.2363159942036805,467882,114.12537776618893
7,0.022368421052631583,2400.0,7.179349708162021,317642,116.11491868203862
8,0.04394736842105264,625.0,8.498224277574806,273973,147.72727969544474
9,0.04394736842105264,1387.5,7.931913298343663,293420,128.7151591575215
10,0.04394736842105264,1662.5,7.754023926254067,262306,138.51568397215433
11,0.04394736842105264,2400.0,7.786396043842669,182197,134.74125260020767
12,0.0655263157894737,625.0,8.823653608138217,151089,160.42906498818533
13,0.0655263157894737,1387.5,8.337944402306734,166122,142.41098710586144
14,0.0655263157894737,1662.5,8.178322320117474,152544,141.19851321585804
15,0.0655263157894737,2400.0,8.31298119632813,108064,151.6377146875925
16,0.08710526315789476,625.0,9.035158974820545,88882,155.63762066560153
17,0.08710526315789476,1387.5,8.582762047195054,99629,148.94719409007462
18,0.08710526315789476,1662.5,8.530715979540426,94039,152.15857250715203
19,0.08710526315789476,2400.0,8.57101983629526,67805,160.12913501954068
20,0.1086842105263158,625.0,9.21887169959626,55978,163.71095787630898
21,0.1086842105263158,1387.5,8.781068829406678,64856,154.66647650178808
22,0.1086842105263158,1662.5,8.693380016857928,61692,158.36374246255687
23,0.1086842105263158,2400.0,8.98822805938677,45532,179.31683211807135
24,0.13026315789473686,625.0,9.421768343282372,37357,172.30695719677763
25,0.13026315789473686,1387.5,9.005839917554132,43665,164.5224779571737
26,0.13026315789473686,1662.5,8.979284769463337,42336,166.60305650037756
27,0.13026315789473686,2400.0,9.26303287910987,31996,187.27022127765974
28,0.1518421052631579,625.0,9.62788057668294,26427,178.75574223332254
29,0.1518421052631579,1387.5,9.079289330280924,31013,163.55934608067633
30,0.1518421052631579,1662.5,9.19494913381217,30767,179.1404101797389
31,0.1518421052631579,2400.0,9.416727303856485,23363,192.1399220990453
32,0.17342105263157898,625.0,9.80025680534159,19470,181.55259373394992
33,0.17342105263157898,1387.5,9.372881355932199,23128,176.2419578000697
34,0.17342105263157898,1662.5,9.366728777570714,23077,181.60107466308366
35,0.17342105263157898,2400.0,9.539137931034482,17400,193.12902298850548
36,0.195,625.0,9.817254483632235,14999,186.83838922594805
37,0.195,1387.5,9.561594202898618,17940,185.06850613154967
38,0.195,1662.5,9.531472110081287,17587,188.02706544606818
39,0.195,2400.0,9.699370978237281,13831,205.47494758152015
40,0.2165789473684211,625.0,9.97170856412442,11735,186.6943331913071
41,0.2165789473684211,1387.5,9.526032190342907,14290,178.4703289013294
42,0.2165789473684211,1662.5,9.705948689032954,14188,193.94770228362012
43,0.2165789473684211,2400.0,9.90660488779864,11007,215.61224675206643
44,0.23815789473684212,625.0,9.930684788290662,9565,184.75452169367526
45,0.23815789473684212,1387.5,9.540380770233877,11503,181.16882552377618
46,0.23815789473684212,1662.5,9.859609739250542,11582,206.36297703332832
47,0.23815789473684212,2400.0,9.852448313384157,9190,210.57627856365667
48,0.25973684210526315,625.0,10.172066326530631,7840,194.35140306122332
49,0.25973684210526315,1387.5,9.828385607888379,9533,190.29413615860668
50,0.25973684210526315,1662.5,9.498492566794857,9619,207.94490071733057
51,0.25973684210526315,2400.0,9.789487798337381,7458,206.18315902386706
52,0.28131578947368424,625.0,10.09256378344737,6428,197.62647790914707
53,0.28131578947368424,1387.5,9.671569254380387,7819,187.0118941041051
54,0.28131578947368424,1662.5,9.905116866708777,7915,197.79949463044767
55,0.28131578947368424,2400.0,9.725125384241984,6181,206.6608962950979
56,0.3028947368421053,625.0,10.317120622568085,5140,200.30505836575787
57,0.3028947368421053,1387.5,9.877521613832867,6246,191.59766250400241
58,0.3028947368421053,1662.5,9.696754250386402,6470,202.56537867078765
59,0.3028947368421053,2400.0,9.756558641975259,5184,212.9826388888883
60,0.32447368421052636,625.0,10.246081114705133,4019,197.4055735257524
61,0.32447368421052636,1387.5,9.87014044372073,4913,195.85426419702782
62,0.32447368421052636,1662.5,9.75309628445865,5006,201.18058330003998
63,0.32447368421052636,2400.0,9.671354552183548,4053,201.96101653096437
64,0.3460526315789474,625.0,10.430923176242738,3098,204.2688831504193
65,0.3460526315789474,1387.5,10.122454377148879,3781,207.85109759322967
66,0.3460526315789474,1662.5,9.942460827125574,3893,203.37015155407218
67,0.3460526315789474,2400.0,10.152361942781118,3006,231.08582834331304
68,0.3676315789473684,625.0,10.679775280898852,2314,214.37121866897124
69,0.3676315789473684,1387.5,10.298705722070856,2936,204.06641689373285
70,0.3676315789473684,1662.5,10.35097302833731,2929,227.97541823147793
71,0.3676315789473684,2400.0,10.25101763907736,2211,234.82180009045678
72,0.3892105263157895,625.0,10.578586497890287,1896,208.78744725738372
73,0.3892105263157895,1387.5,10.370705244122973,2212,223.88245931283853
74,0.3892105263157895,1662.5,10.205529953917045,2170,209.66267281105985
75,0.3892105263157895,2400.0,9.699507389162568,1624,202.6009852216745
76,0.7,625.0,10.19197207678882,9741,200.71204188481693
77,0.7,1387.5,10.353922579435745,10669,214.11847408379344
78,0.7,1662.5,10.537987883603119,10069,235.7861753898104
79,0.7,2400.0,10.451226012793159,7504,241.0210554370999
