,voc_bin,rtmean,rtcount,rt_squaredmean
0,0.0007894736842105274,9.655036762597351,4359050,216.10041224578757
1,0.022368421052631583,11.481528845828125,1062684,275.432439935107
2,0.04394736842105264,12.166812823255258,591831,305.25591089348046
3,0.0655263157894737,12.687232342695307,340454,331.7348334870498
4,0.08710526315789476,13.069759649215156,208903,351.1185286951362
5,0.1086842105263158,13.421521801333787,136299,367.92739491852313
6,0.13026315789473686,13.73576519109741,93591,384.92122105757994
7,0.1518421052631579,13.95822837329222,67486,396.8211036363083
8,0.17342105263157898,14.209364641432312,50381,408.5880391417406
9,0.195,14.436963881182102,39287,422.21378573064845
10,0.2165789473684211,14.46811289500513,31392,422.80718017329315
11,0.23815789473684212,14.411991814987868,25901,413.37766881587686
12,0.25973684210526315,14.672794117647063,21216,429.59492835595677
13,0.28131578947368424,14.676690016515764,17559,435.10427700894064
14,0.3028947368421053,14.833451957295408,14050,448.5561565836305
15,0.32447368421052636,14.770057306590212,11168,438.1866045845261
16,0.3460526315789474,14.554055640333381,8519,430.57870642094207
17,0.3676315789473684,15.278251262626247,6336,474.78014520201936
18,0.3892105263157895,15.05691391000618,4867,454.0447914526402
19,0.7,14.70269056281726,22263,455.52567039482494
