,voc_bin,elo_bin,rtmean,rtcount,rt_squaredmean
0,0.0007894736842105274,625.0,6.969360533694974,2316979,107.73856646952814
1,0.0007894736842105274,1387.5,6.4817068316175535,2223207,102.63758885249995
2,0.0007894736842105274,1662.5,6.225327402869617,1875289,92.48260294813214
3,0.0007894736842105274,2400.0,6.069772237998567,1304344,92.89998727329574
4,0.022368421052631583,625.0,8.095957766665128,513528,130.94741669392928
5,0.022368421052631583,1387.5,7.517643744846623,536054,116.89639663168299
6,0.022368421052631583,1662.5,7.260643364221707,472454,114.17579700880923
7,0.022368421052631583,2400.0,7.184582948073905,339598,116.14432947190495
8,0.04394736842105264,625.0,8.450564925732415,276231,141.56752862640346
9,0.04394736842105264,1387.5,7.949878153645384,294223,129.09842874282478
10,0.04394736842105264,1662.5,7.818025783381958,265675,130.62915968758804
11,0.04394736842105264,2400.0,7.845464083229516,193489,136.40284977440555
12,0.0655263157894737,625.0,8.748220043429605,151970,149.3170428374022
13,0.0655263157894737,1387.5,8.259944468099132,166751,138.04225461916263
14,0.0655263157894737,1662.5,8.187050546652161,153937,140.12672716760756
15,0.0655263157894737,2400.0,8.326480579974056,114212,152.16327531257707
16,0.08710526315789476,625.0,8.928363256134775,89898,154.71423168479876
17,0.08710526315789476,1387.5,8.56566257887842,100788,152.573024566417
18,0.08710526315789476,1662.5,8.517569793470482,94708,152.0278118004816
19,0.08710526315789476,2400.0,8.656145880856593,72333,165.26751275351486
20,0.1086842105263158,625.0,9.17462429694296,56361,162.35004701832855
21,0.1086842105263158,1387.5,8.735883084577102,64320,161.30914179104425
22,0.1086842105263158,1662.5,8.768088187962661,62140,163.953186353395
23,0.1086842105263158,2400.0,8.970620396542122,48469,175.0578514101798
24,0.13026315789473686,625.0,9.332108296758504,37822,168.40836021363197
25,0.13026315789473686,1387.5,8.93739336169438,43957,160.67327160634298
26,0.13026315789473686,1662.5,9.001599209802238,42521,167.0289268831878
27,0.13026315789473686,2400.0,9.181218528225218,33959,185.85779911069267
28,0.1518421052631579,625.0,9.427868913998292,26639,169.8380945230678
29,0.1518421052631579,1387.5,9.172266615320465,31161,168.8126504284201
30,0.1518421052631579,1662.5,9.259641673903982,31089,182.246936215382
31,0.1518421052631579,2400.0,9.497124370956115,25038,198.3691588785039
32,0.17342105263157898,625.0,9.855480615764833,19423,196.58327755753479
33,0.17342105263157898,1387.5,9.278694883841197,23201,175.11137450971955
34,0.17342105263157898,1662.5,9.170427040110646,23136,172.98915110650088
35,0.17342105263157898,2400.0,9.619977767190754,18891,204.34032078767635
36,0.195,625.0,9.729574998316167,14847,181.732269145282
37,0.195,1387.5,9.333113637611884,18207,173.81139122315585
38,0.195,1662.5,9.549597405502114,17884,189.3978416461646
39,0.195,2400.0,9.741214927812615,14684,204.64096976300695
40,0.2165789473684211,625.0,9.871585396987472,11751,184.52395540805034
41,0.2165789473684211,1387.5,9.302171591313616,14045,170.0390886436453
42,0.2165789473684211,1662.5,9.526123081256149,14202,187.389100126742
43,0.2165789473684211,2400.0,9.847874338398494,11714,202.01809800239087
44,0.23815789473684212,625.0,10.048948854722285,9561,190.27967785796432
45,0.23815789473684212,1387.5,9.549641043600055,11422,183.14288215723963
46,0.23815789473684212,1662.5,9.596032772746877,11595,193.79163432514054
47,0.23815789473684212,2400.0,9.877954805789845,9603,217.36290742476234
48,0.25973684210526315,625.0,9.978297161936538,7787,190.35507897778365
49,0.25973684210526315,1387.5,9.754362135618047,9571,193.30571518127707
50,0.25973684210526315,1662.5,9.830434782608688,9660,206.39668737060052
51,0.25973684210526315,2400.0,9.88612099644131,7868,216.7478393492631
52,0.28131578947368424,625.0,9.897243491577342,6530,186.56401225114837
53,0.28131578947368424,1387.5,9.72396567183295,7807,191.56410913282875
54,0.28131578947368424,1662.5,9.858680685943192,7989,211.29515583927872
55,0.28131578947368424,2400.0,9.894728892916472,6621,218.19679806675714
56,0.3028947368421053,625.0,9.94827586206901,5220,185.6865900383142
57,0.3028947368421053,1387.5,9.859971711456865,6363,198.5907590759074
58,0.3028947368421053,1662.5,9.76593792998014,6541,195.7069255465522
59,0.3028947368421053,2400.0,10.01869158878503,5350,211.11775700934564
60,0.32447368421052636,625.0,10.088465298142708,4092,207.41739980449609
61,0.32447368421052636,1387.5,9.793326790971575,5095,190.07438665358126
62,0.32447368421052636,1662.5,9.981378763866871,5048,198.58438985736882
63,0.32447368421052636,2400.0,10.37732384668351,4357,244.70323617167747
64,0.3460526315789474,625.0,10.14166408908136,3233,198.52459016393487
65,0.3460526315789474,1387.5,9.782937646751895,3833,192.6537959822595
66,0.3460526315789474,1662.5,10.158895545715032,3839,209.32899192497976
67,0.3460526315789474,2400.0,10.282914880587871,3266,232.50949173300657
68,0.3676315789473684,625.0,9.898177496038032,2524,182.3926307448494
69,0.3676315789473684,1387.5,10.35885486018642,3004,211.19773635153084
70,0.3676315789473684,1662.5,10.535278154681151,2948,234.3175033921303
71,0.3676315789473684,2400.0,10.095275903136173,2519,219.86978959904704
72,0.3892105263157895,625.0,10.446656457376198,1959,211.78407350689125
73,0.3892105263157895,1387.5,10.130259623992853,2234,194.3379588182632
74,0.3892105263157895,1662.5,10.317039744175423,2189,219.8328003654646
75,0.3892105263157895,2400.0,10.533256880733955,1744,235.58830275229374
76,0.7,625.0,10.160810541026114,10018,198.5391295667795
77,0.7,1387.5,10.407372928691123,10742,224.4157512567491
78,0.7,1662.5,10.702131859455156,10132,246.36320568495867
79,0.7,2400.0,10.453859475507164,8084,244.0226373082628
