,voc_bin,rtmean,rtcount,rt_squaredmean
0,0.0007894736842105274,23.48753204161644,106112,1470.876781136912
1,0.022368421052631583,28.721694004935355,27556,2073.1314777181005
2,0.04394736842105264,29.95917005804257,14989,2677.506571485764
3,0.0655263157894737,31.572880207745357,8857,2268.0005645252263
4,0.08710526315789476,32.23118784012003,5329,2284.7573653593486
5,0.1086842105263158,32.876276958002194,3524,2462.4148694665114
6,0.13026315789473686,35.653939886271374,2462,3034.021933387497
7,0.1518421052631579,34.22953451043335,1869,2707.681647940076
8,0.17342105263157898,35.02814698983574,1279,2677.181391712276
9,0.195,37.91379310344829,1044,3422.4885057471347
10,0.2165789473684211,39.13666228646523,761,3375.0131406044716
11,0.23815789473684212,39.51923076923074,624,3711.583333333341
12,0.25973684210526315,40.14068441064638,526,3427.988593155891
13,0.28131578947368424,38.86136363636368,440,3662.8250000000025
14,0.3028947368421053,34.91690544412609,349,2820.595988538682
15,0.32447368421052636,36.07419354838712,310,2544.493548387099
16,0.3460526315789474,35.60093896713613,213,3513.901408450703
17,0.3676315789473684,38.36111111111107,180,3218.2055555555544
18,0.3892105263157895,36.368852459016395,122,2467.483606557376
19,0.7,37.45789473684209,570,3232.35263157895
