,voc_bin,rtmean,rtcount,rt_squaredmean
0,0.0007894736842105274,1.7295564595631414,7729532,6.267145281240819
1,0.022368421052631583,1.8638535608855789,1862781,5.895480467108049
2,0.04394736842105264,1.9372883157111713,950413,6.375308418550662
3,0.0655263157894737,2.0105277646688724,508560,6.903032090608766
4,0.08710526315789476,2.063658899018306,294083,7.6199406290061
5,0.1086842105263158,2.1009912162311677,180788,7.584972453923947
6,0.13026315789473686,2.1376391533770125,119203,7.839391626049691
7,0.1518421052631579,2.1786337420636888,82532,8.170418746667954
8,0.17342105263157898,2.2064886954499445,60197,8.6065750784923
9,0.195,2.242153352808097,45529,8.707351358474792
10,0.2165789473684211,2.2453342287137232,35739,8.662357648507244
11,0.23815789473684212,2.2819562023368016,28586,8.96998530749316
12,0.25973684210526315,2.2643216505305843,23653,8.723629137952885
13,0.28131578947368424,2.293366945013393,19041,9.100677485426251
14,0.3028947368421053,2.288695766673257,15189,8.948252024491426
15,0.32447368421052636,2.3196378235243875,11707,9.567609122747063
16,0.3460526315789474,2.3120567375886503,9165,9.25804691762136
17,0.3676315789473684,2.376608187134501,6840,9.64064327485377
18,0.3892105263157895,2.3858267716535413,4953,9.96789824348879
19,0.7,2.408597365610526,22472,10.276788892844433
