,voc_bin,rtmean,rtcount,rt_squaredmean
0,0.0007894736842105274,6.516385334223029,7603934,103.86293042522433
1,0.022368421052631583,7.573463510509658,1829609,121.73216408533247
2,0.04394736842105264,8.012929194304565,1011896,137.48827448670625
3,0.0655263157894737,8.418139590425394,577819,148.52787637651227
4,0.08710526315789476,8.681288978322016,350355,153.67053131823505
5,0.1086842105263158,8.906168606231779,228058,162.8081058327273
6,0.13026315789473686,9.151589273530126,155354,171.6463689380375
7,0.1518421052631579,9.311786322488102,111570,177.44036927489478
8,0.17342105263157898,9.506157086969623,83075,182.51226000601872
9,0.195,9.64255636527496,64357,190.67504700343483
10,0.2165789473684211,9.759761811792265,51220,192.62344787192532
11,0.23815789473684212,9.786520076481827,41840,195.42194072657693
12,0.25973684210526315,9.80606676342529,34450,199.5856313497831
13,0.28131578947368424,9.843947359136271,28343,196.71675545990158
14,0.3028947368421053,9.89761284722221,23040,201.43172743055436
15,0.32447368421052636,9.876771719192929,17991,199.05858484797938
16,0.3460526315789474,10.147481492233988,13778,210.84874437509134
17,0.3676315789473684,10.38816169393644,10390,219.64629451395615
18,0.3892105263157895,10.237281700835199,7902,211.98190331561568
19,0.7,10.380407024195037,37983,221.73917278782628
