,voc_bin,rtmean,rtcount,rt_squaredmean
0,0.0007894736842105274,10.87833860902342,9492913,303.0006374228874
1,0.022368421052631583,12.905774389161353,2292381,384.4190795509126
2,0.04394736842105264,13.660741956566596,1274549,417.43991247099893
3,0.0655263157894737,14.308127650298438,729399,456.0030244077649
4,0.08710526315789476,14.802506484224306,444926,486.8144500433781
5,0.1086842105263158,15.208302353537906,287822,509.9020922653585
6,0.13026315789473686,15.557836775425681,197409,530.2883607130378
7,0.1518421052631579,15.848236074083507,141786,553.1168380517133
8,0.17342105263157898,16.070916485387336,105730,557.9103754847262
9,0.195,16.27466535674821,81430,577.7220680338975
10,0.2165789473684211,16.567613662553935,65083,595.5664305579038
11,0.23815789473684212,16.520281449082518,52585,587.7364077208307
12,0.25973684210526315,16.704613773000535,43912,612.8576471124072
13,0.28131578947368424,16.85995647742613,36303,626.8050298873362
14,0.3028947368421053,16.785660788452425,29374,611.743242323144
15,0.32447368421052636,16.790675588171847,23165,608.2849125836393
16,0.3460526315789474,17.048824491176653,17737,620.3238991937756
17,0.3676315789473684,17.45409909239706,13442,671.9337896146405
18,0.3892105263157895,17.148783977110195,10485,630.7016690510247
19,0.7,17.711962074461507,48938,688.9365728064073
