,voc_bin,elo_bin,rtmean,rtcount,rt_squaredmean
0,0.0007894736842105274,625.0,6.954064758388402,2164569,106.89883159187767
1,0.0007894736842105274,1387.5,6.454912422725941,2174080,98.4283752207829
2,0.0007894736842105274,1662.5,6.2321494008599085,1891127,93.64685608105643
3,0.0007894736842105274,2400.0,6.114849061881797,1297651,95.51896773477594
4,0.022368421052631583,625.0,8.095291340539186,482940,129.92019298463526
5,0.022368421052631583,1387.5,7.4921301074327,525166,116.72404534947049
6,0.022368421052631583,1662.5,7.254437233317818,474113,113.0303429773075
7,0.022368421052631583,2400.0,7.269525226968305,335950,119.69386813513958
8,0.04394736842105264,625.0,8.49084144797845,259921,145.0035279950447
9,0.04394736842105264,1387.5,7.936461547539299,288109,135.77064930286787
10,0.04394736842105264,1662.5,7.748349265423123,266548,128.46814457433632
11,0.04394736842105264,2400.0,7.914342942013234,191216,138.6534338130704
12,0.0655263157894737,625.0,8.755976737668192,142720,150.45548626681608
13,0.0655263157894737,1387.5,8.27273677865392,162578,142.39736618730657
14,0.0655263157894737,1662.5,8.200141341839773,154236,143.4245766228374
15,0.0655263157894737,2400.0,8.434127348495565,113264,156.59958150868715
16,0.08710526315789476,625.0,8.996898946360174,83520,158.0769276819929
17,0.08710526315789476,1387.5,8.499088362617776,98175,148.05086834733945
18,0.08710526315789476,1662.5,8.53614616055389,95183,154.3344084552913
19,0.08710526315789476,2400.0,8.78430906804529,71570,169.18819337711338
20,0.1086842105263158,625.0,9.089101578077832,52659,161.98748552004352
21,0.1086842105263158,1387.5,8.782206099947505,62853,157.17327732964299
22,0.1086842105263158,1662.5,8.77684811029235,63105,161.92423738214066
23,0.1086842105263158,2400.0,9.078619089062974,48258,180.20353102076325
24,0.13026315789473686,625.0,9.31212785960514,35101,165.74795589869206
25,0.13026315789473686,1387.5,8.938309859154918,42600,160.22258215962376
26,0.13026315789473686,1662.5,8.980626819817942,43617,170.2013435128503
27,0.13026315789473686,2400.0,9.325353710226269,33502,189.4245716673633
28,0.1518421052631579,625.0,9.528050687733106,24937,176.48101215061894
29,0.1518421052631579,1387.5,9.225376933620499,30642,171.46778930879105
30,0.1518421052631579,1662.5,9.082158264116895,31062,188.223874830983
31,0.1518421052631579,2400.0,9.430229300892396,24989,192.95930209292118
32,0.17342105263157898,625.0,9.719195533148984,18447,183.05350463489953
33,0.17342105263157898,1387.5,9.183563101201306,22559,167.75282592313425
34,0.17342105263157898,1662.5,9.393591397849455,23250,187.68640860215024
35,0.17342105263157898,2400.0,9.745833556615388,18661,205.99694550131198
36,0.195,625.0,9.811987741429704,14031,182.2595680992093
37,0.195,1387.5,9.43673965936746,17262,179.89786814969364
38,0.195,1662.5,9.382131626235388,17808,182.25454851751996
39,0.195,2400.0,9.799488172637998,14458,207.10105132106796
40,0.2165789473684211,625.0,9.63721096970788,11158,180.15253629682775
41,0.2165789473684211,1387.5,9.492757739278623,14084,182.0813689292815
42,0.2165789473684211,1662.5,9.752068394925558,14504,201.4460838389412
43,0.2165789473684211,2400.0,10.060344082303102,11567,227.03985475922948
44,0.23815789473684212,625.0,9.960803908505433,9006,189.21396846546781
45,0.23815789473684212,1387.5,9.66132354258086,11167,187.6754723739586
46,0.23815789473684212,1662.5,9.71159505591523,11893,198.2860506180107
47,0.23815789473684212,2400.0,9.763619575253982,9747,204.10198009644014
48,0.25973684210526315,625.0,9.931551235317922,7407,186.59038747131098
49,0.25973684210526315,1387.5,9.606546854942222,9348,183.6022678647836
50,0.25973684210526315,1662.5,9.71947127605495,9835,197.19176410777808
51,0.25973684210526315,2400.0,10.065846231920842,7882,224.66417153006876
52,0.28131578947368424,625.0,10.052449282533418,6063,193.49200065973943
53,0.28131578947368424,1387.5,9.672313393329784,7556,180.7980412916887
54,0.28131578947368424,1662.5,9.686940063091475,7925,200.50082018927492
55,0.28131578947368424,2400.0,9.785499849894952,6662,211.28685079555717
56,0.3028947368421053,625.0,10.094164989939648,4970,194.1770623742452
57,0.3028947368421053,1387.5,10.041195476575117,6190,200.28772213247143
58,0.3028947368421053,1662.5,9.908010105513466,6729,206.5838906226779
59,0.3028947368421053,2400.0,10.362649700598785,5344,246.1979790419157
60,0.32447368421052636,625.0,10.07928064842959,3948,194.93085106382978
61,0.32447368421052636,1387.5,9.582052347320307,4814,182.08558371416714
62,0.32447368421052636,1662.5,9.942548679390823,5187,205.89974937343368
63,0.32447368421052636,2400.0,9.8490307867731,4385,217.62143671607785
64,0.3460526315789474,625.0,10.19414634146339,3075,197.73105691056853
65,0.3460526315789474,1387.5,9.797454931071053,3772,191.54082714740207
66,0.3460526315789474,1662.5,10.140682414698167,3810,219.48608923884493
67,0.3460526315789474,2400.0,10.196894409937865,3220,227.1142857142854
68,0.3676315789473684,625.0,10.051882845188263,2390,198.8443514644356
69,0.3676315789473684,1387.5,10.196291112666211,2858,218.24037788663418
70,0.3676315789473684,1662.5,10.124869927159214,2883,210.6937218175509
71,0.3676315789473684,2400.0,10.533059548254602,2435,241.88336755646787
72,0.3892105263157895,625.0,10.074153680816744,1861,190.01074691026307
73,0.3892105263157895,1387.5,10.563454198473309,2096,230.06917938931295
74,0.3892105263157895,1662.5,10.233527566113846,2231,226.1698789780365
75,0.3892105263157895,2400.0,10.580485115766278,1814,253.95203969128946
76,0.7,625.0,10.216997411561701,9272,207.9814495254528
77,0.7,1387.5,10.256194347657724,10332,210.6932830042585
78,0.7,1662.5,10.609844054580929,10260,239.1934697855753
79,0.7,2400.0,10.541598694942927,7969,239.37834107165293
