,voc_bin,U_bin,clock_bin,rtmean,rtcount,rt_squaredmean
0,0.0007894736842105274,0.1,30.0,2.8624057275222627,499483,29.44338646160132
1,0.0007894736842105274,0.1,90.0,4.001948026649014,462006,36.96594849417549
2,0.0007894736842105274,0.1,150.0,3.211861403183061,237004,20.66806467401393
3,0.0007894736842105274,0.30000000000000004,30.0,3.6164635084721644,188441,41.42057195620913
4,0.0007894736842105274,0.30000000000000004,90.0,4.867039895448851,283115,53.55867403705204
5,0.0007894736842105274,0.30000000000000004,150.0,3.5018101930571657,332285,25.02585130234594
6,0.0007894736842105274,0.5,30.0,3.025229082169141,399420,35.166513945220544
7,0.0007894736842105274,0.5,90.0,4.812383559087448,643030,57.24210534500721
8,0.0007894736842105274,0.5,150.0,2.5885611544746996,3389940,15.83292241160606
9,0.0007894736842105274,0.7000000000000001,30.0,3.576738204991272,192857,39.06500152963076
10,0.0007894736842105274,0.7000000000000001,90.0,4.951613778449254,350141,53.38183474657336
11,0.0007894736842105274,0.7000000000000001,150.0,3.673025744837657,519677,25.877156387525382
12,0.0007894736842105274,0.9,30.0,2.5580731997465347,604401,21.001331897200767
13,0.0007894736842105274,0.9,90.0,4.0336014070558175,603814,34.32710569811242
14,0.0007894736842105274,0.9,150.0,3.31756973304682,380666,20.242411983208417
15,0.022368421052631583,0.1,30.0,4.044936531313556,114072,48.73164317273315
16,0.022368421052631583,0.1,90.0,5.031677510413413,145245,51.7018141760473
17,0.022368421052631583,0.1,150.0,3.726609526681429,86221,26.263787244406807
18,0.022368421052631583,0.30000000000000004,30.0,4.0758018890540315,41714,48.807834300234965
19,0.022368421052631583,0.30000000000000004,90.0,5.693989235802256,66331,66.9157106028856
20,0.022368421052631583,0.30000000000000004,150.0,3.896298839096249,96132,28.676642533183564
21,0.022368421052631583,0.5,30.0,4.181767356200865,60814,54.96214687407505
22,0.022368421052631583,0.5,90.0,5.8858948791617545,147925,75.94195031265868
23,0.022368421052631583,0.5,150.0,3.04415758616496,814107,20.11611495786169
24,0.022368421052631583,0.7000000000000001,30.0,3.744669786791482,42306,38.21075024819162
25,0.022368421052631583,0.7000000000000001,90.0,5.426328823471795,71473,57.76961929679728
26,0.022368421052631583,0.7000000000000001,150.0,4.092088561245926,81932,29.745679343846117
27,0.022368421052631583,0.9,30.0,3.495342499690329,80730,32.823820141211485
28,0.022368421052631583,0.9,90.0,4.868820968538198,111405,44.89427763565363
29,0.022368421052631583,0.9,150.0,3.7351610516731295,70288,24.21535681766454
30,0.04394736842105264,0.1,30.0,4.214977973568298,64695,52.76602519514641
31,0.04394736842105264,0.1,90.0,5.425804905127178,79264,60.89878128784813
32,0.04394736842105264,0.1,150.0,3.916114248301823,48876,29.332433095998027
33,0.04394736842105264,0.30000000000000004,30.0,4.51280062063615,27069,58.21415641508745
34,0.04394736842105264,0.30000000000000004,90.0,6.130173137670435,50018,75.61595825502819
35,0.04394736842105264,0.30000000000000004,150.0,4.050123264238288,79504,31.3276690480982
36,0.04394736842105264,0.5,30.0,4.766258070553014,32061,63.384329871183084
37,0.04394736842105264,0.5,90.0,6.330423061977855,82352,83.07644015931602
38,0.04394736842105264,0.5,150.0,3.5628595455153436,313938,25.904933458198727
39,0.04394736842105264,0.7000000000000001,30.0,4.045071118483755,28333,43.615677831503795
40,0.04394736842105264,0.7000000000000001,90.0,5.714809000523279,49686,62.5357646016985
41,0.04394736842105264,0.7000000000000001,150.0,4.2765721307251745,50457,32.5160631825119
42,0.04394736842105264,0.9,30.0,3.284425794626931,41466,30.797906718757478
43,0.04394736842105264,0.9,90.0,4.8731905527808275,47252,45.98865656480143
44,0.04394736842105264,0.9,150.0,3.7827176679262755,25934,25.01808436801112
45,0.0655263157894737,0.1,30.0,4.699386503067479,33741,63.88346522035509
46,0.0655263157894737,0.1,90.0,5.750677259999558,43927,68.6427026657861
47,0.0655263157894737,0.1,150.0,4.08076457606606,28094,32.53032676016237
48,0.0655263157894737,0.30000000000000004,30.0,4.903932464201755,18716,68.4919854669802
49,0.0655263157894737,0.30000000000000004,90.0,6.479001412582861,36812,85.28509725089638
50,0.0655263157894737,0.30000000000000004,150.0,4.13461696700403,60765,32.54225294166044
51,0.0655263157894737,0.5,30.0,5.0250248158403545,19141,69.49783187921234
52,0.0655263157894737,0.5,90.0,6.637161018698153,48454,89.60641020349182
53,0.0655263157894737,0.5,150.0,3.9824032176973283,135252,31.267781622452905
54,0.0655263157894737,0.7000000000000001,30.0,4.2354570637119275,18772,46.54176432985293
55,0.0655263157894737,0.7000000000000001,90.0,5.830770167798534,32837,64.94025032737449
56,0.0655263157894737,0.7000000000000001,150.0,4.362818003913914,30660,33.169602087410404
57,0.0655263157894737,0.9,30.0,3.4887624626823572,17753,33.38613192136527
58,0.0655263157894737,0.9,90.0,4.88710250038039,19717,46.9764670081657
59,0.0655263157894737,0.9,150.0,3.8564075630252104,9520,25.845483193277296
60,0.08710526315789476,0.1,30.0,4.78338972929934,20096,70.43506170382175
61,0.08710526315789476,0.1,90.0,6.0291012505356765,25669,75.98959834820192
62,0.08710526315789476,0.1,150.0,4.286907910555422,16636,35.81648232748252
63,0.08710526315789476,0.30000000000000004,30.0,5.150029577048219,13524,69.25680272108843
64,0.08710526315789476,0.30000000000000004,90.0,6.661613077061247,27835,89.21904077600139
65,0.08710526315789476,0.30000000000000004,150.0,4.216926922008836,46813,33.89684489351245
66,0.08710526315789476,0.5,30.0,5.307439104674131,12152,78.14845292955918
67,0.08710526315789476,0.5,90.0,6.7657612000810845,29598,90.86759240489197
68,0.08710526315789476,0.5,150.0,4.162058017029872,69290,33.6868667917449
69,0.08710526315789476,0.7000000000000001,30.0,4.547870611183337,12304,55.17579648894658
70,0.08710526315789476,0.7000000000000001,90.0,6.008065663993921,21077,69.02386487640564
71,0.08710526315789476,0.7000000000000001,150.0,4.406391237305289,18807,34.00568937097886
72,0.08710526315789476,0.9,30.0,3.320541760722336,10189,30.883796250858794
73,0.08710526315789476,0.9,90.0,4.859351186588281,9186,46.879599390376626
74,0.08710526315789476,0.9,150.0,3.6854063501310814,3433,24.061753568307555
75,0.1086842105263158,0.1,30.0,4.891040418011354,13014,71.21361610573238
76,0.1086842105263158,0.1,90.0,6.248574829292727,15963,80.73833239366016
77,0.1086842105263158,0.1,150.0,4.350819068654501,10866,35.83232100128838
78,0.1086842105263158,0.30000000000000004,30.0,5.395185079455705,10509,80.46893139214
79,0.1086842105263158,0.30000000000000004,90.0,6.837882776777037,21651,92.92591566209383
80,0.1086842105263158,0.30000000000000004,150.0,4.264161363277745,38026,35.26242570872551
81,0.1086842105263158,0.5,30.0,5.3874416318505665,8138,79.64082084050133
82,0.1086842105263158,0.5,90.0,6.882947976878607,18684,91.88369728109609
83,0.1086842105263158,0.5,150.0,4.4107107918495245,35777,36.74690443581084
84,0.1086842105263158,0.7000000000000001,30.0,4.589396573131353,8054,55.7555252048672
85,0.1086842105263158,0.7000000000000001,90.0,6.173522975929967,13710,73.67899343544846
86,0.1086842105263158,0.7000000000000001,150.0,4.460689998341359,12058,35.301293746889996
87,0.1086842105263158,0.9,30.0,3.0034542314335084,6369,27.326267859946658
88,0.1086842105263158,0.9,90.0,4.606463489466144,4889,41.972796072816394
89,0.1086842105263158,0.9,150.0,3.7238095238095226,1470,38.00680272108848
90,0.13026315789473686,0.1,30.0,5.060229778345138,8617,75.98630613902777
91,0.13026315789473686,0.1,90.0,6.563057083254333,10546,91.04342878816595
92,0.13026315789473686,0.1,150.0,4.599648814749784,7973,39.89150884234284
93,0.13026315789473686,0.30000000000000004,30.0,5.640464713879611,8091,83.51687059695973
94,0.13026315789473686,0.30000000000000004,90.0,6.99155993625684,16943,97.86979873694145
95,0.13026315789473686,0.30000000000000004,150.0,4.36888598631972,29093,37.02602000481209
96,0.13026315789473686,0.5,30.0,5.440666082383857,5705,78.57300613496925
97,0.13026315789473686,0.5,90.0,6.932603869330809,12612,94.61100539169033
98,0.13026315789473686,0.5,150.0,4.6413076379779845,19822,39.987892240944404
99,0.13026315789473686,0.7000000000000001,30.0,4.665741254858412,5403,59.58078845086064
100,0.13026315789473686,0.7000000000000001,90.0,6.409160139251516,9192,78.41677545691876
101,0.13026315789473686,0.7000000000000001,150.0,4.525711971926051,7409,35.65217978134701
102,0.13026315789473686,0.9,30.0,2.778548312528886,4326,23.918169209431372
103,0.13026315789473686,0.9,90.0,4.460559796437658,2751,41.81933842239176
104,0.13026315789473686,0.9,150.0,3.8950524737631165,667,28.38680659670167
105,0.1518421052631579,0.1,30.0,5.302293967714531,5885,80.21580288869994
106,0.1518421052631579,0.1,90.0,6.889077163712176,7672,97.64820125130343
107,0.1518421052631579,0.1,150.0,4.7166770963704625,6392,41.47387359199003
108,0.1518421052631579,0.30000000000000004,30.0,5.636810399492709,6308,84.7306594800253
109,0.1518421052631579,0.30000000000000004,90.0,7.0797847809377314,13010,100.11975403535705
110,0.1518421052631579,0.30000000000000004,150.0,4.464057003698011,22174,38.37665734644176
111,0.1518421052631579,0.5,30.0,5.315372055050169,4287,72.49335199440169
112,0.1518421052631579,0.5,90.0,6.973614775725604,9096,93.85576077396684
113,0.1518421052631579,0.5,150.0,4.7050511612798385,12314,40.62920253370141
114,0.1518421052631579,0.7000000000000001,30.0,4.830013280212467,3765,70.16069057104916
115,0.1518421052631579,0.7000000000000001,90.0,6.3560129273686,5879,77.10273856097966
116,0.1518421052631579,0.7000000000000001,150.0,4.560885608856096,4878,37.09635096350965
117,0.1518421052631579,0.9,30.0,2.825667655786347,2696,23.22774480712164
118,0.1518421052631579,0.9,90.0,4.278708876474247,1611,38.426443202979584
119,0.1518421052631579,0.9,150.0,3.7677053824362576,353,25.824362606232302
120,0.17342105263157898,0.1,30.0,5.299290780141832,4230,82.5475177304963
121,0.17342105263157898,0.1,90.0,6.879424216765461,5905,95.62828111769689
122,0.17342105263157898,0.1,150.0,4.829620160701252,5476,44.3862308254201
123,0.17342105263157898,0.30000000000000004,30.0,5.920449897750503,4890,97.8922290388546
124,0.17342105263157898,0.30000000000000004,90.0,7.251423522481847,10186,101.77253092479872
125,0.17342105263157898,0.30000000000000004,150.0,4.523894436519244,16824,38.728007608178785
126,0.17342105263157898,0.5,30.0,5.301089918256127,3670,65.15885558583109
127,0.17342105263157898,0.5,90.0,6.988770353733849,7124,96.71701291409296
128,0.17342105263157898,0.5,150.0,4.773336612962736,8131,41.88291723035288
129,0.17342105263157898,0.7000000000000001,30.0,4.5218438252494035,2907,52.40075679394561
130,0.17342105263157898,0.7000000000000001,90.0,6.395481515289799,4382,82.10931081697848
131,0.17342105263157898,0.7000000000000001,150.0,4.634289057928616,3418,38.168519602106485
132,0.17342105263157898,0.9,30.0,2.1217827997489036,1593,13.320778405524175
133,0.17342105263157898,0.9,90.0,3.9106583072100327,638,37.02351097178688
134,0.17342105263157898,0.9,150.0,3.9115044247787605,113,29.327433628318573
135,0.195,0.1,30.0,5.832020170185941,3173,96.98235108729922
136,0.195,0.1,90.0,7.239747634069401,4755,102.62103049421647
137,0.195,0.1,150.0,4.736809940924824,4909,42.73232837645141
138,0.195,0.30000000000000004,30.0,5.781456953642384,4077,85.39097375521177
139,0.195,0.30000000000000004,90.0,7.194420861127955,8245,103.13377804730138
140,0.195,0.30000000000000004,150.0,4.6120097665191615,13106,41.100030520372414
141,0.195,0.5,30.0,5.502423263327929,3095,85.79192245557331
142,0.195,0.5,90.0,6.972554539056981,5684,94.16115411681898
143,0.195,0.5,150.0,4.762433862433834,5670,40.85061728395062
144,0.195,0.7000000000000001,30.0,4.487588652482267,2256,57.61170212765956
145,0.195,0.7000000000000001,90.0,6.197625698324004,2864,74.09148044692718
146,0.195,0.7000000000000001,150.0,4.588367899008126,2218,37.11587015329134
147,0.195,0.9,30.0,1.8968386023294492,601,9.730449251247919
148,0.195,0.9,90.0,3.779220779220779,154,29.05194805194806
149,0.195,0.9,150.0,3.6428571428571415,14,36.357142857142854
150,0.2165789473684211,0.1,30.0,6.0306122448979576,2548,104.25981161695461
151,0.2165789473684211,0.1,90.0,7.559193357058117,4215,110.75539739027252
152,0.2165789473684211,0.1,150.0,4.77948034643572,4503,42.29491450144343
153,0.2165789473684211,0.30000000000000004,30.0,6.038921238124428,3263,94.88538155072018
154,0.2165789473684211,0.30000000000000004,90.0,7.343740481267144,6566,106.55300030459951
155,0.2165789473684211,0.30000000000000004,150.0,4.615551608446826,10134,40.15827906058815
156,0.2165789473684211,0.5,30.0,5.367711370262382,2744,71.4646501457724
157,0.2165789473684211,0.5,90.0,6.858549111919547,4673,88.19944361224061
158,0.2165789473684211,0.5,150.0,4.845452473216311,4387,41.217004786870284
159,0.2165789473684211,0.7000000000000001,30.0,3.9112227805695126,1791,43.30374092685657
160,0.2165789473684211,0.7000000000000001,90.0,6.408501814411619,1929,82.29134266459326
161,0.2165789473684211,0.7000000000000001,150.0,4.5448480355819125,1349,36.762787249814686
162,0.2165789473684211,0.9,30.0,0.0,0,0.0
163,0.2165789473684211,0.9,90.0,0.0,0,0.0
164,0.2165789473684211,0.9,150.0,0.0,0,0.0
165,0.23815789473684212,0.1,30.0,6.395215311004775,2090,113.12153110047832
166,0.23815789473684212,0.1,90.0,7.4467560908842,3653,110.15357240624145
167,0.23815789473684212,0.1,150.0,4.634938664243524,4402,40.18786915038608
168,0.23815789473684212,0.30000000000000004,30.0,5.985684357541887,2864,92.0750698324021
169,0.23815789473684212,0.30000000000000004,90.0,7.645114942528747,5568,120.20797413793106
170,0.23815789473684212,0.30000000000000004,150.0,4.629406084017368,8284,41.01690004828559
171,0.23815789473684212,0.5,30.0,5.243243243243231,2405,72.70686070686078
172,0.23815789473684212,0.5,90.0,6.970396387355747,3986,94.69593577521337
173,0.23815789473684212,0.5,150.0,4.7886156396794775,3619,41.41365017960762
174,0.23815789473684212,0.7000000000000001,30.0,4.224957555178268,1178,66.25721561969434
175,0.23815789473684212,0.7000000000000001,90.0,6.279863481228672,1172,79.20136518771318
176,0.23815789473684212,0.7000000000000001,150.0,4.463969658659921,791,37.23767383059418
177,0.23815789473684212,0.9,30.0,0.0,0,0.0
178,0.23815789473684212,0.9,90.0,0.0,0,0.0
179,0.23815789473684212,0.9,150.0,0.0,0,0.0
180,0.25973684210526315,0.1,30.0,6.763035921205089,1726,122.46755504055609
181,0.25973684210526315,0.1,90.0,7.743354430379748,3160,116.90664556962008
182,0.25973684210526315,0.1,150.0,4.5653357531760586,4408,41.02586206896566
183,0.25973684210526315,0.30000000000000004,30.0,5.916036943744742,2382,91.60453400503775
184,0.25973684210526315,0.30000000000000004,90.0,7.488580385132106,4466,107.89162561576316
185,0.25973684210526315,0.30000000000000004,150.0,4.40815146697498,6919,37.3828587946234
186,0.25973684210526315,0.5,30.0,5.586306653809068,2074,86.6769527483123
187,0.25973684210526315,0.5,90.0,6.872178246848432,3411,93.81031955438287
188,0.25973684210526315,0.5,150.0,4.755060034305332,2915,42.29468267581472
189,0.25973684210526315,0.7000000000000001,30.0,4.051150895140673,782,47.34526854219949
190,0.25973684210526315,0.7000000000000001,90.0,6.197622585438336,673,83.48439821693914
191,0.25973684210526315,0.7000000000000001,150.0,4.382920110192834,363,32.07438016528923
192,0.25973684210526315,0.9,30.0,0.0,0,0.0
193,0.25973684210526315,0.9,90.0,0.0,0,0.0
194,0.25973684210526315,0.9,150.0,0.0,0,0.0
195,0.28131578947368424,0.1,30.0,6.100199071001989,1507,99.3012607830127
196,0.28131578947368424,0.1,90.0,7.851432614078523,2827,123.45879023700043
197,0.28131578947368424,0.1,150.0,4.681139122315593,4284,43.57516339869287
198,0.28131578947368424,0.30000000000000004,30.0,5.890756302521008,1904,89.76155462184865
199,0.28131578947368424,0.30000000000000004,90.0,7.491098329224873,3651,104.89454943850973
200,0.28131578947368424,0.30000000000000004,150.0,4.730339361918302,4921,42.35033529770369
201,0.28131578947368424,0.5,30.0,5.3996394230769305,1664,75.16526442307693
202,0.28131578947368424,0.5,90.0,6.803914715134584,2861,94.38797623208663
203,0.28131578947368424,0.5,150.0,4.904121863799292,2232,42.88351254480293
204,0.28131578947368424,0.7000000000000001,30.0,3.6495575221238887,565,54.371681415929196
205,0.28131578947368424,0.7000000000000001,90.0,6.2301980198019775,404,81.6361386138614
206,0.28131578947368424,0.7000000000000001,150.0,4.45562130177515,169,32.4792899408284
207,0.28131578947368424,0.9,30.0,0.0,0,0.0
208,0.28131578947368424,0.9,90.0,0.0,0,0.0
209,0.28131578947368424,0.9,150.0,0.0,0,0.0
210,0.3028947368421053,0.1,30.0,5.758515815085149,1644,88.95072992700729
211,0.3028947368421053,0.1,90.0,7.502079002078994,2886,118.60672210672222
212,0.3028947368421053,0.1,150.0,4.537009063444112,3972,41.14123867069481
213,0.3028947368421053,0.30000000000000004,30.0,6.43501126972202,1331,99.77685950413209
214,0.3028947368421053,0.30000000000000004,90.0,7.372188905547215,2668,104.65704647676165
215,0.3028947368421053,0.30000000000000004,150.0,4.8432480666270035,3362,45.96341463414631
216,0.3028947368421053,0.5,30.0,5.443046357615884,1510,73.26291390728491
217,0.3028947368421053,0.5,90.0,6.654438405797105,2208,83.73505434782602
218,0.3028947368421053,0.5,150.0,4.544117647058816,1632,36.751225490196056
219,0.3028947368421053,0.7000000000000001,30.0,3.7335025380710634,394,46.85025380710667
220,0.3028947368421053,0.7000000000000001,90.0,5.795454545454547,264,81.96212121212122
221,0.3028947368421053,0.7000000000000001,150.0,4.027522935779816,109,31.899082568807334
222,0.3028947368421053,0.9,30.0,0.0,0,0.0
223,0.3028947368421053,0.9,90.0,0.0,0,0.0
224,0.3028947368421053,0.9,150.0,0.0,0,0.0
225,0.32447368421052636,0.1,30.0,5.780442804428033,1626,86.34132841328409
226,0.32447368421052636,0.1,90.0,7.542523176138648,2481,110.0777912132205
227,0.32447368421052636,0.1,150.0,4.501750291715287,3428,38.603267211201896
228,0.32447368421052636,0.30000000000000004,30.0,6.829081632653057,784,119.96428571428594
229,0.32447368421052636,0.30000000000000004,90.0,8.009683995922542,1962,125.54791029561665
230,0.32447368421052636,0.30000000000000004,150.0,4.945485519591143,2348,47.55962521294716
231,0.32447368421052636,0.5,30.0,5.284272497897389,1189,71.166526492851
232,0.32447368421052636,0.5,90.0,6.497647058823525,1700,80.95764705882335
233,0.32447368421052636,0.5,150.0,4.665822784810124,1185,39.459071729957806
234,0.32447368421052636,0.7000000000000001,30.0,2.9543973941368087,307,28.114006514658023
235,0.32447368421052636,0.7000000000000001,90.0,6.2894736842105265,190,83.54210526315788
236,0.32447368421052636,0.7000000000000001,150.0,4.278688524590162,61,34.37704918032785
237,0.32447368421052636,0.9,30.0,0.0,0,0.0
238,0.32447368421052636,0.9,90.0,0.0,0,0.0
239,0.32447368421052636,0.9,150.0,0.0,0,0.0
240,0.3460526315789474,0.1,30.0,6.020485584218507,1318,106.68512898330818
241,0.3460526315789474,0.1,90.0,7.225465525918465,1987,103.87871162556611
242,0.3460526315789474,0.1,150.0,4.707980875321806,2719,42.59764619345347
243,0.3460526315789474,0.30000000000000004,30.0,7.47192716236722,659,125.608497723824
244,0.3460526315789474,0.30000000000000004,90.0,7.8755020080321385,1494,121.32128514056197
245,0.3460526315789474,0.30000000000000004,150.0,4.84041933605125,1717,43.258590564938864
246,0.3460526315789474,0.5,30.0,5.16927899686521,957,65.26959247648884
247,0.3460526315789474,0.5,90.0,6.70202808112323,1282,88.93447737909524
248,0.3460526315789474,0.5,150.0,4.647686832740209,843,42.04507710557538
249,0.3460526315789474,0.7000000000000001,30.0,3.583333333333331,204,33.995098039215705
250,0.3460526315789474,0.7000000000000001,90.0,5.4417177914110475,163,58.98773006134977
251,0.3460526315789474,0.7000000000000001,150.0,4.33333333333333,60,35.99999999999998
252,0.3460526315789474,0.9,30.0,0.0,0,0.0
253,0.3460526315789474,0.9,90.0,0.0,0,0.0
254,0.3460526315789474,0.9,150.0,0.0,0,0.0
255,0.3676315789473684,0.1,30.0,6.050200803212859,996,101.96987951807229
256,0.3676315789473684,0.1,90.0,7.525357607282164,1538,114.14564369310769
257,0.3676315789473684,0.1,150.0,4.963511972633981,1754,47.139110604332984
258,0.3676315789473684,0.30000000000000004,30.0,6.39508196721312,610,86.75901639344275
259,0.3676315789473684,0.30000000000000004,90.0,7.76583801122695,1247,116.91579791499602
260,0.3676315789473684,0.30000000000000004,150.0,4.866007194244603,1112,42.86241007194251
261,0.3676315789473684,0.5,30.0,5.543328748280602,727,78.07152682255845
262,0.3676315789473684,0.5,90.0,6.93619246861924,956,96.31276150627602
263,0.3676315789473684,0.5,150.0,4.655172413793095,551,37.43194192377489
264,0.3676315789473684,0.7000000000000001,30.0,2.858490566037737,106,21.12264150943396
265,0.3676315789473684,0.7000000000000001,90.0,5.93548387096774,93,82.12903225806451
266,0.3676315789473684,0.7000000000000001,150.0,3.812499999999999,32,26.75
267,0.3676315789473684,0.9,30.0,0.0,0,0.0
268,0.3676315789473684,0.9,90.0,0.0,0,0.0
269,0.3676315789473684,0.9,150.0,0.0,0,0.0
270,0.3892105263157895,0.1,30.0,5.583021223470657,801,74.54182272159788
271,0.3892105263157895,0.1,90.0,7.608181818181815,1100,125.2572727272727
272,0.3892105263157895,0.1,150.0,4.760834670947025,1246,42.47833065810586
273,0.3892105263157895,0.30000000000000004,30.0,6.371171171171174,555,95.23603603603601
274,0.3892105263157895,0.30000000000000004,90.0,7.302943969610637,1053,101.10351377018041
275,0.3892105263157895,0.30000000000000004,150.0,5.2657807308970135,903,50.36877076411958
276,0.3892105263157895,0.5,30.0,4.856910569105693,615,54.600000000000065
277,0.3892105263157895,0.5,90.0,6.529784537389093,789,88.41318124207844
278,0.3892105263157895,0.5,150.0,4.688144329896903,388,41.940721649484566
279,0.3892105263157895,0.7000000000000001,30.0,2.7246376811594195,69,26.840579710144933
280,0.3892105263157895,0.7000000000000001,90.0,6.842105263157895,19,95.57894736842105
281,0.3892105263157895,0.7000000000000001,150.0,4.0,1,16.0
282,0.3892105263157895,0.9,30.0,0.0,0,0.0
283,0.3892105263157895,0.9,90.0,0.0,0,0.0
284,0.3892105263157895,0.9,150.0,0.0,0,0.0
285,0.7,0.1,30.0,6.501531517007888,6203,112.3770756085764
286,0.7,0.1,90.0,7.400569395017808,7025,109.35330960854061
287,0.7,0.1,150.0,5.077575455225729,4009,49.939635819406384
288,0.7,0.30000000000000004,30.0,6.232193365903813,3889,97.11622525070729
289,0.7,0.30000000000000004,90.0,7.188656614119271,5836,104.13725154215221
290,0.7,0.30000000000000004,150.0,4.910866910866904,3276,44.724053724053626
291,0.7,0.5,30.0,3.84430176565009,3115,44.14157303370801
292,0.7,0.5,90.0,5.6588973554459905,2231,66.57866427610924
293,0.7,0.5,150.0,4.307884856070084,799,35.279098873592034
294,0.7,0.7000000000000001,30.0,0.0,0,0.0
295,0.7,0.7000000000000001,90.0,0.0,0,0.0
296,0.7,0.7000000000000001,150.0,0.0,0,0.0
297,0.7,0.9,30.0,0.0,0,0.0
298,0.7,0.9,90.0,0.0,0,0.0
299,0.7,0.9,150.0,0.0,0,0.0
