,voc_bin,rtmean,rtcount,rt_squaredmean
0,0.0007894736842105274,15.103713574535451,159092,683.5695446659756
1,0.022368421052631583,18.367631696761663,40206,790.5895388747947
2,0.04394736842105264,19.54311811587712,22334,885.8337960060867
3,0.0655263157894737,20.4420233463035,12850,960.5016342412437
4,0.08710526315789476,21.293816364771985,8005,1022.4378513429106
5,0.1086842105263158,21.62817331551824,5239,1082.768085512508
6,0.13026315789473686,22.282896590588937,3549,1144.258100873486
7,0.1518421052631579,23.460872836719357,2658,1183.0267118133925
8,0.17342105263157898,23.59100529100525,1890,1263.2904761904726
9,0.195,24.462776659959783,1491,1434.0134138162284
10,0.2165789473684211,26.502099076406385,1191,1560.0151133501242
11,0.23815789473684212,24.117341640706105,963,1339.9428868120444
12,0.25973684210526315,22.572692793931726,791,1158.747155499367
13,0.28131578947368424,24.156451612903222,620,1393.7629032258058
14,0.3028947368421053,24.494230769230775,520,1383.1826923076926
15,0.32447368421052636,21.28801843317972,434,1022.8824884792621
16,0.3460526315789474,26.61059190031152,321,1701.3582554517131
17,0.3676315789473684,25.086776859504127,242,1625.2355371900826
18,0.3892105263157895,23.542682926829265,164,1051.1402439024396
19,0.7,25.23453608247424,776,1564.5206185567004
