,voc_bin,rtmean,rtcount,rt_squaredmean
0,0.0007894736842105274,4.128319586456986,2480806,36.45654920215455
1,0.022368421052631583,4.715974117585027,606744,44.215008306633685
2,0.04394736842105264,5.048427939334423,332907,50.93237150315257
3,0.0655263157894737,5.264174732079951,188769,54.94175950500354
4,0.08710526315789476,5.4545854770208,115844,58.89535064396931
5,0.1086842105263158,5.634463178476258,74671,62.862757964939576
6,0.13026315789473686,5.761015989535541,51221,67.22865621522408
7,0.1518421052631579,5.901572038247528,37022,69.57954729620225
8,0.17342105263157898,5.9724480253219125,27802,69.69994964391059
9,0.195,6.043092995056413,21442,71.8381680813353
10,0.2165789473684211,6.134829475172294,16977,74.9134122636509
11,0.23815789473684212,6.087397358086407,14005,73.29782220635484
12,0.25973684210526315,6.188865764828304,11532,74.0128338536247
13,0.28131578947368424,6.150749063670394,9612,75.16947565543057
14,0.3028947368421053,6.2840759293435395,7586,79.1733456366995
15,0.32447368421052636,6.2029801324503495,6040,74.12019867549651
16,0.3460526315789474,6.285970819304146,4455,79.81234567901227
17,0.3676315789473684,6.3579259259259295,3375,79.89451851851851
18,0.3892105263157895,6.405922038980513,2668,75.94640179910054
19,0.7,6.35546111347215,11765,82.25839354016136
