,voc_bin,elo_bin,rtmean,rtcount,rt_squaredmean
0,0.0007894736842105274,625.0,20.583099805992685,4639,1655.9088165552905
1,0.0007894736842105274,1387.5,20.96492346938781,29792,1523.4828477443634
2,0.0007894736842105274,1662.5,23.184524158985507,51099,1723.570363412198
3,0.0007894736842105274,2400.0,25.64732513706596,24076,2109.271182920755
4,0.022368421052631583,625.0,26.415480427046262,1124,2050.8549822064033
5,0.022368421052631583,1387.5,24.610124083474314,7092,1748.472786238017
6,0.022368421052631583,1662.5,28.383626522327454,13302,2353.833182979998
7,0.022368421052631583,2400.0,32.53843750000004,6400,3020.8628125000005
8,0.04394736842105264,625.0,24.328097731239094,573,1493.2914485165795
9,0.04394736842105264,1387.5,27.28396908501621,4011,2363.133881824984
10,0.04394736842105264,1662.5,29.446215139442153,7279,2312.054265695833
11,0.04394736842105264,2400.0,35.01579384871158,3609,3368.2128013300085
12,0.0655263157894737,625.0,29.69152542372881,295,2146.22033898305
13,0.0655263157894737,1387.5,26.373871938117773,2327,2171.8023205844484
14,0.0655263157894737,1662.5,29.79426287326592,4253,2115.935339760167
15,0.0655263157894737,2400.0,35.439257028112486,1992,3541.962349397592
16,0.08710526315789476,625.0,24.56024096385542,166,1262.0903614457848
17,0.08710526315789476,1387.5,27.782307692307654,1300,1915.71923076923
18,0.08710526315789476,1662.5,31.839193994468612,2531,2564.7882259976323
19,0.08710526315789476,2400.0,37.78597785977864,1355,3977.723985239855
20,0.1086842105263158,625.0,29.578431372549023,102,2205.2843137254904
21,0.1086842105263158,1387.5,28.77689694224234,883,2233.2298980747496
22,0.1086842105263158,1662.5,32.316985645933016,1672,2562.6650717703296
23,0.1086842105263158,2400.0,40.08853575482405,881,4128.696935300795
24,0.13026315789473686,625.0,31.0,64,2352.5624999999995
25,0.13026315789473686,1387.5,30.987477638640435,559,2290.937388193205
26,0.13026315789473686,1662.5,33.49555160142348,1124,2964.4421708185023
27,0.13026315789473686,2400.0,40.4614093959732,596,4973.931208053694
28,0.1518421052631579,625.0,24.891304347826082,46,1485.065217391304
29,0.1518421052631579,1387.5,31.720454545454583,440,2478.2659090909096
30,0.1518421052631579,1662.5,32.37712895377135,822,2332.42335766423
31,0.1518421052631579,2400.0,43.069767441860456,430,5046.144186046509
32,0.17342105263157898,625.0,25.60526315789473,38,1237.1315789473688
33,0.17342105263157898,1387.5,27.47239263803682,326,1727.791411042944
34,0.17342105263157898,1662.5,36.634796238244554,638,3440.199059561133
35,0.17342105263157898,2400.0,38.05625000000003,320,3311.1312500000004
36,0.195,625.0,30.85185185185185,27,2444.1111111111104
37,0.195,1387.5,31.207627118644073,236,2083.7838983050847
38,0.195,1662.5,31.73134328358211,469,2216.673773987205
39,0.195,2400.0,36.956349206349266,252,3381.77380952381
40,0.2165789473684211,625.0,23.84210526315789,19,1182.2631578947369
41,0.2165789473684211,1387.5,26.94764397905758,191,1604.9895287958107
42,0.2165789473684211,1662.5,32.605555555555526,360,2326.9166666666665
43,0.2165789473684211,2400.0,39.19796954314721,197,3487.279187817263
44,0.23815789473684212,625.0,34.57142857142856,14,3402.571428571428
45,0.23815789473684212,1387.5,30.25477707006369,157,1799.0828025477708
46,0.23815789473684212,1662.5,41.92332268370607,313,5420.683706070288
47,0.23815789473684212,2400.0,38.692771084337394,166,3360.765060240962
48,0.25973684210526315,625.0,18.461538461538463,13,494.4615384615384
49,0.25973684210526315,1387.5,27.368794326241144,141,1683.9361702127658
50,0.25973684210526315,1662.5,30.154135338345878,266,2381.8834586466173
51,0.25973684210526315,2400.0,48.721428571428575,140,5958.850000000007
52,0.28131578947368424,625.0,23.75,12,1087.2499999999998
53,0.28131578947368424,1387.5,27.089887640449433,89,1426.0786516853932
54,0.28131578947368424,1662.5,38.424242424242415,198,3425.3636363636365
55,0.28131578947368424,2400.0,45.541984732824424,131,4766.290076335881
56,0.3028947368421053,625.0,35.0,8,2724.0
57,0.3028947368421053,1387.5,30.764044943820235,89,2993.70786516854
58,0.3028947368421053,1662.5,34.14285714285714,182,2315.1758241758243
59,0.3028947368421053,2400.0,33.09890109890111,91,2807.582417582418
60,0.32447368421052636,625.0,9.571428571428573,7,178.1428571428571
61,0.32447368421052636,1387.5,31.19607843137254,51,3570.3725490196075
62,0.32447368421052636,1662.5,37.064748201438896,139,2931.352517985613
63,0.32447368421052636,2400.0,44.27941176470587,68,4905.926470588234
64,0.3460526315789474,625.0,98.71428571428571,7,18307.0
65,0.3460526315789474,1387.5,31.612903225806438,62,2442.451612903225
66,0.3460526315789474,1662.5,33.5,86,2087.5232558139537
67,0.3460526315789474,2400.0,32.0188679245283,53,2539.377358490565
68,0.3676315789473684,625.0,41.2,5,3738.0000000000005
69,0.3676315789473684,1387.5,31.813953488372093,43,2075.674418604651
70,0.3676315789473684,1662.5,39.40000000000003,70,3359.8285714285707
71,0.3676315789473684,2400.0,43.962264150943376,53,4733.77358490566
72,0.3892105263157895,625.0,32.6,5,2386.2000000000003
73,0.3892105263157895,1387.5,27.100000000000005,30,1960.5666666666664
74,0.3892105263157895,1662.5,39.83333333333332,48,3562.541666666667
75,0.3892105263157895,2400.0,37.54761904761904,42,3216.357142857144
76,0.7,625.0,35.42857142857143,14,2552.285714285714
77,0.7,1387.5,28.828220858895705,163,2031.6871165644172
78,0.7,1662.5,39.96062992125986,254,3742.4645669291394
79,0.7,2400.0,40.27702702702701,148,4176.790540540538
