,voc_bin,elo_bin,rtmean,rtcount,rt_squaredmean
0,0.0007894736842105274,625.0,6.372956243409501,803239,93.40315522528152
1,0.0007894736842105274,1387.5,6.207898108071859,1051467,86.80808242198752
2,0.0007894736842105274,1662.5,6.204612579393803,1037077,91.54024725261483
3,0.0007894736842105274,2400.0,6.113915476427074,961081,107.3936973054299
4,0.022368421052631583,625.0,7.380700004384619,182456,105.06517187705516
5,0.022368421052631583,1387.5,7.249793578522737,254334,107.33576714084657
6,0.022368421052631583,1662.5,7.272739612865205,257843,119.41199489611914
7,0.022368421052631583,2400.0,7.413821939612351,247534,124.47033134842106
8,0.04394736842105264,625.0,7.722905586803178,97963,114.27558363872097
9,0.04394736842105264,1387.5,7.636449121396574,139312,118.6675447915468
10,0.04394736842105264,1662.5,7.755105974351406,145271,125.72875522299738
11,0.04394736842105264,2400.0,7.976573278896244,142060,140.36559200337894
12,0.0655263157894737,625.0,7.992864499043688,54376,123.76897896130623
13,0.0655263157894737,1387.5,7.918299086181649,79228,126.48771898823641
14,0.0655263157894737,1662.5,8.188952596682503,84762,141.79047214553714
15,0.0655263157894737,2400.0,8.443221451118971,84583,155.5790525282858
16,0.08710526315789476,625.0,8.155291037506093,32848,128.13221505114447
17,0.08710526315789476,1387.5,8.174557757774494,47881,134.02192936655388
18,0.08710526315789476,1662.5,8.457525882665228,52738,150.02956122719775
19,0.08710526315789476,2400.0,8.765884743258255,54140,170.37803841891386
20,0.1086842105263158,625.0,8.307729468599051,20700,130.1023188405803
21,0.1086842105263158,1387.5,8.431218216564611,30873,143.20788391150785
22,0.1086842105263158,1662.5,8.785477605118862,35008,159.32998171846467
23,0.1086842105263158,2400.0,9.089297942860291,36507,180.26540115594193
24,0.13026315789473686,625.0,8.517781355188063,13666,136.48675545148546
25,0.13026315789473686,1387.5,8.595116941319265,21421,145.78665795247616
26,0.13026315789473686,1662.5,8.859951862277176,24513,163.5482397095415
27,0.13026315789473686,2400.0,9.208787759905853,25490,184.00478619066334
28,0.1518421052631579,625.0,8.722403591103886,9802,143.03152417873898
29,0.1518421052631579,1387.5,8.684469200524202,15260,150.32798165137544
30,0.1518421052631579,1662.5,9.171639686389547,17729,175.62062158046143
31,0.1518421052631579,2400.0,9.47401807897656,18917,196.1950626420678
32,0.17342105263157898,625.0,8.758525472870403,7243,142.7187629435314
33,0.17342105263157898,1387.5,9.029961565338905,11448,155.81961914744915
34,0.17342105263157898,1662.5,9.279008038829083,13186,179.1946761716965
35,0.17342105263157898,2400.0,9.540113708149084,14247,201.3253316487681
36,0.195,625.0,8.921086675291082,5411,147.96562557752756
37,0.195,1387.5,8.998754951895851,8835,166.2976796830787
38,0.195,1662.5,9.318580657602926,10371,181.46900009642255
39,0.195,2400.0,9.742836803701742,11238,209.24506139882604
40,0.2165789473684211,625.0,8.963746223564941,4303,151.64280734371383
41,0.2165789473684211,1387.5,9.195025438100638,7076,172.28971170152622
42,0.2165789473684211,1662.5,9.459365232026917,8318,187.14342389997586
43,0.2165789473684211,2400.0,9.725219845836499,9211,204.17902507871042
44,0.23815789473684212,625.0,8.922077922077905,3542,149.17108977978586
45,0.23815789473684212,1387.5,9.21920781334778,5529,181.3812624344368
46,0.23815789473684212,1662.5,9.643414275202321,6795,190.98822663723286
47,0.23815789473684212,2400.0,9.594609237437336,7383,196.95909521874586
48,0.25973684210526315,625.0,9.100498930862432,2806,161.28153955809043
49,0.25973684210526315,1387.5,9.168381869936484,4567,162.24874096781275
50,0.25973684210526315,1662.5,9.720319833130487,5753,198.32035459760039
51,0.25973684210526315,2400.0,9.79151610369208,6365,206.57297721916717
52,0.28131578947368424,625.0,9.158608990670068,2358,155.14758269720116
53,0.28131578947368424,1387.5,9.09893534146973,3851,162.86938457543496
54,0.28131578947368424,1662.5,9.53704918032784,4575,188.75715846994513
55,0.28131578947368424,2400.0,9.891693350913544,5309,224.04275758146534
56,0.3028947368421053,625.0,9.064109301103537,1903,154.14766158696773
57,0.3028947368421053,1387.5,9.290417209908707,3068,170.53422425032616
58,0.3028947368421053,1662.5,9.610719677906383,3974,199.15525918470087
59,0.3028947368421053,2400.0,9.715116279069743,4472,206.99463327370265
60,0.32447368421052636,625.0,9.14161656646625,1497,152.0046760187043
61,0.32447368421052636,1387.5,9.519704433497536,2436,184.6559934318555
62,0.32447368421052636,1662.5,9.253127057274522,3038,177.76333113890732
63,0.32447368421052636,2400.0,9.794451073985682,3352,222.36843675417632
64,0.3460526315789474,625.0,9.209940017137965,1167,166.84318766066883
65,0.3460526315789474,1387.5,9.108048511576603,1814,627.4377067254673
66,0.3460526315789474,1662.5,9.56012378426171,2262,186.2055702917768
67,0.3460526315789474,2400.0,9.790342052313909,2485,204.15331991951703
68,0.3676315789473684,625.0,9.625140291806972,891,180.19753086419763
69,0.3676315789473684,1387.5,9.65893587994541,1466,177.73533424283778
70,0.3676315789473684,1662.5,10.325650118203297,1692,230.29137115839254
71,0.3676315789473684,2400.0,10.089275993467597,1837,223.11159499183432
72,0.3892105263157895,625.0,9.049645390070934,705,153.10354609929058
73,0.3892105263157895,1387.5,9.519267822736026,1038,183.59055876685923
74,0.3892105263157895,1662.5,9.648522550544321,1286,197.84447900466535
75,0.3892105263157895,2400.0,9.66643454038999,1436,207.9463788300839
76,0.7,625.0,8.941571720712828,3423,155.01168565585724
77,0.7,1387.5,9.542839903459381,4972,184.91210780370048
78,0.7,1662.5,10.011053540587202,5790,211.516753022452
79,0.7,2400.0,9.761682242990695,5992,214.59145527369887
