,voc_bin,rtmean,rtcount,rt_squaredmean
0,0.0007894736842105274,10.961261234105317,10748742,304.09088086773363
1,0.022368421052631583,12.960027218473932,2585009,379.56795237463297
2,0.04394736842105264,13.719113467588384,1434533,419.8192589504745
3,0.0655263157894737,14.342771428711021,818668,455.90078273488206
4,0.08710526315789476,14.858362834793763,497433,491.9152046607272
5,0.1086842105263158,15.242087899798696,321912,507.037292800517
6,0.13026315789473686,15.619089126171286,220272,530.5507645093356
7,0.1518421052631579,15.949365487050343,158074,554.055467692345
8,0.17342105263157898,16.259642984527023,117754,572.5726174906983
9,0.195,16.436224405593645,90889,582.568517642397
10,0.2165789473684211,16.522963861734386,72527,600.5748893515506
11,0.23815789473684212,16.608463448651182,58794,598.9279178147439
12,0.25973684210526315,16.754918032786886,48800,604.3327049180294
13,0.28131578947368424,16.78594706695643,40504,602.4147244716542
14,0.3028947368421053,16.988811528989682,32891,623.4856039646097
15,0.32447368421052636,17.248566480661907,25985,651.1024052337915
16,0.3460526315789474,17.39684136404784,19882,667.0591489789765
17,0.3676315789473684,17.4514278089138,14988,652.2329863891099
18,0.3892105263157895,17.554382625248728,11557,646.166998355973
19,0.7,17.51425212515817,55290,671.0296436968711
