,voc_bin,elo_bin,rtmean,rtcount,rt_squaredmean
0,0.0007894736842105274,625.0,4.323085169462689,720129,39.62339386415497
1,0.0007894736842105274,1387.5,4.1059107799689345,743286,35.863554540244294
2,0.0007894736842105274,1662.5,4.012264038382975,553162,35.54548577089518
3,0.0007894736842105274,2400.0,3.902398668946717,324555,35.48232811079812
4,0.022368421052631583,625.0,4.933054672928425,164597,45.713299756374596
5,0.022368421052631583,1387.5,4.6839723795995445,182329,42.824860554272824
6,0.022368421052631583,1662.5,4.603691129731305,138440,43.335546084946664
7,0.022368421052631583,2400.0,4.605585036765595,84046,45.47020679151905
8,0.04394736842105264,625.0,5.1670113041080885,87048,50.29652605459043
9,0.04394736842105264,1387.5,4.977900158074547,98055,48.1507725256234
10,0.04394736842105264,1662.5,4.947477387714966,77281,49.47358341636347
11,0.04394736842105264,2400.0,4.973760932944627,48020,52.27217825905892
12,0.0655263157894737,625.0,5.3287226415889934,47426,52.82629781132706
13,0.0655263157894737,1387.5,5.198954962121895,55309,53.10251496139855
14,0.0655263157894737,1662.5,5.257779852405095,44988,56.19274028629884
15,0.0655263157894737,2400.0,5.284545937334036,28245,58.43944060895717
16,0.08710526315789476,625.0,5.5101353797147405,27626,57.09197857091143
17,0.08710526315789476,1387.5,5.317386476184761,33319,54.21141090668997
18,0.08710526315789476,1662.5,5.461521879715475,27834,60.35374003017886
19,0.08710526315789476,2400.0,5.482629107981215,18105,64.46854460093861
20,0.1086842105263158,625.0,5.64053160002322,17231,58.586501073646474
21,0.1086842105263158,1387.5,5.58509102761095,21477,60.482609302975185
22,0.1086842105263158,1662.5,5.602734375000009,17920,64.44068080357161
23,0.1086842105263158,2400.0,5.612061206120606,12221,65.60093282055483
24,0.13026315789473686,625.0,5.794158075601352,11640,61.813402061855776
25,0.13026315789473686,1387.5,5.618439037725529,14632,60.64345270639709
26,0.13026315789473686,1662.5,5.769539078156315,12974,67.08324340989643
27,0.13026315789473686,2400.0,5.798631249275007,8621,70.21018443336061
28,0.1518421052631579,625.0,5.871598218703593,8084,64.32483918852076
29,0.1518421052631579,1387.5,5.751055257099016,10424,62.87557559478137
30,0.1518421052631579,1662.5,5.769829424307032,9380,66.0414712153519
31,0.1518421052631579,2400.0,5.896895787139674,6314,74.819607222046
32,0.17342105263157898,625.0,5.988318525830866,6078,67.58522540309338
33,0.17342105263157898,1387.5,5.8118913377754815,7804,64.58610968733973
34,0.17342105263157898,1662.5,6.054794520547938,6862,73.74905275429916
35,0.17342105263157898,2400.0,6.1668058455114965,4790,80.47202505219161
36,0.195,625.0,5.9821625192688845,4541,64.63091829993375
37,0.195,1387.5,5.926800865080675,6011,69.0790217933789
38,0.195,1662.5,6.0212148685403815,5515,71.66255666364414
39,0.195,2400.0,5.982474496468721,3823,74.70128171592957
40,0.2165789473684211,625.0,5.982495137538193,3599,66.34092803556538
41,0.2165789473684211,1387.5,6.01054808686658,4835,69.89183040330913
42,0.2165789473684211,1662.5,6.059170202734529,4242,72.2600188590284
43,0.2165789473684211,2400.0,6.071700727398678,2887,78.35573259438857
44,0.23815789473684212,625.0,6.205701912666901,2771,72.38975099242134
45,0.23815789473684212,1387.5,5.987635239567222,3882,71.78207109737252
46,0.23815789473684212,1662.5,6.074232081911284,3516,76.90642775881693
47,0.23815789473684212,2400.0,6.067817509247837,2433,79.10028771064532
48,0.25973684210526315,625.0,6.410213478442845,2389,77.87861029719531
49,0.25973684210526315,1387.5,6.125314070351753,3184,75.13662060301523
50,0.25973684210526315,1662.5,5.905718175629672,2938,66.39584751531656
51,0.25973684210526315,2400.0,6.129110251450685,2068,73.92891682785307
52,0.28131578947368424,625.0,6.207798871216009,1949,71.7727039507439
53,0.28131578947368424,1387.5,6.024119448698315,2612,67.9176875957121
54,0.28131578947368424,1662.5,6.232482786553239,2469,79.94896719319574
55,0.28131578947368424,2400.0,6.004110393423366,1703,75.49207281268342
56,0.3028947368421053,625.0,6.426479949077021,1571,72.8555060471038
57,0.3028947368421053,1387.5,6.0107176141658725,2146,67.56150978564762
58,0.3028947368421053,1662.5,5.992936427850636,1982,71.67204843592296
59,0.3028947368421053,2400.0,5.9770879526977065,1353,75.94900221729463
60,0.32447368421052636,625.0,6.299512987012989,1232,73.93749999999989
61,0.32447368421052636,1387.5,6.0927717700626065,1757,71.04667046101304
62,0.32447368421052636,1662.5,6.129750982961996,1526,76.63433813892526
63,0.32447368421052636,2400.0,6.094545454545458,1100,78.41454545454546
64,0.3460526315789474,625.0,6.687435098650039,963,82.17445482866049
65,0.3460526315789474,1387.5,6.234587670136104,1249,73.47397918334664
66,0.3460526315789474,1662.5,6.379218472468901,1126,85.50177619893421
67,0.3460526315789474,2400.0,6.263027295285364,806,81.80148883374692
68,0.3676315789473684,625.0,6.838255977496491,711,85.26582278481021
69,0.3676315789473684,1387.5,6.025404157043882,866,69.28175519630493
70,0.3676315789473684,1662.5,6.566825775656314,838,87.4952267303102
71,0.3676315789473684,2400.0,5.9787928221859765,613,73.07504078303435
72,0.3892105263157895,625.0,6.422429906542049,535,74.97570093457946
73,0.3892105263157895,1387.5,6.270503597122303,695,78.83741007194251
74,0.3892105263157895,1662.5,6.118699186991867,615,71.24390243902437
75,0.3892105263157895,2400.0,6.785234899328857,447,96.82550335570485
76,0.7,625.0,6.013544018058685,2658,68.71858540255806
77,0.7,1387.5,6.345148693301281,3329,78.45569240012003
78,0.7,1662.5,6.438713998660407,2986,84.90354989953096
79,0.7,2400.0,6.689363817097427,2012,97.97266401590466
