,voc_bin,U_bin,clock_bin,rtmean,rtcount,rt_squaredmean
0,0.0007894736842105274,0.1,30.0,5.247385225145888,181660,224.78653528569822
1,0.0007894736842105274,0.1,90.0,8.250881482782383,148046,292.00817313537647
2,0.0007894736842105274,0.1,150.0,9.128534718730767,179010,320.2208759287192
3,0.0007894736842105274,0.1,210.0,9.579624672227729,218902,305.9918365295884
4,0.0007894736842105274,0.1,270.0,9.848712129067428,260391,294.79247746657916
5,0.0007894736842105274,0.1,330.0,9.802715733867293,303638,263.95381012916687
6,0.0007894736842105274,0.1,390.0,9.476969083247479,336743,224.6164909144364
7,0.0007894736842105274,0.1,450.0,8.696530527844184,336103,173.19230116958298
8,0.0007894736842105274,0.1,510.0,7.308968934899611,253854,110.88835708714478
9,0.0007894736842105274,0.1,570.0,5.213118941665198,74381,57.51260402522144
10,0.0007894736842105274,0.30000000000000004,30.0,6.291763119041976,54863,210.42686327761896
11,0.0007894736842105274,0.30000000000000004,90.0,10.94948684135087,52323,402.6824149991405
12,0.0007894736842105274,0.30000000000000004,150.0,12.335951108617994,67742,462.7908830563028
13,0.0007894736842105274,0.30000000000000004,210.0,13.083090280132888,88458,482.33118542132974
14,0.0007894736842105274,0.30000000000000004,270.0,13.286697328230895,113932,480.99246919214977
15,0.0007894736842105274,0.30000000000000004,330.0,13.265583495052093,145314,431.4871450789323
16,0.0007894736842105274,0.30000000000000004,390.0,12.769869691171312,187094,377.7760056442212
17,0.0007894736842105274,0.30000000000000004,450.0,11.4280788717196,237246,282.11668057627855
18,0.0007894736842105274,0.30000000000000004,510.0,9.220875750135441,284282,170.6673197740259
19,0.0007894736842105274,0.30000000000000004,570.0,5.786107878613962,188193,63.488105296158636
20,0.0007894736842105274,0.5,30.0,4.667261290019733,127812,153.4458423309238
21,0.0007894736842105274,0.5,90.0,9.117365312268223,111907,334.7990295513219
22,0.0007894736842105274,0.5,150.0,10.884315048684078,134849,407.0708792797865
23,0.0007894736842105274,0.5,210.0,12.196839189830156,170779,468.79705350189425
24,0.0007894736842105274,0.5,270.0,11.463661551577164,253368,423.56665798364463
25,0.0007894736842105274,0.5,330.0,14.360702567514819,261498,535.8704884932214
26,0.0007894736842105274,0.5,390.0,14.575438703370898,361121,509.1274697400585
27,0.0007894736842105274,0.5,450.0,13.924473063706795,556424,425.33074238350724
28,0.0007894736842105274,0.5,510.0,11.751667954411019,1049639,275.4715297354622
29,0.0007894736842105274,0.5,570.0,5.343812703536029,3774209,60.1638568505347
30,0.0007894736842105274,0.7000000000000001,30.0,5.851723595151891,50824,199.29769400283345
31,0.0007894736842105274,0.7000000000000001,90.0,10.554671536806335,55303,348.8332821004292
32,0.0007894736842105274,0.7000000000000001,150.0,12.43139092710619,74684,445.0153178726366
33,0.0007894736842105274,0.7000000000000001,210.0,13.351427609694234,101008,474.1839359258656
34,0.0007894736842105274,0.7000000000000001,270.0,13.817406411706113,133537,489.19498715711825
35,0.0007894736842105274,0.7000000000000001,330.0,14.284297110734515,169351,483.8879959374334
36,0.0007894736842105274,0.7000000000000001,390.0,13.71495147856987,226807,417.4225354596662
37,0.0007894736842105274,0.7000000000000001,450.0,12.519295012095386,303835,324.11719518817785
38,0.0007894736842105274,0.7000000000000001,510.0,10.303090192237516,400234,205.16916853640586
39,0.0007894736842105274,0.7000000000000001,570.0,6.469612598048025,350721,76.81435956215924
40,0.0007894736842105274,0.9,30.0,3.594848953199233,246513,79.72398615894484
41,0.0007894736842105274,0.9,90.0,7.4839481737652624,185929,190.4505214356023
42,0.0007894736842105274,0.9,150.0,8.910028257629063,218702,241.26906475477978
43,0.0007894736842105274,0.9,210.0,9.778315901167215,263880,269.607374564196
44,0.0007894736842105274,0.9,270.0,10.2610046970783,314025,281.60163681235605
45,0.0007894736842105274,0.9,330.0,10.491787077239762,365278,273.26873504563514
46,0.0007894736842105274,0.9,390.0,10.145918918789661,418198,238.04402938321107
47,0.0007894736842105274,0.9,450.0,9.404577459141285,436443,190.19386265789598
48,0.0007894736842105274,0.9,510.0,7.927892521300423,375814,125.63028785516191
49,0.0007894736842105274,0.9,570.0,5.512982359941925,160487,57.86170842498161
50,0.022368421052631583,0.1,30.0,7.743210454000639,34207,297.8765749700369
51,0.022368421052631583,0.1,90.0,12.809655258947892,31879,522.9046394177958
52,0.022368421052631583,0.1,150.0,13.834431290565727,41137,532.650096020616
53,0.022368421052631583,0.1,210.0,14.226253237568667,54439,525.3781112805144
54,0.022368421052631583,0.1,270.0,14.14147303686939,68946,479.391929916166
55,0.022368421052631583,0.1,330.0,13.638851810019238,87651,421.56243511197704
56,0.022368421052631583,0.1,390.0,12.529820311686834,105683,333.89952026342934
57,0.022368421052631583,0.1,450.0,10.992029894428706,114804,242.63350580119143
58,0.022368421052631583,0.1,510.0,8.71167682410701,94512,144.97329439647902
59,0.022368421052631583,0.1,570.0,5.935482747815194,28721,67.64802757564159
60,0.022368421052631583,0.30000000000000004,30.0,7.0774374638817905,12113,304.6814992157176
61,0.022368421052631583,0.30000000000000004,90.0,12.607907742998348,11533,479.99384375270836
62,0.022368421052631583,0.30000000000000004,150.0,14.48010261132667,15203,580.6590146681559
63,0.022368421052631583,0.30000000000000004,210.0,15.34174737275911,19412,575.5673810014449
64,0.022368421052631583,0.30000000000000004,270.0,15.651637886750734,25307,586.5043663808468
65,0.022368421052631583,0.30000000000000004,330.0,15.960887170992084,32598,559.7538806061676
66,0.022368421052631583,0.30000000000000004,390.0,15.199217343288549,41653,476.09178210452797
67,0.022368421052631583,0.30000000000000004,450.0,13.77751680860604,55775,366.52322725235086
68,0.022368421052631583,0.30000000000000004,510.0,10.920199397939747,72418,215.14097323869697
69,0.022368421052631583,0.30000000000000004,570.0,6.542318525808527,58934,75.98230223639986
70,0.022368421052631583,0.5,30.0,6.486940298507491,15544,223.0161477097273
71,0.022368421052631583,0.5,90.0,12.592947903430739,15740,562.6680432020305
72,0.022368421052631583,0.5,150.0,15.006150174407956,21788,643.7610611345663
73,0.022368421052631583,0.5,210.0,16.45222028374868,30379,704.8976595674599
74,0.022368421052631583,0.5,270.0,14.785048024556858,50495,613.8879294979681
75,0.022368421052631583,0.5,330.0,18.68668455975545,53652,763.8599493029175
76,0.022368421052631583,0.5,390.0,18.445192141783075,81138,701.7248884616305
77,0.022368421052631583,0.5,450.0,16.807839896097814,135512,551.2885058149828
78,0.022368421052631583,0.5,510.0,13.422934322991852,276459,325.3449046694094
79,0.022368421052631583,0.5,570.0,6.125114773839111,797220,72.6912521010509
80,0.022368421052631583,0.7000000000000001,30.0,6.072666105971405,11890,209.7999999999997
81,0.022368421052631583,0.7000000000000001,90.0,11.488247948370649,12551,394.37853557485533
82,0.022368421052631583,0.7000000000000001,150.0,13.702844848195047,16732,459.7204159693993
83,0.022368421052631583,0.7000000000000001,210.0,14.982592048439544,22461,536.8232046658653
84,0.022368421052631583,0.7000000000000001,270.0,15.682273549464254,28748,543.7441909002343
85,0.022368421052631583,0.7000000000000001,330.0,15.991359848379354,35879,535.6563449371503
86,0.022368421052631583,0.7000000000000001,390.0,15.240000000000006,46450,463.81063509149635
87,0.022368421052631583,0.7000000000000001,450.0,13.870530441778081,58423,361.80151652602535
88,0.022368421052631583,0.7000000000000001,510.0,11.21220701822013,67453,223.84100040027872
89,0.022368421052631583,0.7000000000000001,570.0,6.953710796944984,43077,83.07526057989182
90,0.022368421052631583,0.9,30.0,5.245447867939847,25867,141.05508949626918
91,0.022368421052631583,0.9,90.0,10.567855992268012,24832,298.9700789304117
92,0.022368421052631583,0.9,150.0,12.58987554973334,32061,384.92667103334367
93,0.022368421052631583,0.9,210.0,13.660037675560945,41937,444.46715311061706
94,0.022368421052631583,0.9,270.0,14.122859809168343,52507,436.09052126383165
95,0.022368421052631583,0.9,330.0,13.933682694370408,65262,404.81977260886833
96,0.022368421052631583,0.9,390.0,13.087837066176043,78805,339.23320855275745
97,0.022368421052631583,0.9,450.0,11.388025609967158,86685,244.0653746322898
98,0.022368421052631583,0.9,510.0,9.188958009331287,73302,153.62108810127992
99,0.022368421052631583,0.9,570.0,6.0253543372542575,24059,66.04912922399093
100,0.04394736842105264,0.1,30.0,7.820162132590654,20107,329.58223504252226
101,0.04394736842105264,0.1,90.0,13.118823987106065,17993,525.8406602567657
102,0.04394736842105264,0.1,150.0,14.252520008652366,23115,579.3518927103587
103,0.04394736842105264,0.1,210.0,14.837504182000647,29890,566.2553027768506
104,0.04394736842105264,0.1,270.0,15.22861532755834,37749,562.1873162202965
105,0.04394736842105264,0.1,330.0,14.466393022062585,46776,466.13524029416766
106,0.04394736842105264,0.1,390.0,13.687080596171517,56628,399.07360316451224
107,0.04394736842105264,0.1,450.0,11.707966321243507,61760,276.5256476683935
108,0.04394736842105264,0.1,510.0,9.221116212554524,53144,161.6618056600928
109,0.04394736842105264,0.1,570.0,6.014409389344041,17211,71.88077392365363
110,0.04394736842105264,0.30000000000000004,30.0,7.55947451092389,7003,298.3491360845374
111,0.04394736842105264,0.30000000000000004,90.0,14.146297825488507,7266,611.459262317642
112,0.04394736842105264,0.30000000000000004,150.0,16.179790296052456,9728,673.0626027960519
113,0.04394736842105264,0.30000000000000004,210.0,16.826302540239542,13109,679.5390952780535
114,0.04394736842105264,0.30000000000000004,270.0,17.276450707452565,17457,687.2766798418947
115,0.04394736842105264,0.30000000000000004,330.0,17.414269984584905,22705,656.3333626954409
116,0.04394736842105264,0.30000000000000004,390.0,16.399890202157263,30966,543.7282503390805
117,0.04394736842105264,0.30000000000000004,450.0,14.61144976242897,43145,405.7463669023056
118,0.04394736842105264,0.30000000000000004,510.0,11.329657808007873,57044,231.7774875534676
119,0.04394736842105264,0.30000000000000004,570.0,6.702675518004417,49710,80.05520016093375
120,0.04394736842105264,0.5,30.0,7.761110332258528,7133,352.94266087200333
121,0.04394736842105264,0.5,90.0,14.446965052115244,8155,601.6285714285734
122,0.04394736842105264,0.5,150.0,16.909238804692265,11679,761.5113451494126
123,0.04394736842105264,0.5,210.0,18.211531574549394,16754,816.0132505670291
124,0.04394736842105264,0.5,270.0,17.341449342257203,25998,746.8238710670089
125,0.04394736842105264,0.5,330.0,19.86029270786726,31294,821.3803284974749
126,0.04394736842105264,0.5,390.0,19.101213540557804,46970,727.5733872684704
127,0.04394736842105264,0.5,450.0,16.916820315667042,76473,543.417807592223
128,0.04394736842105264,0.5,510.0,13.327043756366082,140391,314.80363413609064
129,0.04394736842105264,0.5,570.0,6.537183801174771,271032,79.83739927388626
130,0.04394736842105264,0.7000000000000001,30.0,6.521762137848885,7559,179.63275565551
131,0.04394736842105264,0.7000000000000001,90.0,12.163015003572285,8398,387.36973088830575
132,0.04394736842105264,0.7000000000000001,150.0,14.808745111980079,11252,543.5531461073571
133,0.04394736842105264,0.7000000000000001,210.0,16.141709276844438,15059,603.5837705026881
134,0.04394736842105264,0.7000000000000001,270.0,16.72837947060022,19796,620.9731763992736
135,0.04394736842105264,0.7000000000000001,330.0,16.630204210859564,25268,561.499445939528
136,0.04394736842105264,0.7000000000000001,390.0,15.854749969433891,32716,496.6229367893382
137,0.04394736842105264,0.7000000000000001,450.0,14.08392092827629,40419,370.17788663747297
138,0.04394736842105264,0.7000000000000001,510.0,11.1447794779478,44440,217.416966696671
139,0.04394736842105264,0.7000000000000001,570.0,7.097001400444824,24278,85.30690336930547
140,0.04394736842105264,0.9,30.0,4.655043094940455,15199,90.31541548786075
141,0.04394736842105264,0.9,90.0,10.144314086343075,13041,295.9029215550947
142,0.04394736842105264,0.9,150.0,12.076647384305808,15904,371.02860915492926
143,0.04394736842105264,0.9,210.0,13.277989758007806,19918,427.4465809820263
144,0.04394736842105264,0.9,270.0,13.918776194467672,23860,426.77627829002415
145,0.04394736842105264,0.9,330.0,13.737773297646795,28769,405.70030240884256
146,0.04394736842105264,0.9,390.0,12.882414338114696,33533,339.98049682402507
147,0.04394736842105264,0.9,450.0,11.435400591750339,34474,259.13221558275626
148,0.04394736842105264,0.9,510.0,9.204509322156374,27676,153.1378089319263
149,0.04394736842105264,0.9,570.0,6.127821280515867,8684,73.90211883924484
150,0.0655263157894737,0.1,30.0,8.537112278267754,10091,315.53740957288693
151,0.0655263157894737,0.1,90.0,14.408183199478998,9214,619.2490774907757
152,0.0655263157894737,0.1,150.0,15.820533880903554,12175,688.6494455852142
153,0.0655263157894737,0.1,210.0,16.200025660764716,15588,653.5537593020264
154,0.0655263157894737,0.1,270.0,16.079627766599586,19880,612.4473340040254
155,0.0655263157894737,0.1,330.0,15.443914839529661,25176,527.0909596441052
156,0.0655263157894737,0.1,390.0,14.32943909724526,30130,437.16103551277797
157,0.0655263157894737,0.1,450.0,12.37179449433236,33965,301.48046518474877
158,0.0655263157894737,0.1,510.0,9.707140694897518,29731,178.2691803168407
159,0.0655263157894737,0.1,570.0,6.195951979363034,10079,69.70919734100606
160,0.0655263157894737,0.30000000000000004,30.0,8.604768153980736,4572,385.05183727033943
161,0.0655263157894737,0.30000000000000004,90.0,15.11220225658164,4786,653.1259924780604
162,0.0655263157894737,0.30000000000000004,150.0,17.048776758409705,6540,758.566819571865
163,0.0655263157894737,0.30000000000000004,210.0,18.027313449142376,9153,764.547143013216
164,0.0655263157894737,0.30000000000000004,270.0,18.229126370083865,12408,757.6338652482243
165,0.0655263157894737,0.30000000000000004,330.0,18.452343177934985,16388,701.9429460580908
166,0.0655263157894737,0.30000000000000004,390.0,17.28087658185985,22679,597.0549406940331
167,0.0655263157894737,0.30000000000000004,450.0,15.004496713939856,31801,423.1724159617626
168,0.0655263157894737,0.30000000000000004,510.0,11.915041522814166,42868,251.80913501912806
169,0.0655263157894737,0.30000000000000004,570.0,6.78842026324634,38671,82.43094308396483
170,0.0655263157894737,0.5,30.0,8.5361639101456,4051,405.46976055294846
171,0.0655263157894737,0.5,90.0,15.063186244043916,4827,584.8999378495956
172,0.0655263157894737,0.5,150.0,18.097866287339897,7030,858.4170697012773
173,0.0655263157894737,0.5,210.0,18.82785033879997,10183,792.831189236961
174,0.0655263157894737,0.5,270.0,18.37536892943389,14908,773.4409712905815
175,0.0655263157894737,0.5,330.0,20.08118488898256,19006,830.4079238135333
176,0.0655263157894737,0.5,390.0,19.169215449178402,28118,716.3404936339751
177,0.0655263157894737,0.5,450.0,16.978757104257877,42932,537.6398956489322
178,0.0655263157894737,0.5,510.0,13.307302416354219,71223,312.0897182090037
179,0.0655263157894737,0.5,570.0,7.046922146978158,101743,89.99389638599203
180,0.0655263157894737,0.7000000000000001,30.0,7.254637436762203,4744,261.59738617200577
181,0.0655263157894737,0.7000000000000001,90.0,13.185315331977007,5407,491.16201220639823
182,0.0655263157894737,0.7000000000000001,150.0,15.056032171581723,7460,514.4721179624652
183,0.0655263157894737,0.7000000000000001,210.0,16.673124689518072,10065,670.5062096373578
184,0.0655263157894737,0.7000000000000001,270.0,17.435317798250374,12917,663.6167840829911
185,0.0655263157894737,0.7000000000000001,330.0,17.353201820940843,16475,636.8288922610038
186,0.0655263157894737,0.7000000000000001,390.0,16.046358885852626,20859,500.26736660434415
187,0.0655263157894737,0.7000000000000001,450.0,14.211470210677366,26486,372.20097409952245
188,0.0655263157894737,0.7000000000000001,510.0,11.202511268512598,27954,222.0683623095084
189,0.0655263157894737,0.7000000000000001,570.0,7.118685419058573,13936,85.357634902411
190,0.0655263157894737,0.9,30.0,5.3364578194375865,6081,106.70596941292548
191,0.0655263157894737,0.9,90.0,10.511595466434173,5735,295.2746294681774
192,0.0655263157894737,0.9,150.0,12.721506300114527,6984,413.45747422680364
193,0.0655263157894737,0.9,210.0,13.525813054355257,8794,436.598817375482
194,0.0655263157894737,0.9,270.0,13.97726624179587,10513,437.4731285075624
195,0.0655263157894737,0.9,330.0,13.549087961086409,12335,407.9580056749077
196,0.0655263157894737,0.9,390.0,12.808010641442493,13532,342.1356783919595
197,0.0655263157894737,0.9,450.0,11.222427557658161,13528,243.09735363690163
198,0.0655263157894737,0.9,510.0,9.02829464799534,10426,149.72961826203723
199,0.0655263157894737,0.9,570.0,6.114658427737745,2913,63.453484380364
200,0.08710526315789476,0.1,30.0,8.474467744517346,6247,316.393789018728
201,0.08710526315789476,0.1,90.0,14.255747126436765,5568,614.896192528736
202,0.08710526315789476,0.1,150.0,16.22869830696646,7206,716.3419372744941
203,0.08710526315789476,0.1,210.0,16.30778327241457,9302,679.2161900666518
204,0.08710526315789476,0.1,270.0,16.55013831258635,11568,665.8011756569836
205,0.08710526315789476,0.1,330.0,15.781913388055486,14132,551.7391735069369
206,0.08710526315789476,0.1,390.0,14.606131386861241,17125,449.871065693429
207,0.08710526315789476,0.1,450.0,12.89456516020411,19007,337.4135318566844
208,0.08710526315789476,0.1,510.0,10.12520515826492,17060,193.97127784290672
209,0.08710526315789476,0.1,570.0,6.547782126549239,6132,77.45678408349653
210,0.08710526315789476,0.30000000000000004,30.0,8.881909547738687,3184,382.9956030150747
211,0.08710526315789476,0.30000000000000004,90.0,16.0402380277699,3529,763.0943610087817
212,0.08710526315789476,0.30000000000000004,150.0,17.96813322368418,4864,807.4516858552644
213,0.08710526315789476,0.30000000000000004,210.0,18.759114191021467,6638,794.0956613437785
214,0.08710526315789476,0.30000000000000004,270.0,18.96328671328677,9152,805.7353583916098
215,0.08710526315789476,0.30000000000000004,330.0,18.858655244868306,12374,729.0484079521544
216,0.08710526315789476,0.30000000000000004,390.0,17.982063043989598,17004,646.8643260409336
217,0.08710526315789476,0.30000000000000004,450.0,15.921853124602267,23571,481.3038903737638
218,0.08710526315789476,0.30000000000000004,510.0,12.318258729426262,32505,270.78483310259924
219,0.08710526315789476,0.30000000000000004,570.0,6.873857780831331,29110,83.98461009962197
220,0.08710526315789476,0.5,30.0,8.641176470588256,2720,329.94191176470446
221,0.08710526315789476,0.5,90.0,16.289179104477604,3216,841.7717661691523
222,0.08710526315789476,0.5,150.0,18.472413793103396,4640,819.0168103448267
223,0.08710526315789476,0.5,210.0,19.434913017396475,6668,893.4247150569879
224,0.08710526315789476,0.5,270.0,19.493650624266277,9371,855.9966919218867
225,0.08710526315789476,0.5,330.0,20.55443531305601,11803,856.0874353977758
226,0.08710526315789476,0.5,390.0,19.192096913758352,17335,720.2056533025692
227,0.08710526315789476,0.5,450.0,16.917733798991097,25770,526.2134264648802
228,0.08710526315789476,0.5,510.0,13.193279440460177,39461,307.43554395479026
229,0.08710526315789476,0.5,570.0,7.174798731397892,49188,93.23282101325547
230,0.08710526315789476,0.7000000000000001,30.0,7.418086094766168,3229,282.4375967791886
231,0.08710526315789476,0.7000000000000001,90.0,13.754904669798316,3619,499.8991434097808
232,0.08710526315789476,0.7000000000000001,150.0,16.338014042126517,4985,646.887662988967
233,0.08710526315789476,0.7000000000000001,210.0,16.923525890451923,6682,647.557767135591
234,0.08710526315789476,0.7000000000000001,270.0,17.530449094756626,8506,670.7239595579609
235,0.08710526315789476,0.7000000000000001,330.0,17.565452847805823,10710,620.351820728293
236,0.08710526315789476,0.7000000000000001,390.0,16.281997238171435,13759,523.045279453448
237,0.08710526315789476,0.7000000000000001,450.0,14.384175064098715,16771,382.11740504442076
238,0.08710526315789476,0.7000000000000001,510.0,11.202682057375664,17673,221.72019464720157
239,0.08710526315789476,0.7000000000000001,570.0,7.030039234919071,8156,81.71861206473757
240,0.08710526315789476,0.9,30.0,4.710184182015174,3692,75.71830985915501
241,0.08710526315789476,0.9,90.0,9.782000608087573,3289,240.09212526603847
242,0.08710526315789476,0.9,150.0,11.64649350649353,3850,345.0361038961037
243,0.08710526315789476,0.9,210.0,12.715056179775289,4450,400.47999999999934
244,0.08710526315789476,0.9,270.0,13.094231867504284,5253,427.01808490386384
245,0.08710526315789476,0.9,330.0,12.709392838609203,5781,372.4589171423645
246,0.08710526315789476,0.9,390.0,11.735105701473413,6244,286.05124919923225
247,0.08710526315789476,0.9,450.0,10.263553408480924,5589,211.0819466809802
248,0.08710526315789476,0.9,510.0,8.387140531741743,3686,129.1294085729785
249,0.08710526315789476,0.9,570.0,5.691521961184878,979,54.51481103166499
250,0.1086842105263158,0.1,30.0,8.784859521331928,3844,356.6948491155052
251,0.1086842105263158,0.1,90.0,14.797267150027906,3586,633.3416062465134
252,0.1086842105263158,0.1,150.0,16.16106804478902,4644,706.8204134366939
253,0.1086842105263158,0.1,210.0,17.07492897727267,5632,797.5365767045462
254,0.1086842105263158,0.1,270.0,17.085215899342266,6994,700.5067200457535
255,0.1086842105263158,0.1,330.0,16.824694234129282,8585,638.012114152589
256,0.1086842105263158,0.1,390.0,15.313508260447064,10290,490.29679300291275
257,0.1086842105263158,0.1,450.0,13.486701897253695,11543,361.3808368708305
258,0.1086842105263158,0.1,510.0,10.579790682597014,10797,208.31379086783335
259,0.1086842105263158,0.1,570.0,6.7104570471404585,4179,81.4178033022256
260,0.1086842105263158,0.30000000000000004,30.0,9.544147023571712,2503,334.27846584099075
261,0.1086842105263158,0.30000000000000004,90.0,16.433589462129508,2733,769.1331869740206
262,0.1086842105263158,0.30000000000000004,150.0,18.402857928002142,3639,794.3742786479812
263,0.1086842105263158,0.30000000000000004,210.0,19.448662470495638,5084,853.6264752163645
264,0.1086842105263158,0.30000000000000004,270.0,19.373497383679787,7071,851.1984160656178
265,0.1086842105263158,0.30000000000000004,330.0,19.830403749866907,9387,809.749440715885
266,0.1086842105263158,0.30000000000000004,390.0,18.502167518191598,12918,682.5396346183607
267,0.1086842105263158,0.30000000000000004,450.0,16.10578875171466,18225,487.0109190672164
268,0.1086842105263158,0.30000000000000004,510.0,12.598743949757896,24999,283.298051922077
269,0.1086842105263158,0.30000000000000004,570.0,6.956825015033061,24945,86.73633994788543
270,0.1086842105263158,0.5,30.0,9.086905460951268,1703,313.7657075748679
271,0.1086842105263158,0.5,90.0,15.898985016916345,2069,662.2566457225704
272,0.1086842105263158,0.5,150.0,17.983828382838333,3030,790.4122112211193
273,0.1086842105263158,0.5,210.0,19.26994301994302,4212,797.2229344729343
274,0.1086842105263158,0.5,270.0,20.038045316198875,5914,895.9629692255667
275,0.1086842105263158,0.5,330.0,21.019250780436955,7688,894.3165972944797
276,0.1086842105263158,0.5,390.0,19.09505669737782,11288,721.5489900779592
277,0.1086842105263158,0.5,450.0,16.752202920443068,15888,518.278386203424
278,0.1086842105263158,0.5,510.0,13.220822543124319,22783,307.40762849493234
279,0.1086842105263158,0.5,570.0,7.4809222423146355,22120,97.54249547920395
280,0.1086842105263158,0.7000000000000001,30.0,7.1104323308270585,2128,162.11795112781934
281,0.1086842105263158,0.7000000000000001,90.0,14.852292020373541,2356,648.0076400679108
282,0.1086842105263158,0.7000000000000001,150.0,16.05707978555665,3171,591.6092715231783
283,0.1086842105263158,0.7000000000000001,210.0,18.05774714828901,4208,763.9541349809919
284,0.1086842105263158,0.7000000000000001,270.0,17.9784828592268,5484,712.277534646242
285,0.1086842105263158,0.7000000000000001,330.0,17.783599088838322,7024,645.9390660592267
286,0.1086842105263158,0.7000000000000001,390.0,16.603657168499044,8914,538.2704734126083
287,0.1086842105263158,0.7000000000000001,450.0,14.389246323529395,10880,381.8557904411758
288,0.1086842105263158,0.7000000000000001,510.0,11.433705638623694,11102,228.48072419383837
289,0.1086842105263158,0.7000000000000001,570.0,7.073458341387986,5173,84.02261743669054
290,0.1086842105263158,0.9,30.0,4.348819497334352,2626,65.23990860624522
291,0.1086842105263158,0.9,90.0,9.774588235294143,2125,280.29035294117614
292,0.1086842105263158,0.9,150.0,10.986693548387104,2480,331.1697580645157
293,0.1086842105263158,0.9,210.0,11.48032407407412,2592,326.17245370370415
294,0.1086842105263158,0.9,270.0,11.80083565459614,2872,352.2263231197772
295,0.1086842105263158,0.9,330.0,11.30614234644136,3077,298.8394540136487
296,0.1086842105263158,0.9,390.0,10.836092715231782,3020,247.74006622516555
297,0.1086842105263158,0.9,450.0,9.63129357087531,2582,196.76219984508145
298,0.1086842105263158,0.9,510.0,7.721579305650096,1469,122.32607215793067
299,0.1086842105263158,0.9,570.0,5.361194029850748,335,46.97910447761195
300,0.13026315789473686,0.1,30.0,8.621402214022103,2710,432.9623616236166
301,0.13026315789473686,0.1,90.0,14.759948652118075,2337,604.6683782627283
302,0.13026315789473686,0.1,150.0,16.7690468056029,2927,788.6508370345061
303,0.13026315789473686,0.1,210.0,17.32005208333331,3840,735.9132812499982
304,0.13026315789473686,0.1,270.0,17.03176647349213,4659,691.8220648207749
305,0.13026315789473686,0.1,330.0,17.46033440056911,5622,697.0583422269661
306,0.13026315789473686,0.1,390.0,16.21711960470861,6881,542.2281645109704
307,0.13026315789473686,0.1,450.0,14.251066029202724,7739,390.22444760304955
308,0.13026315789473686,0.1,510.0,10.720580474934009,7580,213.33957783641083
309,0.13026315789473686,0.1,570.0,6.8642313546423415,3285,85.78843226788426
310,0.13026315789473686,0.30000000000000004,30.0,8.837435897435908,1950,278.7482051282052
311,0.13026315789473686,0.30000000000000004,90.0,16.603818615751795,2095,740.5637231503564
312,0.13026315789473686,0.30000000000000004,150.0,19.61159811193529,2966,1024.491571139581
313,0.13026315789473686,0.30000000000000004,210.0,19.891053576006204,3901,901.6408613176109
314,0.13026315789473686,0.30000000000000004,270.0,19.59173553719005,5445,862.3010101010117
315,0.13026315789473686,0.30000000000000004,330.0,20.554080768144537,7082,876.9915278169998
316,0.13026315789473686,0.30000000000000004,390.0,18.983833718244824,9959,704.8940656692458
317,0.13026315789473686,0.30000000000000004,450.0,16.240340868058073,13847,496.92698779518895
318,0.13026315789473686,0.30000000000000004,510.0,12.848223164285331,19107,296.8829748259784
319,0.13026315789473686,0.30000000000000004,570.0,7.177199310020394,19131,93.5172756259471
320,0.13026315789473686,0.5,30.0,9.7858842188739,1261,309.0991276764468
321,0.13026315789473686,0.5,90.0,16.29986962190359,1534,591.093872229465
322,0.13026315789473686,0.5,150.0,18.179754879709485,2203,761.9745801180231
323,0.13026315789473686,0.5,210.0,19.803045027534772,3087,851.6158082280552
324,0.13026315789473686,0.5,270.0,20.72544697526337,4083,971.7173646828294
325,0.13026315789473686,0.5,330.0,20.533011869436272,5392,839.61387240356
326,0.13026315789473686,0.5,390.0,19.09016931355826,7619,710.188476177976
327,0.13026315789473686,0.5,450.0,16.792891450528366,10410,523.4040345821334
328,0.13026315789473686,0.5,510.0,12.932063855680479,13969,293.2692390292788
329,0.13026315789473686,0.5,570.0,7.511117040199198,11244,97.81385627890428
330,0.13026315789473686,0.7000000000000001,30.0,7.559430604982211,1405,211.30462633451924
331,0.13026315789473686,0.7000000000000001,90.0,14.583333333333318,1512,544.3531746031736
332,0.13026315789473686,0.7000000000000001,150.0,16.482347546996763,2181,663.3975240715268
333,0.13026315789473686,0.7000000000000001,210.0,17.943621250451734,2767,742.5449945789651
334,0.13026315789473686,0.7000000000000001,270.0,18.01472593400605,3667,695.614398691026
335,0.13026315789473686,0.7000000000000001,330.0,18.123337623337616,4662,686.0135135135131
336,0.13026315789473686,0.7000000000000001,390.0,16.732608320386657,5793,547.022958743312
337,0.13026315789473686,0.7000000000000001,450.0,14.516615038017443,7102,389.3189242466898
338,0.13026315789473686,0.7000000000000001,510.0,11.317673378076073,7152,226.42785234899316
339,0.13026315789473686,0.7000000000000001,570.0,7.39377182770662,3436,91.53288707799764
340,0.13026315789473686,0.9,30.0,3.8514013749338942,1891,57.64410364886296
341,0.13026315789473686,0.9,90.0,8.503050847457654,1475,218.45830508474577
342,0.13026315789473686,0.9,150.0,10.329180327868837,1525,284.281967213113
343,0.13026315789473686,0.9,210.0,10.685926773455387,1748,311.04405034324935
344,0.13026315789473686,0.9,270.0,11.012493210211849,1841,298.5681694731127
345,0.13026315789473686,0.9,330.0,10.63897937024973,1842,260.54451682953294
346,0.13026315789473686,0.9,390.0,9.970553592461723,1698,208.44169611307365
347,0.13026315789473686,0.9,450.0,9.142969984202212,1266,165.6500789889418
348,0.13026315789473686,0.9,510.0,7.711711711711701,666,123.22222222222234
349,0.13026315789473686,0.9,570.0,5.571428571428572,119,54.14285714285714
350,0.1518421052631579,0.1,30.0,8.496566296883275,1893,353.0829371368195
351,0.1518421052631579,0.1,90.0,15.646800501882067,1594,828.9190715181921
352,0.1518421052631579,0.1,150.0,17.944638403990037,2005,893.779052369076
353,0.1518421052631579,0.1,210.0,18.572025845686092,2631,917.6841505131131
354,0.1518421052631579,0.1,270.0,19.197152584339182,3231,869.9721448467956
355,0.1518421052631579,0.1,330.0,18.116225839267575,3932,707.8573245167851
356,0.1518421052631579,0.1,390.0,17.331566068515436,4904,605.8005709624766
357,0.1518421052631579,0.1,450.0,14.417969451931725,5565,403.96262353997935
358,0.1518421052631579,0.1,510.0,11.39949579831932,5950,236.44084033613427
359,0.1518421052631579,0.1,570.0,6.757172848145563,2858,82.36039188243534
360,0.1518421052631579,0.30000000000000004,30.0,10.866433566433559,1430,805.0818181818188
361,0.1518421052631579,0.30000000000000004,90.0,17.244946492271108,1682,711.538644470868
362,0.1518421052631579,0.30000000000000004,150.0,19.115736505031986,2186,901.4176578225063
363,0.1518421052631579,0.30000000000000004,210.0,20.14123006833711,3073,900.7868532378781
364,0.1518421052631579,0.30000000000000004,270.0,20.098901098901088,4186,877.2866698518859
365,0.1518421052631579,0.30000000000000004,330.0,20.90978956999078,5465,878.3432753888361
366,0.1518421052631579,0.30000000000000004,390.0,19.132561467412557,7687,697.9120593209318
367,0.1518421052631579,0.30000000000000004,450.0,16.541444866920234,10520,515.325095057034
368,0.1518421052631579,0.30000000000000004,510.0,12.997055601205139,14604,301.9370720350579
369,0.1518421052631579,0.30000000000000004,570.0,7.331394909750023,13241,93.74224001208387
370,0.1518421052631579,0.5,30.0,8.989785495403478,979,287.58426966292126
371,0.1518421052631579,0.5,90.0,16.10135135135137,1184,835.5270270270254
372,0.1518421052631579,0.5,150.0,18.640320733104218,1746,795.990836197019
373,0.1518421052631579,0.5,210.0,20.36419482229049,2279,921.0136024572162
374,0.1518421052631579,0.5,270.0,20.582176299644857,3097,893.2144010332586
375,0.1518421052631579,0.5,330.0,20.23094170403586,4014,773.9813153961123
376,0.1518421052631579,0.5,390.0,18.37791741472168,5570,648.5035906642713
377,0.1518421052631579,0.5,450.0,16.618541442411217,7432,516.2775834230372
378,0.1518421052631579,0.5,510.0,12.689681668496155,9110,281.52568605927564
379,0.1518421052631579,0.5,570.0,7.690996111277299,6686,102.82321268321844
380,0.1518421052631579,0.7000000000000001,30.0,7.417171717171725,990,190.75858585858637
381,0.1518421052631579,0.7000000000000001,90.0,14.313725490196058,1071,517.3725490196075
382,0.1518421052631579,0.7000000000000001,150.0,16.509845288326307,1422,654.4338959212371
383,0.1518421052631579,0.7000000000000001,210.0,18.777260981912153,1935,848.4196382428943
384,0.1518421052631579,0.7000000000000001,270.0,19.263768115942078,2415,799.8136645962717
385,0.1518421052631579,0.7000000000000001,330.0,18.52646963299773,3079,682.9012666450142
386,0.1518421052631579,0.7000000000000001,390.0,17.022918258212393,3927,572.6765979118906
387,0.1518421052631579,0.7000000000000001,450.0,14.663760102084224,4702,393.65440238196544
388,0.1518421052631579,0.7000000000000001,510.0,11.533992843611829,4751,233.64765312565748
389,0.1518421052631579,0.7000000000000001,570.0,7.005213270142172,2110,181.23270142180095
390,0.1518421052631579,0.9,30.0,4.318910256410252,1248,67.5448717948716
391,0.1518421052631579,0.9,90.0,7.679284963196633,951,150.22818086224987
392,0.1518421052631579,0.9,150.0,10.752819548872171,1064,318.37124060150364
393,0.1518421052631579,0.9,210.0,10.850943396226421,1060,320.42641509433963
394,0.1518421052631579,0.9,270.0,10.699300699300688,1144,286.6031468531474
395,0.1518421052631579,0.9,330.0,10.086753731343284,1072,241.47854477611935
396,0.1518421052631579,0.9,390.0,9.638055842812813,967,211.04653567735267
397,0.1518421052631579,0.9,450.0,7.928679817905918,659,140.5720789074357
398,0.1518421052631579,0.9,510.0,7.712707182320446,362,110.86187845303866
399,0.1518421052631579,0.9,570.0,5.6027397260273935,73,52.64383561643833
400,0.17342105263157898,0.1,30.0,9.248567335243553,1396,497.94197707736384
401,0.17342105263157898,0.1,90.0,15.395566922421155,1173,653.2267689684561
402,0.17342105263157898,0.1,150.0,17.919418758256253,1514,855.0594451783362
403,0.17342105263157898,0.1,210.0,18.44618599791016,1914,819.7575757575734
404,0.17342105263157898,0.1,270.0,19.94120100083407,2398,970.2981651376165
405,0.17342105263157898,0.1,330.0,19.48265609514368,3027,859.7376940865553
406,0.17342105263157898,0.1,390.0,17.444203095302814,3683,602.8148248710309
407,0.17342105263157898,0.1,450.0,15.46828955797565,4683,459.45547725816726
408,0.17342105263157898,0.1,510.0,11.657062260729349,4963,245.7320169252472
409,0.17342105263157898,0.1,570.0,7.281713344316319,2428,91.6425041186162
410,0.17342105263157898,0.30000000000000004,30.0,10.570312499999986,1152,599.8880208333335
411,0.17342105263157898,0.30000000000000004,90.0,16.843532145623577,1291,792.4686289697898
412,0.17342105263157898,0.30000000000000004,150.0,20.07075208913652,1795,1116.476323119777
413,0.17342105263157898,0.30000000000000004,210.0,21.11684673869544,2499,1118.8663465386153
414,0.17342105263157898,0.30000000000000004,270.0,20.611161116111607,3333,939.727272727273
415,0.17342105263157898,0.30000000000000004,330.0,20.8563353744701,4246,857.3848327837951
416,0.17342105263157898,0.30000000000000004,390.0,19.442101740294536,5976,726.654953145918
417,0.17342105263157898,0.30000000000000004,450.0,16.792579293836116,8355,529.9751047277109
418,0.17342105263157898,0.30000000000000004,510.0,13.008515167642374,11274,300.91875110874565
419,0.17342105263157898,0.30000000000000004,570.0,7.417341395920866,9757,98.04068873629218
420,0.17342105263157898,0.5,30.0,8.995386389850053,867,264.1141868512109
421,0.17342105263157898,0.5,90.0,16.40953307392998,1028,796.1293774319073
422,0.17342105263157898,0.5,150.0,19.387464387464355,1404,948.0683760683756
423,0.17342105263157898,0.5,210.0,19.587774294670837,1914,883.8155694879832
424,0.17342105263157898,0.5,270.0,19.689711934156403,2430,821.9621399176965
425,0.17342105263157898,0.5,330.0,20.061919504644035,3230,834.7263157894736
426,0.17342105263157898,0.5,390.0,18.19569377990433,4180,627.8727272727263
427,0.17342105263157898,0.5,450.0,15.871451817031264,5531,477.04917736394907
428,0.17342105263157898,0.5,510.0,12.296405788081518,6427,264.9265598257359
429,0.17342105263157898,0.5,570.0,7.464969758064489,3968,94.90146169354821
430,0.17342105263157898,0.7000000000000001,30.0,6.23542600896862,892,160.7174887892379
431,0.17342105263157898,0.7000000000000001,90.0,13.088000000000013,875,398.4822857142855
432,0.17342105263157898,0.7000000000000001,150.0,16.051694915254206,1180,585.0533898305086
433,0.17342105263157898,0.7000000000000001,210.0,18.252303330970946,1411,757.3876683203407
434,0.17342105263157898,0.7000000000000001,270.0,18.92960893854751,1790,770.5206703910598
435,0.17342105263157898,0.7000000000000001,330.0,17.746726862302495,2215,629.8659142212189
436,0.17342105263157898,0.7000000000000001,390.0,17.269073315965713,2687,609.6218831410469
437,0.17342105263157898,0.7000000000000001,450.0,14.333659172368856,3069,371.27533398501157
438,0.17342105263157898,0.7000000000000001,510.0,11.462939698492468,3184,233.9371859296481
439,0.17342105263157898,0.7000000000000001,570.0,7.196065989847712,1576,88.19479695431473
440,0.17342105263157898,0.9,30.0,3.8036649214659675,764,53.96596858638752
441,0.17342105263157898,0.9,90.0,8.229202037351442,589,290.82682512733413
442,0.17342105263157898,0.9,150.0,8.528205128205137,585,210.2170940170941
443,0.17342105263157898,0.9,210.0,8.615658362989315,562,193.85765124555172
444,0.17342105263157898,0.9,270.0,8.742286751361167,551,200.64791288566218
445,0.17342105263157898,0.9,330.0,7.997872340425536,470,157.036170212766
446,0.17342105263157898,0.9,390.0,8.37708830548927,419,199.68973747016713
447,0.17342105263157898,0.9,450.0,7.604255319148934,235,111.47659574468089
448,0.17342105263157898,0.9,510.0,5.4421052631578934,95,56.936842105263175
449,0.17342105263157898,0.9,570.0,6.625,16,73.74999999999999
450,0.195,0.1,30.0,9.505060728744924,988,382.6224696356277
451,0.195,0.1,90.0,17.299441340782092,895,1001.569832402235
452,0.195,0.1,150.0,19.04986642920751,1123,933.6215494211915
453,0.195,0.1,210.0,20.28176011355574,1409,963.8630234208642
454,0.195,0.1,270.0,19.698822209758763,1783,907.4901850813219
455,0.195,0.1,330.0,19.914386584289502,2266,865.3309796999097
456,0.195,0.1,390.0,18.474957410562258,2935,655.5216354344121
457,0.195,0.1,450.0,15.540438193129578,3697,459.2704895861499
458,0.195,0.1,510.0,12.08598802395207,4175,260.94538922155766
459,0.195,0.1,570.0,6.640845070422534,2272,77.00704225352088
460,0.195,0.30000000000000004,30.0,9.462039045553144,922,422.4511930585678
461,0.195,0.30000000000000004,90.0,19.293577981651435,1090,1077.3908256880725
462,0.195,0.30000000000000004,150.0,18.891117478510086,1396,816.8653295128933
463,0.195,0.30000000000000004,210.0,21.126494023904435,2008,1001.330677290837
464,0.195,0.30000000000000004,270.0,21.06541019955644,2706,1017.9737620103433
465,0.195,0.30000000000000004,330.0,21.188536514402074,3437,913.6959557753853
466,0.195,0.30000000000000004,390.0,19.484901151423003,4603,736.2878557462551
467,0.195,0.30000000000000004,450.0,17.094198378041092,6412,533.0907673112907
468,0.195,0.30000000000000004,510.0,13.08908943653823,8643,306.6649311581632
469,0.195,0.30000000000000004,570.0,7.345623987034038,7404,94.24270664505657
470,0.195,0.5,30.0,8.477150537634413,744,216.125
471,0.195,0.5,90.0,16.864426419466984,863,685.2699884125138
472,0.195,0.5,150.0,18.350000000000023,1240,797.241935483872
473,0.195,0.5,210.0,19.820332480818475,1564,861.4328644501275
474,0.195,0.5,270.0,20.149283242708837,2023,868.1196243203169
475,0.195,0.5,330.0,20.256003098373366,2582,817.6657629744376
476,0.195,0.5,390.0,17.922620812333196,3373,602.4627927660828
477,0.195,0.5,450.0,15.599953563965556,4307,445.7982354306924
478,0.195,0.5,510.0,12.33431085043992,4774,265.9652283200666
479,0.195,0.5,570.0,7.524781341107879,2744,97.30102040816344
480,0.195,0.7000000000000001,30.0,6.2547288776797,793,191.00378310214384
481,0.195,0.7000000000000001,90.0,13.838235294117656,680,586.7794117647054
482,0.195,0.7000000000000001,150.0,16.484523809523854,840,614.4440476190465
483,0.195,0.7000000000000001,210.0,16.608015640273717,1023,626.3245356793749
484,0.195,0.7000000000000001,270.0,18.037065637065652,1295,792.8880308880298
485,0.195,0.7000000000000001,330.0,17.03354430379745,1580,616.1284810126585
486,0.195,0.7000000000000001,390.0,16.49810298102984,1845,562.6856368563673
487,0.195,0.7000000000000001,450.0,13.939379474940313,2095,368.2610978520284
488,0.195,0.7000000000000001,510.0,11.130392156862719,2040,226.57156862745092
489,0.195,0.7000000000000001,570.0,7.33841754051479,1049,88.17349857006671
490,0.195,0.9,30.0,3.3076923076923075,351,42.0769230769231
491,0.195,0.9,90.0,5.762331838565022,223,85.38565022421517
492,0.195,0.9,150.0,7.016806722689073,238,132.77310924369746
493,0.195,0.9,210.0,7.564655172413792,232,132.74568965517233
494,0.195,0.9,270.0,8.339207048458153,227,181.08810572687236
495,0.195,0.9,330.0,6.587499999999997,160,98.56250000000001
496,0.195,0.9,390.0,7.227272727272727,132,116.03030303030314
497,0.195,0.9,450.0,7.803921568627449,51,153.29411764705884
498,0.195,0.9,510.0,6.928571428571429,14,70.92857142857144
499,0.195,0.9,570.0,10.0,2,125.0
500,0.2165789473684211,0.1,30.0,9.98265895953757,692,433.60404624277504
501,0.2165789473684211,0.1,90.0,19.615494978479205,697,991.5466284074608
502,0.2165789473684211,0.1,150.0,20.273795534665126,851,1006.7602820211512
503,0.2165789473684211,0.1,210.0,21.607202680066987,1194,1089.4346733668349
504,0.2165789473684211,0.1,270.0,20.160083160083204,1443,955.7650727650719
505,0.2165789473684211,0.1,330.0,20.962305986696226,1804,921.5864745011066
506,0.2165789473684211,0.1,390.0,18.639916839916804,2405,667.9596673596701
507,0.2165789473684211,0.1,450.0,16.577160493827215,3240,519.693209876542
508,0.2165789473684211,0.1,510.0,12.292364990688982,3759,278.69513168395855
509,0.2165789473684211,0.1,570.0,7.4355400696863985,2296,96.99738675958176
510,0.2165789473684211,0.30000000000000004,30.0,9.314970059880228,835,337.30538922155716
511,0.2165789473684211,0.30000000000000004,90.0,17.583042973286847,861,768.0290360046464
512,0.2165789473684211,0.30000000000000004,150.0,21.903814262023246,1206,1123.0232172470942
513,0.2165789473684211,0.30000000000000004,210.0,20.059887710542757,1603,879.9475982532742
514,0.2165789473684211,0.30000000000000004,270.0,20.605773781353555,2113,908.8310459062945
515,0.2165789473684211,0.30000000000000004,330.0,21.434904996481308,2842,931.1048557353959
516,0.2165789473684211,0.30000000000000004,390.0,20.20855751985656,3903,764.7112477581318
517,0.2165789473684211,0.30000000000000004,450.0,16.66751318616905,5119,514.8929478413744
518,0.2165789473684211,0.30000000000000004,510.0,13.214999276096709,6907,313.3762849283327
519,0.2165789473684211,0.30000000000000004,570.0,7.327355722204088,6134,96.89403325725429
520,0.2165789473684211,0.5,30.0,8.961595273264402,677,323.36927621861116
521,0.2165789473684211,0.5,90.0,17.022849462365606,744,744.7513440860218
522,0.2165789473684211,0.5,150.0,18.095284872298663,1018,772.0658153241636
523,0.2165789473684211,0.5,210.0,20.321533923303832,1356,907.1917404129778
524,0.2165789473684211,0.5,270.0,20.498285714285714,1750,914.9222857142876
525,0.2165789473684211,0.5,330.0,19.63001745200697,2292,775.8490401396167
526,0.2165789473684211,0.5,390.0,18.082714740190806,2829,623.1141746200075
527,0.2165789473684211,0.5,450.0,15.363814866760146,3565,437.4631136044878
528,0.2165789473684211,0.5,510.0,11.905412371134007,3880,244.18221649484516
529,0.2165789473684211,0.5,570.0,7.659474671669776,2132,100.68949343339595
530,0.2165789473684211,0.7000000000000001,30.0,5.611796982167361,729,139.10425240054852
531,0.2165789473684211,0.7000000000000001,90.0,12.32328308207702,597,390.08207705192615
532,0.2165789473684211,0.7000000000000001,150.0,13.717114568599706,707,502.58274398868434
533,0.2165789473684211,0.7000000000000001,210.0,15.700477326969,838,565.7147971360387
534,0.2165789473684211,0.7000000000000001,270.0,15.28721174004191,954,530.9643605870004
535,0.2165789473684211,0.7000000000000001,330.0,16.888252148997136,1047,588.9073543457515
536,0.2165789473684211,0.7000000000000001,390.0,15.139610389610393,1232,475.58441558441586
537,0.2165789473684211,0.7000000000000001,450.0,14.676535899333842,1351,432.88230940044383
538,0.2165789473684211,0.7000000000000001,510.0,11.469684721099433,1237,242.04527081649135
539,0.2165789473684211,0.7000000000000001,570.0,7.329052969502405,623,92.23756019261641
540,0.2165789473684211,0.9,30.0,0.0,0,0.0
541,0.2165789473684211,0.9,90.0,0.0,0,0.0
542,0.2165789473684211,0.9,150.0,0.0,0,0.0
543,0.2165789473684211,0.9,210.0,0.0,0,0.0
544,0.2165789473684211,0.9,270.0,0.0,0,0.0
545,0.2165789473684211,0.9,330.0,0.0,0,0.0
546,0.2165789473684211,0.9,390.0,0.0,0,0.0
547,0.2165789473684211,0.9,450.0,0.0,0,0.0
548,0.2165789473684211,0.9,510.0,0.0,0,0.0
549,0.2165789473684211,0.9,570.0,0.0,0,0.0
550,0.23815789473684212,0.1,30.0,9.35315315315315,555,308.8882882882882
551,0.23815789473684212,0.1,90.0,18.038674033149167,543,890.9226519337021
552,0.23815789473684212,0.1,150.0,18.394482758620697,725,845.8786206896548
553,0.23815789473684212,0.1,210.0,21.384057971014478,966,1042.069358178057
554,0.23815789473684212,0.1,270.0,20.863891112890272,1249,946.2361889511602
555,0.23815789473684212,0.1,330.0,20.687582562747682,1514,876.7774108322325
556,0.23815789473684212,0.1,390.0,19.870308788598564,2105,768.715914489311
557,0.23815789473684212,0.1,450.0,16.30987432675044,2785,483.32746858168616
558,0.23815789473684212,0.1,510.0,12.486720715683541,3577,279.0150964495392
559,0.23815789473684212,0.1,570.0,7.077016619375764,2467,88.92298338062416
560,0.23815789473684212,0.30000000000000004,30.0,10.612094395280236,678,395.47640117994115
561,0.23815789473684212,0.30000000000000004,90.0,17.545333333333367,750,731.5613333333333
562,0.23815789473684212,0.30000000000000004,150.0,21.075052854122656,946,1121.5295983086667
563,0.23815789473684212,0.30000000000000004,210.0,20.495386799148307,1409,892.4854506742364
564,0.23815789473684212,0.30000000000000004,270.0,20.64396456256919,1806,1003.0171650055373
565,0.23815789473684212,0.30000000000000004,330.0,21.175313059033936,2236,902.1815742397124
566,0.23815789473684212,0.30000000000000004,390.0,19.163965681601496,3147,723.2440419447092
567,0.23815789473684212,0.30000000000000004,450.0,17.070593628237386,4363,532.8441439376559
568,0.23815789473684212,0.30000000000000004,510.0,13.19554186299381,5518,304.7562522653132
569,0.23815789473684212,0.30000000000000004,570.0,7.634449124362663,4511,102.57614719574369
570,0.23815789473684212,0.5,30.0,8.696095076400685,589,251.0084889643466
571,0.23815789473684212,0.5,90.0,16.516923076923096,650,738.3723076923068
572,0.23815789473684212,0.5,150.0,18.161637931034516,928,713.42025862069
573,0.23815789473684212,0.5,210.0,19.830264211369066,1249,814.2898318654908
574,0.23815789473684212,0.5,270.0,21.079201545395986,1553,975.4449452672222
575,0.23815789473684212,0.5,330.0,19.506269592476464,1914,750.7277951933116
576,0.23815789473684212,0.5,390.0,17.641221374045774,2489,581.6789875451994
577,0.23815789473684212,0.5,450.0,15.307008884501439,3039,437.94537676867316
578,0.23815789473684212,0.5,510.0,12.024328593996803,3165,255.1529225908371
579,0.23815789473684212,0.5,570.0,7.2669983416252135,1809,91.65837479270303
580,0.23815789473684212,0.7000000000000001,30.0,5.983666061705983,551,155.5299455535393
581,0.23815789473684212,0.7000000000000001,90.0,11.997118155619601,347,591.9855907780985
582,0.23815789473684212,0.7000000000000001,150.0,13.960698689956338,458,485.2532751091693
583,0.23815789473684212,0.7000000000000001,210.0,14.666000000000007,500,604.0659999999996
584,0.23815789473684212,0.7000000000000001,270.0,15.2735674676525,541,521.8687615526798
585,0.23815789473684212,0.7000000000000001,330.0,15.785488958990536,634,543.1892744479479
586,0.23815789473684212,0.7000000000000001,390.0,16.19263456090651,706,559.0764872521249
587,0.23815789473684212,0.7000000000000001,450.0,13.030215827338143,695,306.0115107913664
588,0.23815789473684212,0.7000000000000001,510.0,11.222222222222225,720,240.36388888888908
589,0.23815789473684212,0.7000000000000001,570.0,7.51378446115288,399,104.27568922305757
590,0.23815789473684212,0.9,30.0,0.0,0,0.0
591,0.23815789473684212,0.9,90.0,0.0,0,0.0
592,0.23815789473684212,0.9,150.0,0.0,0,0.0
593,0.23815789473684212,0.9,210.0,0.0,0,0.0
594,0.23815789473684212,0.9,270.0,0.0,0,0.0
595,0.23815789473684212,0.9,330.0,0.0,0,0.0
596,0.23815789473684212,0.9,390.0,0.0,0,0.0
597,0.23815789473684212,0.9,450.0,0.0,0,0.0
598,0.23815789473684212,0.9,510.0,0.0,0,0.0
599,0.23815789473684212,0.9,570.0,0.0,0,0.0
600,0.25973684210526315,0.1,30.0,10.928416485900218,461,879.2321041214758
601,0.25973684210526315,0.1,90.0,17.916864608075997,421,782.8622327790964
602,0.25973684210526315,0.1,150.0,20.789830508474594,590,966.9050847457623
603,0.25973684210526315,0.1,210.0,21.521518987341786,790,1052.5620253164543
604,0.25973684210526315,0.1,270.0,21.929311969839766,1061,1043.7219604147042
605,0.25973684210526315,0.1,330.0,21.60472201066258,1313,910.2109672505709
606,0.25973684210526315,0.1,390.0,19.96461622210124,1837,753.9112683723447
607,0.25973684210526315,0.1,450.0,16.936352509179915,2451,529.8567931456528
608,0.25973684210526315,0.1,510.0,12.68591945051513,3203,287.67561660942806
609,0.25973684210526315,0.1,570.0,7.166398713826357,2488,92.549839228296
610,0.25973684210526315,0.30000000000000004,30.0,10.390119250425876,587,547.6984667802386
611,0.25973684210526315,0.30000000000000004,90.0,15.448170731707313,656,537.8353658536579
612,0.25973684210526315,0.30000000000000004,150.0,21.8486682808717,826,1322.2796610169528
613,0.25973684210526315,0.30000000000000004,210.0,21.70389170896785,1182,1044.480541455161
614,0.25973684210526315,0.30000000000000004,270.0,22.196787148594385,1494,1035.3842034805878
615,0.25973684210526315,0.30000000000000004,330.0,21.565934065934076,2002,938.6318681318668
616,0.25973684210526315,0.30000000000000004,390.0,19.799172621286118,2659,794.4851447912733
617,0.25973684210526315,0.30000000000000004,450.0,16.445294784580433,3528,506.0059523809508
618,0.25973684210526315,0.30000000000000004,510.0,13.071639084107916,4411,300.45953298571834
619,0.25973684210526315,0.30000000000000004,570.0,6.394455359091892,4581,80.10718183802615
620,0.25973684210526315,0.5,30.0,9.131970260223044,538,257.68215613382915
621,0.25973684210526315,0.5,90.0,15.91738382099826,581,702.0206540447509
622,0.25973684210526315,0.5,150.0,19.793788819875754,805,876.9639751552794
623,0.25973684210526315,0.5,210.0,19.090297790585996,1041,715.9452449567735
624,0.25973684210526315,0.5,270.0,20.169710806697083,1314,944.8759512937604
625,0.25973684210526315,0.5,330.0,19.119186046511572,1720,771.7819767441847
626,0.25973684210526315,0.5,390.0,17.80878186968837,2118,597.761567516524
627,0.25973684210526315,0.5,450.0,15.318110236220473,2540,446.5031496062987
628,0.25973684210526315,0.5,510.0,12.204866562009427,2548,272.585557299842
629,0.25973684210526315,0.5,570.0,7.509368494101319,1441,96.18112421929199
630,0.25973684210526315,0.7000000000000001,30.0,4.9598765432098695,324,129.48456790123473
631,0.25973684210526315,0.7000000000000001,90.0,9.769531249999998,256,276.8320312500002
632,0.25973684210526315,0.7000000000000001,150.0,14.056680161943325,247,626.6153846153849
633,0.25973684210526315,0.7000000000000001,210.0,16.26747720364742,329,654.3890577507599
634,0.25973684210526315,0.7000000000000001,270.0,13.87179487179486,390,451.8358974358974
635,0.25973684210526315,0.7000000000000001,330.0,15.51325301204819,415,555.6963855421691
636,0.25973684210526315,0.7000000000000001,390.0,14.311053984575839,389,476.8868894601548
637,0.25973684210526315,0.7000000000000001,450.0,14.926582278481025,395,416.7392405063296
638,0.25973684210526315,0.7000000000000001,510.0,11.046831955922869,363,220.0330578512395
639,0.25973684210526315,0.7000000000000001,570.0,7.477987421383647,159,84.39622641509438
640,0.25973684210526315,0.9,30.0,0.0,0,0.0
641,0.25973684210526315,0.9,90.0,0.0,0,0.0
642,0.25973684210526315,0.9,150.0,0.0,0,0.0
643,0.25973684210526315,0.9,210.0,0.0,0,0.0
644,0.25973684210526315,0.9,270.0,0.0,0,0.0
645,0.25973684210526315,0.9,330.0,0.0,0,0.0
646,0.25973684210526315,0.9,390.0,0.0,0,0.0
647,0.25973684210526315,0.9,450.0,0.0,0,0.0
648,0.25973684210526315,0.9,510.0,0.0,0,0.0
649,0.25973684210526315,0.9,570.0,0.0,0,0.0
650,0.28131578947368424,0.1,30.0,9.528350515463918,388,354.81185567010374
651,0.28131578947368424,0.1,90.0,17.394077448747158,439,744.3189066059233
652,0.28131578947368424,0.1,150.0,21.280148423005564,539,1303.7588126159558
653,0.28131578947368424,0.1,210.0,23.204918032786882,732,1247.344262295082
654,0.28131578947368424,0.1,270.0,21.456630109670968,1003,982.9461615154531
655,0.28131578947368424,0.1,330.0,21.402366863905318,1183,914.2273879966192
656,0.28131578947368424,0.1,390.0,20.104039167686647,1634,767.5813953488375
657,0.28131578947368424,0.1,450.0,16.689670525378382,2246,516.2399821905614
658,0.28131578947368424,0.1,510.0,12.608695652173946,3013,293.89312977099286
659,0.28131578947368424,0.1,570.0,7.12110453648914,2535,91.19921104536512
660,0.28131578947368424,0.30000000000000004,30.0,9.79458239277652,443,378.0067720090292
661,0.28131578947368424,0.30000000000000004,90.0,20.735357917570497,461,1319.2516268980464
662,0.28131578947368424,0.30000000000000004,150.0,21.399999999999995,690,1105.1739130434762
663,0.28131578947368424,0.30000000000000004,210.0,20.963675213675234,936,974.3653846153844
664,0.28131578947368424,0.30000000000000004,270.0,21.646966115051235,1269,1033.9479905437352
665,0.28131578947368424,0.30000000000000004,330.0,21.18836045056319,1598,937.6551939924897
666,0.28131578947368424,0.30000000000000004,390.0,19.531147540983614,2135,736.5194379391099
667,0.28131578947368424,0.30000000000000004,450.0,17.11071555713779,2809,540.5076539693841
668,0.28131578947368424,0.30000000000000004,510.0,12.783705421861386,3449,282.5175413163226
669,0.28131578947368424,0.30000000000000004,570.0,7.163026521060839,2564,92.38299531981288
670,0.28131578947368424,0.5,30.0,9.195856873822965,531,251.08662900188307
671,0.28131578947368424,0.5,90.0,16.72661870503599,556,712.687050359713
672,0.28131578947368424,0.5,150.0,18.672281776416554,653,805.7442572741204
673,0.28131578947368424,0.5,210.0,20.571428571428605,910,966.3802197802215
674,0.28131578947368424,0.5,270.0,20.212444444444447,1125,917.3537777777764
675,0.28131578947368424,0.5,330.0,19.451590106007068,1415,737.277738515901
676,0.28131578947368424,0.5,390.0,16.711751662971178,1804,533.8725055432375
677,0.28131578947368424,0.5,450.0,15.325404858299573,1976,439.41447368421075
678,0.28131578947368424,0.5,510.0,11.76021934197409,2006,248.9336989032909
679,0.28131578947368424,0.5,570.0,7.595375722543354,1038,97.2235067437378
680,0.28131578947368424,0.7000000000000001,30.0,4.400809716599186,247,62.0445344129555
681,0.28131578947368424,0.7000000000000001,90.0,11.091463414634138,164,299.1402439024392
682,0.28131578947368424,0.7000000000000001,150.0,12.450617283950622,162,346.0802469135802
683,0.28131578947368424,0.7000000000000001,210.0,13.686956521739129,230,465.46956521739105
684,0.28131578947368424,0.7000000000000001,270.0,13.098360655737698,244,433.4180327868852
685,0.28131578947368424,0.7000000000000001,330.0,14.315384615384604,260,459.73076923076934
686,0.28131578947368424,0.7000000000000001,390.0,16.06437768240344,233,598.8111587982828
687,0.28131578947368424,0.7000000000000001,450.0,14.227074235807857,229,403.17903930131024
688,0.28131578947368424,0.7000000000000001,510.0,9.256544502617809,191,168.74345549738212
689,0.28131578947368424,0.7000000000000001,570.0,7.106060606060605,66,78.4393939393939
690,0.28131578947368424,0.9,30.0,0.0,0,0.0
691,0.28131578947368424,0.9,90.0,0.0,0,0.0
692,0.28131578947368424,0.9,150.0,0.0,0,0.0
693,0.28131578947368424,0.9,210.0,0.0,0,0.0
694,0.28131578947368424,0.9,270.0,0.0,0,0.0
695,0.28131578947368424,0.9,330.0,0.0,0,0.0
696,0.28131578947368424,0.9,390.0,0.0,0,0.0
697,0.28131578947368424,0.9,450.0,0.0,0,0.0
698,0.28131578947368424,0.9,510.0,0.0,0,0.0
699,0.28131578947368424,0.9,570.0,0.0,0,0.0
700,0.3028947368421053,0.1,30.0,8.402272727272731,440,274.6386363636363
701,0.3028947368421053,0.1,90.0,19.094036697247724,436,990.1582568807336
702,0.3028947368421053,0.1,150.0,20.097560975609763,574,964.6480836236932
703,0.3028947368421053,0.1,210.0,21.856353591160204,724,1114.4613259668506
704,0.3028947368421053,0.1,270.0,21.46516192345438,1019,1037.1413150147202
705,0.3028947368421053,0.1,330.0,21.525227460711353,1209,969.8114143920587
706,0.3028947368421053,0.1,390.0,19.49264235444658,1563,774.2987843889968
707,0.3028947368421053,0.1,450.0,17.377502383222108,2098,567.2936129647271
708,0.3028947368421053,0.1,510.0,13.001448225923227,2762,306.9131064446049
709,0.3028947368421053,0.1,570.0,7.171058936272161,2087,90.15524676569231
710,0.3028947368421053,0.30000000000000004,30.0,11.77740863787376,301,438.91362126245855
711,0.3028947368421053,0.30000000000000004,90.0,19.806818181818187,352,1013.5909090909095
712,0.3028947368421053,0.30000000000000004,150.0,20.431137724550904,501,931.141716566867
713,0.3028947368421053,0.30000000000000004,210.0,21.453201970443324,609,947.0919540229886
714,0.3028947368421053,0.30000000000000004,270.0,22.78393051031491,921,1027.5374592833887
715,0.3028947368421053,0.30000000000000004,330.0,22.64791133844839,1173,1033.0997442455248
716,0.3028947368421053,0.30000000000000004,390.0,19.610486891385726,1602,721.6516853932578
717,0.3028947368421053,0.30000000000000004,450.0,17.00573339703775,2093,554.9082656473956
718,0.3028947368421053,0.30000000000000004,510.0,12.82718524458701,2494,285.0805934242189
719,0.3028947368421053,0.30000000000000004,570.0,7.272890484739664,1671,89.92399760622361
720,0.3028947368421053,0.5,30.0,8.528301886792448,424,248.5943396226418
721,0.3028947368421053,0.5,90.0,15.73975409836067,488,648.2151639344262
722,0.3028947368421053,0.5,150.0,17.75581395348839,602,827.805647840531
723,0.3028947368421053,0.5,210.0,21.134253450439132,797,1127.2145545796743
724,0.3028947368421053,0.5,270.0,19.750965250965272,1036,803.1872586872607
725,0.3028947368421053,0.5,330.0,17.9172473867596,1148,704.5008710801382
726,0.3028947368421053,0.5,390.0,17.704133430021752,1379,613.8462654097164
727,0.3028947368421053,0.5,450.0,14.853628536285344,1626,399.409594095941
728,0.3028947368421053,0.5,510.0,11.538922155688619,1503,240.6793080505657
729,0.3028947368421053,0.5,570.0,7.087193460490467,734,85.48228882833787
730,0.3028947368421053,0.7000000000000001,30.0,4.698564593301432,209,122.85167464114839
731,0.3028947368421053,0.7000000000000001,90.0,9.062068965517241,145,246.08275862068987
732,0.3028947368421053,0.7000000000000001,150.0,13.576388888888895,144,476.4236111111113
733,0.3028947368421053,0.7000000000000001,210.0,13.643356643356643,143,590.1748251748255
734,0.3028947368421053,0.7000000000000001,270.0,13.034285714285712,175,507.96000000000004
735,0.3028947368421053,0.7000000000000001,330.0,10.734463276836156,177,290.0000000000004
736,0.3028947368421053,0.7000000000000001,390.0,13.942675159235675,157,430.9490445859875
737,0.3028947368421053,0.7000000000000001,450.0,11.10077519379845,129,270.3875968992246
738,0.3028947368421053,0.7000000000000001,510.0,11.52941176470588,102,329.43137254901956
739,0.3028947368421053,0.7000000000000001,570.0,7.779411764705881,68,95.86764705882351
740,0.3028947368421053,0.9,30.0,0.0,0,0.0
741,0.3028947368421053,0.9,90.0,0.0,0,0.0
742,0.3028947368421053,0.9,150.0,0.0,0,0.0
743,0.3028947368421053,0.9,210.0,0.0,0,0.0
744,0.3028947368421053,0.9,270.0,0.0,0,0.0
745,0.3028947368421053,0.9,330.0,0.0,0,0.0
746,0.3028947368421053,0.9,390.0,0.0,0,0.0
747,0.3028947368421053,0.9,450.0,0.0,0,0.0
748,0.3028947368421053,0.9,510.0,0.0,0,0.0
749,0.3028947368421053,0.9,570.0,0.0,0,0.0
750,0.32447368421052636,0.1,30.0,9.788118811881194,505,393.19801980198025
751,0.32447368421052636,0.1,90.0,16.237995824634677,479,715.9081419624215
752,0.32447368421052636,0.1,150.0,19.47097844112769,603,913.8325041459378
753,0.32447368421052636,0.1,210.0,20.99211563731932,761,1046.3876478318
754,0.32447368421052636,0.1,270.0,19.692737430167586,895,812.405586592179
755,0.32447368421052636,0.1,330.0,21.61282051282051,1170,955.2982905982931
756,0.32447368421052636,0.1,390.0,19.482216142270847,1462,772.5697674418616
757,0.32447368421052636,0.1,450.0,16.603192074848618,1817,525.6741882223446
758,0.32447368421052636,0.1,510.0,13.123863144218229,2309,315.20874837592015
759,0.32447368421052636,0.1,570.0,7.3906735751295365,1930,97.4165803108807
760,0.32447368421052636,0.30000000000000004,30.0,10.497175141242943,177,357.1186440677965
761,0.32447368421052636,0.30000000000000004,90.0,21.307692307692317,221,1043.4886877828048
762,0.32447368421052636,0.30000000000000004,150.0,24.27397260273972,292,1217.6164383561645
763,0.32447368421052636,0.30000000000000004,210.0,23.988558352402762,437,1274.8810068649861
764,0.32447368421052636,0.30000000000000004,270.0,23.812995245641847,631,1187.901743264658
765,0.32447368421052636,0.30000000000000004,330.0,21.86674669867951,833,957.7635054021613
766,0.32447368421052636,0.30000000000000004,390.0,20.137339055793976,1165,780.8257510729617
767,0.32447368421052636,0.30000000000000004,450.0,17.876434841323476,1481,620.8879135719105
768,0.32447368421052636,0.30000000000000004,510.0,14.673412029229889,1779,444.8476672287795
769,0.32447368421052636,0.30000000000000004,570.0,9.802955665024653,1218,181.80131362890003
770,0.32447368421052636,0.5,30.0,9.125766871165636,326,328.0153374233127
771,0.32447368421052636,0.5,90.0,14.922865013774107,363,569.2644628099176
772,0.32447368421052636,0.5,150.0,19.290581162324617,499,1005.8637274549093
773,0.32447368421052636,0.5,210.0,17.665546218487393,595,692.7714285714281
774,0.32447368421052636,0.5,270.0,18.98328690807804,718,779.5738161559883
775,0.32447368421052636,0.5,330.0,18.831325301204767,830,717.2746987951817
776,0.32447368421052636,0.5,390.0,16.130996309963116,1084,508.19926199262096
777,0.32447368421052636,0.5,450.0,14.808943089430882,1230,399.090243902439
778,0.32447368421052636,0.5,510.0,11.224618149146462,1113,221.15813117699915
779,0.32447368421052636,0.5,570.0,6.9891540130151775,461,81.00216919739697
780,0.32447368421052636,0.7000000000000001,30.0,4.592105263157893,152,107.9736842105263
781,0.32447368421052636,0.7000000000000001,90.0,8.266666666666671,90,213.33333333333323
782,0.32447368421052636,0.7000000000000001,150.0,11.957894736842109,95,420.9894736842106
783,0.32447368421052636,0.7000000000000001,210.0,12.330434782608696,115,473.86086956521734
784,0.32447368421052636,0.7000000000000001,270.0,12.978494623655912,93,407.86021505376334
785,0.32447368421052636,0.7000000000000001,330.0,12.222222222222221,108,279.87037037037055
786,0.32447368421052636,0.7000000000000001,390.0,12.07936507936508,126,306.9047619047623
787,0.32447368421052636,0.7000000000000001,450.0,12.520408163265301,98,366.50000000000034
788,0.32447368421052636,0.7000000000000001,510.0,8.161290322580639,62,172.19354838709674
789,0.32447368421052636,0.7000000000000001,570.0,8.125000000000004,24,108.04166666666664
790,0.32447368421052636,0.9,30.0,0.0,0,0.0
791,0.32447368421052636,0.9,90.0,0.0,0,0.0
792,0.32447368421052636,0.9,150.0,0.0,0,0.0
793,0.32447368421052636,0.9,210.0,0.0,0,0.0
794,0.32447368421052636,0.9,270.0,0.0,0,0.0
795,0.32447368421052636,0.9,330.0,0.0,0,0.0
796,0.32447368421052636,0.9,390.0,0.0,0,0.0
797,0.32447368421052636,0.9,450.0,0.0,0,0.0
798,0.32447368421052636,0.9,510.0,0.0,0,0.0
799,0.32447368421052636,0.9,570.0,0.0,0,0.0
800,0.3460526315789474,0.1,30.0,9.325459317585317,381,289.1679790026245
801,0.3460526315789474,0.1,90.0,17.289893617021256,376,901.3803191489376
802,0.3460526315789474,0.1,150.0,18.815450643776842,466,890.2703862660944
803,0.3460526315789474,0.1,210.0,20.274193548387146,558,965.5716845878136
804,0.3460526315789474,0.1,270.0,21.238095238095216,735,1043.5265306122456
805,0.3460526315789474,0.1,330.0,20.815817984832087,923,930.1375947995682
806,0.3460526315789474,0.1,390.0,19.955373406193047,1098,781.8278688524582
807,0.3460526315789474,0.1,450.0,16.600873998543346,1373,524.0619082301531
808,0.3460526315789474,0.1,510.0,12.981438515081168,1724,298.4071925754044
809,0.3460526315789474,0.1,570.0,7.430631868131866,1456,96.67239010988999
810,0.3460526315789474,0.30000000000000004,30.0,16.275,120,1273.841666666667
811,0.3460526315789474,0.30000000000000004,90.0,19.873015873015866,189,771.1005291005288
812,0.3460526315789474,0.30000000000000004,150.0,21.408396946564896,262,996.7519083969471
813,0.3460526315789474,0.30000000000000004,210.0,24.08333333333334,348,1221.7097701149416
814,0.3460526315789474,0.30000000000000004,270.0,22.93786407766988,515,1158.0524271844647
815,0.3460526315789474,0.30000000000000004,330.0,24.216374269005858,684,1130.1374269005835
816,0.3460526315789474,0.30000000000000004,390.0,19.04411764705885,952,685.5651260504202
817,0.3460526315789474,0.30000000000000004,450.0,17.340332458442724,1143,538.9326334208239
818,0.3460526315789474,0.30000000000000004,510.0,12.267326732673283,1313,267.62604722010644
819,0.3460526315789474,0.30000000000000004,570.0,8.376089663760897,803,130.73723536737242
820,0.3460526315789474,0.5,30.0,8.33898305084746,295,196.69830508474587
821,0.3460526315789474,0.5,90.0,13.463087248322164,298,443.30872483221526
822,0.3460526315789474,0.5,150.0,16.946268656716416,335,688.3731343283587
823,0.3460526315789474,0.5,210.0,18.826271186440692,472,816.466101694915
824,0.3460526315789474,0.5,270.0,19.769230769230777,533,727.9793621013142
825,0.3460526315789474,0.5,330.0,19.031390134529143,669,752.5171898355756
826,0.3460526315789474,0.5,390.0,17.51291989664082,774,618.0762273901806
827,0.3460526315789474,0.5,450.0,14.456367924528303,848,413.31721698113176
828,0.3460526315789474,0.5,510.0,11.325301204819299,747,237.16733601070942
829,0.3460526315789474,0.5,570.0,7.532915360501562,319,98.6426332288401
830,0.3460526315789474,0.7000000000000001,30.0,4.190476190476187,105,146.0190476190476
831,0.3460526315789474,0.7000000000000001,90.0,13.96052631578948,76,447.0657894736841
832,0.3460526315789474,0.7000000000000001,150.0,13.515151515151508,66,673.5151515151515
833,0.3460526315789474,0.7000000000000001,210.0,15.055555555555554,72,549.25
834,0.3460526315789474,0.7000000000000001,270.0,12.511363636363635,88,376.5340909090909
835,0.3460526315789474,0.7000000000000001,330.0,13.991452991452993,117,524.9145299145304
836,0.3460526315789474,0.7000000000000001,390.0,13.8019801980198,101,417.4851485148514
837,0.3460526315789474,0.7000000000000001,450.0,10.753424657534245,73,218.20547945205467
838,0.3460526315789474,0.7000000000000001,510.0,6.652173913043477,46,98.8695652173913
839,0.3460526315789474,0.7000000000000001,570.0,6.444444444444445,18,69.33333333333333
840,0.3460526315789474,0.9,30.0,0.0,0,0.0
841,0.3460526315789474,0.9,90.0,0.0,0,0.0
842,0.3460526315789474,0.9,150.0,0.0,0,0.0
843,0.3460526315789474,0.9,210.0,0.0,0,0.0
844,0.3460526315789474,0.9,270.0,0.0,0,0.0
845,0.3460526315789474,0.9,330.0,0.0,0,0.0
846,0.3460526315789474,0.9,390.0,0.0,0,0.0
847,0.3460526315789474,0.9,450.0,0.0,0,0.0
848,0.3460526315789474,0.9,510.0,0.0,0,0.0
849,0.3460526315789474,0.9,570.0,0.0,0,0.0
850,0.3676315789473684,0.1,30.0,8.410000000000007,300,343.43666666666667
851,0.3676315789473684,0.1,90.0,19.063492063492074,252,1079.095238095239
852,0.3676315789473684,0.1,150.0,18.759002770083104,361,871.0360110803318
853,0.3676315789473684,0.1,210.0,20.54704595185993,457,987.9168490153171
854,0.3676315789473684,0.1,270.0,21.708463949843257,638,1078.9592476489015
855,0.3676315789473684,0.1,330.0,19.749266862170067,682,769.8548387096777
856,0.3676315789473684,0.1,390.0,18.919821826280575,898,724.2160356347434
857,0.3676315789473684,0.1,450.0,16.501872659176065,1068,490.4344569288395
858,0.3676315789473684,0.1,510.0,12.52500000000001,1280,277.3999999999997
859,0.3676315789473684,0.1,570.0,7.416279069767445,860,99.45581395348836
860,0.3676315789473684,0.30000000000000004,30.0,14.34426229508198,122,567.7704918032787
861,0.3676315789473684,0.30000000000000004,90.0,22.58865248226951,141,1472.418439716312
862,0.3676315789473684,0.30000000000000004,150.0,22.22105263157895,190,1043.7999999999984
863,0.3676315789473684,0.30000000000000004,210.0,23.380681818181802,352,1074.2556818181806
864,0.3676315789473684,0.30000000000000004,270.0,23.966292134831484,445,1231.6022471910112
865,0.3676315789473684,0.30000000000000004,330.0,21.474782608695648,575,824.4556521739138
866,0.3676315789473684,0.30000000000000004,390.0,20.794973544973573,756,837.445767195767
867,0.3676315789473684,0.30000000000000004,450.0,16.403470715835137,922,472.32321041214806
868,0.3676315789473684,0.30000000000000004,510.0,12.616370808678484,1014,287.2376725838258
869,0.3676315789473684,0.30000000000000004,570.0,7.495024875621889,402,99.82835820895534
870,0.3676315789473684,0.5,30.0,9.02136752136752,234,441.9444444444444
871,0.3676315789473684,0.5,90.0,15.142241379310335,232,541.4956896551722
872,0.3676315789473684,0.5,150.0,17.434343434343454,297,672.6329966329973
873,0.3676315789473684,0.5,210.0,19.744444444444422,360,821.2611111111122
874,0.3676315789473684,0.5,270.0,19.24116424116426,481,763.8149688149692
875,0.3676315789473684,0.5,330.0,18.2509025270758,554,652.6768953068582
876,0.3676315789473684,0.5,390.0,16.78911564625848,588,520.8605442176867
877,0.3676315789473684,0.5,450.0,13.898089171974512,628,360.09235668789853
878,0.3676315789473684,0.5,510.0,10.441941074523404,577,194.88214904679384
879,0.3676315789473684,0.5,570.0,6.591549295774645,213,74.18779342723003
880,0.3676315789473684,0.7000000000000001,30.0,8.076923076923075,52,767.1153846153843
881,0.3676315789473684,0.7000000000000001,90.0,11.636363636363631,55,382.03636363636355
882,0.3676315789473684,0.7000000000000001,150.0,11.823529411764705,51,335.66666666666663
883,0.3676315789473684,0.7000000000000001,210.0,12.111111111111112,45,415.31111111111113
884,0.3676315789473684,0.7000000000000001,270.0,11.571428571428573,49,235.81632653061232
885,0.3676315789473684,0.7000000000000001,330.0,15.184615384615377,65,510.78461538461517
886,0.3676315789473684,0.7000000000000001,390.0,14.553191489361692,47,389.0212765957446
887,0.3676315789473684,0.7000000000000001,450.0,10.3,40,197.95000000000002
888,0.3676315789473684,0.7000000000000001,510.0,7.870967741935482,31,122.83870967741939
889,0.3676315789473684,0.7000000000000001,570.0,3.8749999999999996,8,37.625
890,0.3676315789473684,0.9,30.0,0.0,0,0.0
891,0.3676315789473684,0.9,90.0,0.0,0,0.0
892,0.3676315789473684,0.9,150.0,0.0,0,0.0
893,0.3676315789473684,0.9,210.0,0.0,0,0.0
894,0.3676315789473684,0.9,270.0,0.0,0,0.0
895,0.3676315789473684,0.9,330.0,0.0,0,0.0
896,0.3676315789473684,0.9,390.0,0.0,0,0.0
897,0.3676315789473684,0.9,450.0,0.0,0,0.0
898,0.3676315789473684,0.9,510.0,0.0,0,0.0
899,0.3676315789473684,0.9,570.0,0.0,0,0.0
900,0.3892105263157895,0.1,30.0,11.508264462809924,242,474.8636363636358
901,0.3892105263157895,0.1,90.0,16.027343750000007,256,676.6210937500003
902,0.3892105263157895,0.1,150.0,17.201438848920862,278,665.841726618705
903,0.3892105263157895,0.1,210.0,20.663212435233184,386,1025.1761658031094
904,0.3892105263157895,0.1,270.0,19.997863247863265,468,892.1987179487182
905,0.3892105263157895,0.1,330.0,20.174573055028475,527,929.5901328273247
906,0.3892105263157895,0.1,390.0,17.490045941807033,653,642.0781010719764
907,0.3892105263157895,0.1,450.0,16.57334963325185,818,527.5146699266494
908,0.3892105263157895,0.1,510.0,12.415676959619937,842,283.9097387173394
909,0.3892105263157895,0.1,570.0,7.722314049586779,605,105.40826446280994
910,0.3892105263157895,0.30000000000000004,30.0,9.716981132075473,106,247.84905660377362
911,0.3892105263157895,0.30000000000000004,90.0,21.21641791044777,134,903.4552238805974
912,0.3892105263157895,0.30000000000000004,150.0,22.78712871287129,202,1012.3910891089118
913,0.3892105263157895,0.30000000000000004,210.0,23.496268656716442,268,1045.7350746268648
914,0.3892105263157895,0.30000000000000004,270.0,21.64171122994653,374,916.203208556151
915,0.3892105263157895,0.30000000000000004,330.0,23.480331262939973,483,1032.0393374741202
916,0.3892105263157895,0.30000000000000004,390.0,18.362818590704677,667,624.1349325337328
917,0.3892105263157895,0.30000000000000004,450.0,16.576019777503113,809,477.7181705809636
918,0.3892105263157895,0.30000000000000004,510.0,13.153342070773268,763,301.35779816513764
919,0.3892105263157895,0.30000000000000004,570.0,7.339181286549708,342,94.89473684210523
920,0.3892105263157895,0.5,30.0,7.899497487437182,199,169.7185929648241
921,0.3892105263157895,0.5,90.0,16.46107784431138,167,717.107784431138
922,0.3892105263157895,0.5,150.0,18.64545454545455,220,838.5545454545451
923,0.3892105263157895,0.5,210.0,19.831210191082818,314,862.7675159235681
924,0.3892105263157895,0.5,270.0,18.131964809384186,341,743.8328445747802
925,0.3892105263157895,0.5,330.0,18.50970873786411,412,688.7233009708723
926,0.3892105263157895,0.5,390.0,17.050119331742245,419,565.7804295942714
927,0.3892105263157895,0.5,450.0,13.76938775510205,490,380.6346938775509
928,0.3892105263157895,0.5,510.0,10.93830334190231,389,209.69922879177355
929,0.3892105263157895,0.5,570.0,6.914728682170542,129,88.8372093023256
930,0.3892105263157895,0.7000000000000001,30.0,3.2666666666666666,45,25.26666666666666
931,0.3892105263157895,0.7000000000000001,90.0,8.444444444444443,27,132.81481481481484
932,0.3892105263157895,0.7000000000000001,150.0,6.027777777777778,36,79.69444444444443
933,0.3892105263157895,0.7000000000000001,210.0,5.549999999999999,20,47.45
934,0.3892105263157895,0.7000000000000001,270.0,5.888888888888888,18,93.33333333333333
935,0.3892105263157895,0.7000000000000001,330.0,6.0,14,48.85714285714286
936,0.3892105263157895,0.7000000000000001,390.0,8.7,10,168.50000000000003
937,0.3892105263157895,0.7000000000000001,450.0,8.833333333333334,6,84.5
938,0.3892105263157895,0.7000000000000001,510.0,4.0,1,16.0
939,0.3892105263157895,0.7000000000000001,570.0,0.0,0,0.0
940,0.3892105263157895,0.9,30.0,0.0,0,0.0
941,0.3892105263157895,0.9,90.0,0.0,0,0.0
942,0.3892105263157895,0.9,150.0,0.0,0,0.0
943,0.3892105263157895,0.9,210.0,0.0,0,0.0
944,0.3892105263157895,0.9,270.0,0.0,0,0.0
945,0.3892105263157895,0.9,330.0,0.0,0,0.0
946,0.3892105263157895,0.9,390.0,0.0,0,0.0
947,0.3892105263157895,0.9,450.0,0.0,0,0.0
948,0.3892105263157895,0.9,510.0,0.0,0,0.0
949,0.3892105263157895,0.9,570.0,0.0,0,0.0
950,0.7,0.1,30.0,11.206837606837595,1755,479.244444444444
951,0.7,0.1,90.0,18.350480497456164,1769,918.9768230638769
952,0.7,0.1,150.0,19.971685393258447,2225,951.197752808989
953,0.7,0.1,210.0,21.136900369003715,2710,1007.4690036900383
954,0.7,0.1,270.0,20.29515151515142,3300,899.6284848484859
955,0.7,0.1,330.0,19.136612021857896,3660,740.5355191256821
956,0.7,0.1,390.0,17.158221797323236,4184,584.599904397706
957,0.7,0.1,450.0,14.625091530388065,4097,417.9445936050766
958,0.7,0.1,510.0,12.147424511545285,3378,277.97868561278904
959,0.7,0.1,570.0,7.910043130006178,1623,107.59950708564381
960,0.7,0.30000000000000004,30.0,10.195606694560677,956,356.4006276150624
961,0.7,0.30000000000000004,90.0,19.73105360443623,1082,913.6090573012939
962,0.7,0.30000000000000004,150.0,20.685955786736038,1538,1004.1944083224954
963,0.7,0.30000000000000004,210.0,21.599389933909556,1967,1088.5876970005042
964,0.7,0.30000000000000004,270.0,20.914139256727903,2341,942.800512601451
965,0.7,0.30000000000000004,330.0,20.288520149001048,2953,865.9471723670828
966,0.7,0.30000000000000004,390.0,17.647240123283833,3569,603.9380778929677
967,0.7,0.30000000000000004,450.0,14.759297520661145,3872,401.40134297520626
968,0.7,0.30000000000000004,510.0,11.236404350607812,3126,226.95489443378074
969,0.7,0.30000000000000004,570.0,7.0630712979890236,1094,87.8491773308958
970,0.7,0.5,30.0,5.092795389048986,1735,83.26916426512956
971,0.7,0.5,90.0,11.382871536523917,1191,404.77162048698585
972,0.7,0.5,150.0,13.034055727554188,1292,474.92260061919495
973,0.7,0.5,210.0,13.477037037037041,1350,496.0948148148145
974,0.7,0.5,270.0,14.178726483357453,1382,488.5607814761206
975,0.7,0.5,330.0,13.838142153413093,1421,440.4236453201971
976,0.7,0.5,390.0,12.40187646598906,1279,350.2236121970285
977,0.7,0.5,450.0,12.38939670932356,1094,318.9798903107863
978,0.7,0.5,510.0,10.240789473684213,760,203.89868421052628
979,0.7,0.5,570.0,6.481651376146789,218,69.50917431192666
980,0.7,0.7000000000000001,30.0,0.0,0,0.0
981,0.7,0.7000000000000001,90.0,0.0,0,0.0
982,0.7,0.7000000000000001,150.0,0.0,0,0.0
983,0.7,0.7000000000000001,210.0,0.0,0,0.0
984,0.7,0.7000000000000001,270.0,0.0,0,0.0
985,0.7,0.7000000000000001,330.0,0.0,0,0.0
986,0.7,0.7000000000000001,390.0,0.0,0,0.0
987,0.7,0.7000000000000001,450.0,0.0,0,0.0
988,0.7,0.7000000000000001,510.0,0.0,0,0.0
989,0.7,0.7000000000000001,570.0,0.0,0,0.0
990,0.7,0.9,30.0,0.0,0,0.0
991,0.7,0.9,90.0,0.0,0,0.0
992,0.7,0.9,150.0,0.0,0,0.0
993,0.7,0.9,210.0,0.0,0,0.0
994,0.7,0.9,270.0,0.0,0,0.0
995,0.7,0.9,330.0,0.0,0,0.0
996,0.7,0.9,390.0,0.0,0,0.0
997,0.7,0.9,450.0,0.0,0,0.0
998,0.7,0.9,510.0,0.0,0,0.0
999,0.7,0.9,570.0,0.0,0,0.0
