,voc_bin,elo_bin,rtmean,rtcount,rt_squaredmean
0,0.0007894736842105274,625.0,11.563278503685613,2192427,312.70313492764177
1,0.0007894736842105274,1387.5,10.96096930440805,3219876,297.00063170134416
2,0.0007894736842105274,1662.5,10.702866057599724,2757551,299.7852163024375
3,0.0007894736842105274,2400.0,10.659222855736584,1576567,313.69569514013733
4,0.022368421052631583,625.0,13.597069302521177,485004,388.59522189507766
5,0.022368421052631583,1387.5,12.960654180982417,766638,370.44840459252083
6,0.022368421052631583,1662.5,12.687902809441733,689532,372.5511404836896
7,0.022368421052631583,2400.0,12.883046801438672,406761,405.71410975978546
8,0.04394736842105264,625.0,14.17876996786801,261733,422.9356558019038
9,0.04394736842105264,1387.5,13.630395860456431,421689,405.7037959254342
10,0.04394736842105264,1662.5,13.59838395196732,387736,418.79482689252524
11,0.04394736842105264,2400.0,13.991382066057852,231494,466.24844272421694
12,0.0655263157894737,625.0,14.68199777963191,145021,436.17169927114037
13,0.0655263157894737,1387.5,14.245217004154012,238083,435.71532616776506
14,0.0655263157894737,1662.5,14.204868863483544,223050,456.4467070163648
15,0.0655263157894737,2400.0,14.843582287333895,135835,526.52562299849
16,0.08710526315789476,625.0,15.095265797158797,85949,466.94324541297766
17,0.08710526315789476,1387.5,14.5542494531375,143089,459.3276562139629
18,0.08710526315789476,1662.5,14.766382219267737,138397,488.95063476809577
19,0.08710526315789476,2400.0,15.39607028416498,85197,567.1510616570985
20,0.1086842105263158,625.0,15.445749814402372,53880,485.5186896807724
21,0.1086842105263158,1387.5,15.020653780868424,91315,478.58291627881516
22,0.1086842105263158,1662.5,15.116186198809695,90398,510.46893736587015
23,0.1086842105263158,2400.0,15.937911387925494,56516,591.8863153797158
24,0.13026315789473686,625.0,15.746331294401601,36457,503.3648956304684
25,0.13026315789473686,1387.5,15.278376552345435,62164,499.5329611994086
26,0.13026315789473686,1662.5,15.475247684512846,61974,526.7369380708085
27,0.13026315789473686,2400.0,16.196420480290037,39726,624.7050546241775
28,0.1518421052631579,625.0,16.01160829836474,25499,525.2054590376106
29,0.1518421052631579,1387.5,15.747776092713648,44179,533.3723488535261
30,0.1518421052631579,1662.5,15.89856343157753,44481,552.9859490569013
31,0.1518421052631579,2400.0,16.741036130496042,29089,654.1131699267758
32,0.17342105263157898,625.0,16.378890178288863,18958,543.9026796075516
33,0.17342105263157898,1387.5,15.798170971746892,33023,546.3291948036192
34,0.17342105263157898,1662.5,16.09051427202205,33387,574.7713181777328
35,0.17342105263157898,2400.0,16.981126010286594,21776,681.470380235127
36,0.195,625.0,16.338496489054,14526,529.0298086190255
37,0.195,1387.5,16.128241902712972,25101,547.0831839368957
38,0.195,1662.5,16.206131078224107,25542,581.5116670581813
39,0.195,2400.0,17.242699970264646,16815,708.1526018435956
40,0.2165789473684211,625.0,16.821193794372903,11409,566.1573319309282
41,0.2165789473684211,1387.5,16.3420357730058,20071,566.9933237008655
42,0.2165789473684211,1662.5,16.332780649565926,20506,577.7180337462225
43,0.2165789473684211,2400.0,17.3246346555323,13412,678.9753951685065
44,0.23815789473684212,625.0,16.556524547803523,9288,547.9973083548649
45,0.23815789473684212,1387.5,16.156538767517247,16341,540.595557187443
46,0.23815789473684212,1662.5,16.345139053957773,16828,571.6004278583324
47,0.23815789473684212,2400.0,17.372872340425523,11280,703.6758865248257
48,0.25973684210526315,625.0,16.792689295039118,7660,562.0746736292448
49,0.25973684210526315,1387.5,16.515036756515943,13467,580.0083166258264
50,0.25973684210526315,1662.5,16.920597314954342,13929,625.7017014861085
51,0.25973684210526315,2400.0,17.399346761023395,9185,715.2806750136065
52,0.28131578947368424,625.0,16.83764781080223,6258,585.9530201342291
53,0.28131578947368424,1387.5,16.79107303877377,11090,585.4361587015333
54,0.28131578947368424,1662.5,16.83799564270157,11475,617.4511546840945
55,0.28131578947368424,2400.0,17.142985380866904,7798,700.0957937932803
56,0.3028947368421053,625.0,17.29417475728151,5150,615.0584466019425
57,0.3028947368421053,1387.5,16.41855078857397,9067,585.9665821109512
58,0.3028947368421053,1662.5,17.052671262386912,9284,622.7609866436892
59,0.3028947368421053,2400.0,17.607070863699832,6449,715.474957357726
60,0.32447368421052636,625.0,16.95269935611692,4038,598.3410104011894
61,0.32447368421052636,1387.5,16.8383070301291,6970,573.397274031566
62,0.32447368421052636,1662.5,17.3389621087315,7284,657.0012355848472
63,0.32447368421052636,2400.0,17.481951606505344,5042,708.5811186037294
64,0.3460526315789474,625.0,17.392125984251965,3175,608.1411023622038
65,0.3460526315789474,1387.5,16.946755407653853,5409,607.2207432057671
66,0.3460526315789474,1662.5,17.508013686295648,5553,673.0776157032253
67,0.3460526315789474,2400.0,17.510092744135264,3666,711.5510092744119
68,0.3676315789473684,625.0,17.456809338521417,2570,632.6435797665364
69,0.3676315789473684,1387.5,17.00072393822389,4144,596.6831563706538
70,0.3676315789473684,1662.5,17.66015806601576,4302,663.0664807066477
71,0.3676315789473684,2400.0,17.23556019485035,2874,701.614126652747
72,0.3892105263157895,625.0,16.95663397005675,1937,573.7207021166735
73,0.3892105263157895,1387.5,17.162626572568286,3259,598.4482970236265
74,0.3892105263157895,1662.5,17.630379746835466,3160,666.7575949367094
75,0.3892105263157895,2400.0,17.85951589938297,2107,729.4295206454672
76,0.7,625.0,17.0775115764043,9934,613.1973021944827
77,0.7,1387.5,17.300006446206314,15513,651.5202088570873
78,0.7,1662.5,17.963561131873956,14984,718.9407367859022
79,0.7,2400.0,18.2364254595686,9411,798.4024014451172
