,voc_bin,rtmean,rtcount,rt_squaredmean
0,0.0007894736842105274,23.012088754265267,109606,1751.0437111107067
1,0.022368421052631583,28.298266351457894,27918,2340.7672827566507
2,0.04394736842105264,29.995281799379562,15472,2541.3333117890365
3,0.0655263157894737,30.161384910341685,8867,2451.9658283523167
4,0.08710526315789476,32.13359491778787,5352,2724.446375186847
5,0.1086842105263158,33.28971170152624,3538,2860.101469756923
6,0.13026315789473686,34.600938967136145,2343,3298.204865556974
7,0.1518421052631579,34.65822784810136,1738,3018.3222094361317
8,0.17342105263157898,34.40242057488649,1322,2923.3585476550656
9,0.195,32.91971544715456,984,2489.4217479674826
10,0.2165789473684211,32.672750977835776,767,2416.8187744459033
11,0.23815789473684212,38.1215384615384,650,3976.3892307692313
12,0.25973684210526315,33.823214285714236,560,3056.576785714286
13,0.28131578947368424,37.837209302325604,430,3354.823255813954
14,0.3028947368421053,33.09189189189192,370,2608.3351351351366
15,0.32447368421052636,37.06037735849058,265,3488.2905660377396
16,0.3460526315789474,34.754807692307686,208,2854.3028846153857
17,0.3676315789473684,38.95906432748538,171,3473.812865497076
18,0.3892105263157895,35.720000000000006,125,3014.6960000000004
19,0.7,36.79792746113982,579,3343.0880829015496
