,voc_bin,elo_bin,rtmean,rtcount,rt_squaredmean
0,0.0007894736842105274,625.0,11.344503792371087,1556546,308.75274999903763
1,0.0007894736842105274,1387.5,10.81714052135283,2810918,298.65772996579824
2,0.0007894736842105274,1662.5,10.547403982286506,2761730,292.9889402657037
3,0.0007894736842105274,2400.0,10.530530838527815,1810268,325.3926031946668
4,0.022368421052631583,625.0,13.364876122393078,346915,378.8927950650741
5,0.022368421052631583,1387.5,12.814328192557996,673958,364.86985390781103
6,0.022368421052631583,1662.5,12.497681390500079,691147,360.726781712139
7,0.022368421052631583,2400.0,12.756895166116655,467864,402.0749063830527
8,0.04394736842105264,625.0,13.848219651442308,186368,400.4779307606451
9,0.04394736842105264,1387.5,13.496079671027413,370122,402.9194806036922
10,0.04394736842105264,1662.5,13.382073683151598,387687,407.37707996399143
11,0.04394736842105264,2400.0,13.826333873484531,266592,456.234080542551
12,0.0655263157894737,625.0,14.404473059979647,103285,891.5263203756615
13,0.0655263157894737,1387.5,14.075275980205568,210160,432.0432813094783
14,0.0655263157894737,1662.5,14.014211822989287,224461,440.7872458912662
15,0.0655263157894737,2400.0,14.66812313676319,156314,515.1826771754326
16,0.08710526315789476,625.0,14.665509938090553,61380,442.1686705767338
17,0.08710526315789476,1387.5,14.384827837262522,126363,448.83831501309857
18,0.08710526315789476,1662.5,14.552891712739173,138188,472.9168162213789
19,0.08710526315789476,2400.0,15.225619742236082,98307,551.4755510797834
20,0.1086842105263158,625.0,15.103399065905556,38540,463.91782563570484
21,0.1086842105263158,1387.5,14.876262751312264,80776,476.8132737446766
22,0.1086842105263158,1662.5,14.900514484459878,89993,493.4965386196711
23,0.1086842105263158,2400.0,15.822928679817965,65900,590.3338543247355
24,0.13026315789473686,625.0,15.281144976242924,25887,472.89315100243317
25,0.13026315789473686,1387.5,15.186965518504309,54609,504.50458715596517
26,0.13026315789473686,1662.5,15.320181164676109,62043,528.6144770562357
27,0.13026315789473686,2400.0,16.318950158606047,46026,639.3830009125296
28,0.1518421052631579,625.0,15.566004415011014,18120,482.7664459161143
29,0.1518421052631579,1387.5,15.49846704138988,39140,531.163822176799
30,0.1518421052631579,1662.5,15.536250168972243,44386,521.2313792637312
31,0.1518421052631579,2400.0,16.68025218872326,33467,659.5490483162512
32,0.17342105263157898,625.0,15.616042860331891,13439,476.57638217129164
33,0.17342105263157898,1387.5,15.593326024393578,29188,512.6305330957947
34,0.17342105263157898,1662.5,16.076042074806374,33179,563.103981434039
35,0.17342105263157898,2400.0,16.730637039405295,25022,642.9910478778673
36,0.195,625.0,15.926755031909613,10185,507.28109965635633
37,0.195,1387.5,16.044770773639048,22336,548.6548173352431
38,0.195,1662.5,16.12128427682617,26038,579.8578999923194
39,0.195,2400.0,16.80488305293392,19496,651.2987279441936
40,0.2165789473684211,625.0,15.997939393939358,8250,512.9087272727294
41,0.2165789473684211,1387.5,15.899904510475764,17803,538.8990619558507
42,0.2165789473684211,1662.5,16.119248409528048,20277,572.7226907333426
43,0.2165789473684211,2400.0,17.00610259996189,15731,675.1411226241171
44,0.23815789473684212,625.0,16.225500687968196,6541,530.4022320746092
45,0.23815789473684212,1387.5,16.381692693809235,14344,563.9925404350269
46,0.23815789473684212,1662.5,16.152317486761476,16807,573.6163503302205
47,0.23815789473684212,2400.0,17.198495774211064,12897,670.0579204466181
48,0.25973684210526315,625.0,16.54146073585941,5463,535.4087497711868
49,0.25973684210526315,1387.5,16.293067138404577,11871,575.8171173447895
50,0.25973684210526315,1662.5,16.452099264175473,13862,602.8120761794848
51,0.25973684210526315,2400.0,17.091421062511653,10654,689.2720105124829
52,0.28131578947368424,625.0,16.69800181653045,4404,561.1389645776544
53,0.28131578947368424,1387.5,16.53116448768621,9867,577.5330900983082
54,0.28131578947368424,1662.5,16.490966775359183,11347,596.9358420727947
55,0.28131578947368424,2400.0,17.432582399289807,9011,730.2433692154025
56,0.3028947368421053,625.0,16.39950779327321,3657,518.8561662564965
57,0.3028947368421053,1387.5,16.44163719050032,7916,567.7486104092994
58,0.3028947368421053,1662.5,16.60630956293133,9129,607.3253368386469
59,0.3028947368421053,2400.0,17.256954200618136,7118,680.6469513908382
60,0.32447368421052636,625.0,17.005088195386705,2948,566.6556987788348
61,0.32447368421052636,1387.5,16.453841187863134,6196,574.848289218852
62,0.32447368421052636,1662.5,16.847545928160145,7294,639.6745270084974
63,0.32447368421052636,2400.0,17.33559145388219,5757,692.8773666840355
64,0.3460526315789474,625.0,16.796090626388303,2251,555.6321634828938
65,0.3460526315789474,1387.5,16.908414306388256,4837,618.3696506098811
66,0.3460526315789474,1662.5,16.52940112176586,5527,578.9459019359505
67,0.3460526315789474,2400.0,17.60121410226481,4283,722.0238150828862
68,0.3676315789473684,625.0,16.92307692307693,1833,560.3284233497035
69,0.3676315789473684,1387.5,17.34651101087812,3769,635.1581321305353
70,0.3676315789473684,1662.5,17.35407158299305,4163,699.4323804948345
71,0.3676315789473684,2400.0,17.185278389430568,3179,679.1865366467425
72,0.3892105263157895,625.0,16.934514637904464,1298,586.9761171032355
73,0.3892105263157895,1387.5,17.507441016333935,2755,684.1223230489998
74,0.3892105263157895,1662.5,17.329411764705828,3145,648.5262321144645
75,0.3892105263157895,2400.0,18.165803108808372,2316,723.9559585492246
76,0.7,625.0,16.63832384052074,7374,581.7755627881766
77,0.7,1387.5,17.389281808239097,13715,655.2635800218724
78,0.7,1662.5,17.70115020297695,14780,705.4585250338296
79,0.7,2400.0,17.98602775693933,10664,769.598368342087
