,voc_bin,rtmean,rtcount,rt_squaredmean
0,0.0007894736842105274,10.773058203989834,7240861,296.88874637974664
1,0.022368421052631583,12.796160656816161,1760249,375.2186599736737
2,0.04394736842105264,13.572048242894892,980704,416.6034155055959
3,0.0655263157894737,14.228401166927526,562160,451.0971182581477
4,0.08710526315789476,14.687152272283031,342761,482.27831346039824
5,0.1086842105263158,15.14746438388719,223003,511.65743061752556
6,0.13026315789473686,15.538033746781522,153022,535.9321731515729
7,0.1518421052631579,15.861157917872408,109196,547.4452086156994
8,0.17342105263157898,16.149096496619475,81350,565.3433681622602
9,0.195,16.337105086264856,62482,584.1003008866558
10,0.2165789473684211,16.385879236031503,50578,590.2888805409469
11,0.23815789473684212,16.466046760057313,41189,594.1570807739919
12,0.25973684210526315,16.654957340394155,33990,613.4824360105921
13,0.28131578947368424,16.75170347115693,28031,608.2363454746511
14,0.3028947368421053,16.797431865828095,22896,641.9628756114586
15,0.32447368421052636,16.734603700635166,18105,611.0060204363439
16,0.3460526315789474,17.03065831634138,13732,627.3419021264203
17,0.3676315789473684,17.458083547435578,10509,649.9435721762313
18,0.3892105263157895,17.34240079860242,8014,647.5158472672832
19,0.7,17.554724912206026,37588,674.0313663935309
