,voc_bin,elo_bin,rtmean,rtcount,rt_squaredmean
0,0.0007894736842105274,625.0,11.371464570314483,2009586,306.2553600592364
1,0.0007894736842105274,1387.5,10.926563389118904,3133369,298.2131051274215
2,0.0007894736842105274,1662.5,10.603635143963313,2736948,297.2638800591015
3,0.0007894736842105274,2400.0,10.636408329768516,1613010,317.9798792319956
4,0.022368421052631583,625.0,13.394447362867762,445446,392.6946543464314
5,0.022368421052631583,1387.5,12.897165355805997,747219,380.5411786905859
6,0.022368421052631583,1662.5,12.596575439664175,683533,367.55255561911395
7,0.022368421052631583,2400.0,12.906022110465841,416183,410.22538402577766
8,0.04394736842105264,625.0,13.90357861143889,240652,403.6854628259882
9,0.04394736842105264,1387.5,13.595568881740649,412221,404.0141259178929
10,0.04394736842105264,1662.5,13.380477086766515,384123,408.2098208126048
11,0.04394736842105264,2400.0,13.981018972608231,237553,469.59634692047575
12,0.0655263157894737,625.0,14.467286712658797,133646,436.0765230534395
13,0.0655263157894737,1387.5,14.198417505545153,234440,439.50618068589074
14,0.0655263157894737,1662.5,14.030265339966835,221904,444.25991419713
15,0.0655263157894737,2400.0,14.7823311263979,139409,521.5401157744487
16,0.08710526315789476,625.0,14.783031071655055,78850,446.8003804692443
17,0.08710526315789476,1387.5,14.616389447734516,141164,466.37404720750413
18,0.08710526315789476,1662.5,14.533048759986324,136813,475.7144423410077
19,0.08710526315789476,2400.0,15.536612220343033,88099,572.6177368642084
20,0.1086842105263158,625.0,15.15101852038048,49729,471.58484988638435
21,0.1086842105263158,1387.5,14.933040310884234,90323,477.7972498699119
22,0.1086842105263158,1662.5,15.014269910268315,89489,498.70815407480393
23,0.1086842105263158,2400.0,15.981709304919237,58281,609.5403647844079
24,0.13026315789473686,625.0,15.497520611781566,33476,491.66904648106043
25,0.13026315789473686,1387.5,15.245773135013673,60979,493.3441348661015
26,0.13026315789473686,1662.5,15.433145985519694,61739,526.4704157825689
27,0.13026315789473686,2400.0,16.255319665170433,41215,622.035496785151
28,0.1518421052631579,625.0,15.643364281813172,23803,505.310465067428
29,0.1518421052631579,1387.5,15.390001605983393,43587,513.1454332713878
30,0.1518421052631579,1662.5,15.865228746397682,44416,553.4701008645508
31,0.1518421052631579,2400.0,16.651934623082028,29980,648.6631420947301
32,0.17342105263157898,625.0,15.748813811238781,17493,506.68793231578303
33,0.17342105263157898,1387.5,15.862356558000794,32853,530.8082671293353
34,0.17342105263157898,1662.5,15.894722466692961,32951,551.564231738036
35,0.17342105263157898,2400.0,16.88632817723891,22433,646.8655552088431
36,0.195,625.0,15.945832412115802,13569,516.5352642051724
37,0.195,1387.5,16.06727095358098,24602,541.8475327209154
38,0.195,1662.5,16.02225773758473,25654,565.9536524518584
39,0.195,2400.0,17.185742686736706,17605,692.1631922749219
40,0.2165789473684211,625.0,16.403520269637617,10681,535.6607059264095
41,0.2165789473684211,1387.5,16.35317779565567,19888,568.7852976669345
42,0.2165789473684211,1662.5,16.328358208955155,20569,585.2794010403975
43,0.2165789473684211,2400.0,17.352025815704465,13945,694.818501254931
44,0.23815789473684212,625.0,16.375951996307425,8666,554.5077313639507
45,0.23815789473684212,1387.5,16.198131544297432,15949,550.6134553890482
46,0.23815789473684212,1662.5,16.367527010804395,16660,572.6700480192076
47,0.23815789473684212,2400.0,17.310167992926637,11310,687.7398762157384
48,0.25973684210526315,625.0,16.162057601375565,6979,522.9349477002453
49,0.25973684210526315,1387.5,16.586224869694647,13430,613.654579300074
50,0.25973684210526315,1662.5,16.564481268011544,13880,605.9663544668578
51,0.25973684210526315,2400.0,17.46544736568638,9623,686.9009664345831
52,0.28131578947368424,625.0,16.389318341531933,5692,540.1714687280407
53,0.28131578947368424,1387.5,16.37210350734835,11091,569.3554233162005
54,0.28131578947368424,1662.5,16.95542450784843,11531,629.5921429190901
55,0.28131578947368424,2400.0,17.73476029540625,7989,764.2632369508062
56,0.3028947368421053,625.0,16.833154851145892,4669,557.994431355748
57,0.3028947368421053,1387.5,16.31528698191624,8903,564.9712456475323
58,0.3028947368421053,1662.5,16.867777421766533,9363,622.9079354907628
59,0.3028947368421053,2400.0,17.282186674949532,6439,699.1526634570575
60,0.32447368421052636,625.0,16.510793308148912,3706,538.4309228278455
61,0.32447368421052636,1387.5,16.809900990098978,7070,575.6016973125876
62,0.32447368421052636,1662.5,16.662211918723564,7333,620.2067366698468
63,0.32447368421052636,2400.0,17.155261075949397,5056,687.8985363924038
64,0.3460526315789474,625.0,16.53951774949764,2986,521.0706630944417
65,0.3460526315789474,1387.5,16.219010561423044,5397,522.4387622753361
66,0.3460526315789474,1662.5,17.430565627266123,5516,685.3047498187104
67,0.3460526315789474,2400.0,18.063314226159445,3838,741.7991141219401
68,0.3676315789473684,625.0,17.1369509043928,2322,577.147286821704
69,0.3676315789473684,1387.5,17.16588842467436,4069,648.7033669206177
70,0.3676315789473684,1662.5,17.764509990485205,4204,729.4215033301607
71,0.3676315789473684,2400.0,17.66631541974007,2847,697.5539164032332
72,0.3892105263157895,625.0,17.062019758507123,1822,619.079582875961
73,0.3892105263157895,1387.5,16.72491183071497,3119,566.8172491183082
74,0.3892105263157895,1662.5,17.40358744394623,3345,671.1985052316868
75,0.3892105263157895,2400.0,17.43428831286946,2199,669.3415188722132
76,0.7,625.0,17.0732508485711,9133,598.9232453739206
77,0.7,1387.5,17.41774321117843,15172,638.3992881624044
78,0.7,1662.5,17.822805247225073,14865,707.934611503531
79,0.7,2400.0,18.59746109746106,9768,822.683251433252
