,voc_bin,rtmean,rtcount,rt_squaredmean
0,0.0007894736842105274,4.049743807886999,6481269,38.52840685982949
1,0.022368421052631583,4.622958811547411,1587678,46.336187816421095
2,0.04394736842105264,4.966187814204041,874034,52.26788545983353
3,0.0655263157894737,5.238909872624243,497740,57.69767951139157
4,0.08710526315789476,5.437855719044252,305016,62.63629776798572
5,0.1086842105263158,5.616355570687556,199724,65.78673068834958
6,0.13026315789473686,5.773790554355037,137439,69.27371415682597
7,0.1518421052631579,5.923532513894009,98604,74.16019634091928
8,0.17342105263157898,6.0416450688855505,73310,76.4938344018558
9,0.195,6.0978547767090365,56451,77.22963277887007
10,0.2165789473684211,6.119378468368471,45050,77.34286348501662
11,0.23815789473684212,6.240493760901636,37265,82.32641889172116
12,0.25973684210526315,6.229771042018983,30748,80.73718615844919
13,0.28131578947368424,6.251874878570018,25735,81.43571012240142
14,0.3028947368421053,6.2658258432395755,20694,79.77031989948769
15,0.32447368421052636,6.3299301124278475,16455,84.02983895472461
16,0.3460526315789474,6.501533989988683,12386,88.16583239140967
17,0.3676315789473684,6.507734983463143,9373,87.91112770724433
18,0.3892105263157895,6.784476481724169,6867,97.90636376874878
19,0.7,6.770533030730546,32606,97.72765748635209
