,voc_bin,elo_bin,rtmean,rtcount,rt_squaredmean
0,0.0007894736842105274,625.0,18.49687108886106,5593,889.401930985161
1,0.0007894736842105274,1387.5,21.71431073743212,28545,1159.442669469259
2,0.0007894736842105274,1662.5,24.487619989288493,48546,1625.0338647880367
3,0.0007894736842105274,2400.0,24.767158955096413,23428,1669.7143162028333
4,0.022368421052631583,625.0,22.547996976568403,1323,1083.488284202569
5,0.022368421052631583,1387.5,25.513858093126384,7216,1456.850886917958
6,0.022368421052631583,1662.5,29.60114205256571,12784,2336.161686483105
7,0.022368421052631583,2400.0,31.94208246430291,6233,2457.184180972251
8,0.04394736842105264,625.0,24.415989159891566,738,1233.5569105691054
9,0.04394736842105264,1387.5,26.96572280178837,4026,1592.0745156482878
10,0.04394736842105264,1662.5,30.63670411985023,6942,3444.6485162777335
11,0.04394736842105264,2400.0,33.443496801705706,3283,2711.038379530918
12,0.0655263157894737,625.0,25.390547263681587,402,1326.7786069651738
13,0.0655263157894737,1387.5,28.287647315582706,2291,1804.739851593191
14,0.0655263157894737,1662.5,31.70353982300885,4068,2154.7266470009763
15,0.0655263157894737,2400.0,36.095896946564864,2096,3174.727576335876
16,0.08710526315789476,625.0,25.400862068965512,232,1230.995689655172
17,0.08710526315789476,1387.5,27.593889716840557,1342,1543.628166915052
18,0.08710526315789476,1662.5,33.026800000000044,2500,2368.5084
19,0.08710526315789476,2400.0,36.867729083665296,1255,3105.227888446215
20,0.1086842105263158,625.0,26.21804511278197,133,1943.4210526315796
21,0.1086842105263158,1387.5,28.120930232558152,860,1653.5488372093014
22,0.1086842105263158,1662.5,33.9111519607843,1632,2742.5704656862745
23,0.1086842105263158,2400.0,36.53170189098997,899,2804.3915461624033
24,0.13026315789473686,625.0,27.961165048543688,103,1669.3203883495141
25,0.13026315789473686,1387.5,30.62867012089812,579,2019.8445595854917
26,0.13026315789473686,1662.5,36.955026455026484,1134,3322.2865961199336
27,0.13026315789473686,2400.0,39.10061919504641,646,3654.580495356031
28,0.1518421052631579,625.0,36.06249999999999,80,5452.262500000001
29,0.1518421052631579,1387.5,30.862385321100934,436,1954.0642201834885
30,0.1518421052631579,1662.5,35.121177802944516,883,2699.075877689697
31,0.1518421052631579,2400.0,35.36595744680849,470,2955.787234042554
32,0.17342105263157898,625.0,30.29032258064516,31,2072.870967741935
33,0.17342105263157898,1387.5,29.576051779935273,309,1771.401294498382
34,0.17342105263157898,1662.5,35.54187192118234,609,2786.7405582922806
35,0.17342105263157898,2400.0,39.63030303030304,330,3379.903030303031
36,0.195,625.0,27.219512195121943,41,1679.1219512195119
37,0.195,1387.5,34.486725663716804,226,2661.79646017699
38,0.195,1662.5,37.43737166324437,487,3425.7535934291577
39,0.195,2400.0,42.89655172413796,290,4256.296551724138
40,0.2165789473684211,625.0,35.00000000000001,28,2703.7142857142862
41,0.2165789473684211,1387.5,36.53086419753087,162,2645.2716049382716
42,0.2165789473684211,1662.5,38.673796791443884,374,3160.898395721924
43,0.2165789473684211,2400.0,42.74619289340106,197,4477.010152284266
44,0.23815789473684212,625.0,31.210526315789473,19,1529.1052631578946
45,0.23815789473684212,1387.5,32.7122302158274,139,2573.589928057556
46,0.23815789473684212,1662.5,40.70860927152322,302,3533.172185430466
47,0.23815789473684212,2400.0,44.060975609756085,164,5257.487804878046
48,0.25973684210526315,625.0,17.153846153846146,13,402.38461538461536
49,0.25973684210526315,1387.5,40.37068965517241,116,3230.439655172415
50,0.25973684210526315,1662.5,39.79687500000002,256,3060.2265625000014
51,0.25973684210526315,2400.0,42.69503546099291,141,4537.177304964543
52,0.28131578947368424,625.0,32.949999999999996,20,3075.9500000000003
53,0.28131578947368424,1387.5,34.51685393258428,89,2614.3820224719093
54,0.28131578947368424,1662.5,38.23039215686275,204,3537.906862745095
55,0.28131578947368424,2400.0,43.850393700787414,127,4690.637795275587
56,0.3028947368421053,625.0,22.52941176470588,17,1096.2941176470588
57,0.3028947368421053,1387.5,28.378048780487806,82,1711.9146341463413
58,0.3028947368421053,1662.5,33.79738562091501,153,2830.6470588235297
59,0.3028947368421053,2400.0,44.38144329896911,97,4044.17525773196
60,0.32447368421052636,625.0,46.800000000000004,10,3024.6000000000004
61,0.32447368421052636,1387.5,33.3,70,2027.7571428571423
62,0.32447368421052636,1662.5,36.44117647058823,136,2749.2352941176473
63,0.32447368421052636,2400.0,36.46808510638297,94,2582.0000000000005
64,0.3460526315789474,625.0,40.833333333333336,6,3298.8333333333335
65,0.3460526315789474,1387.5,27.799999999999997,45,1823.8888888888887
66,0.3460526315789474,1662.5,39.356435643564346,101,3844.38613861386
67,0.3460526315789474,2400.0,34.62295081967211,61,4234.590163934423
68,0.3676315789473684,625.0,16.333333333333336,6,628.0
69,0.3676315789473684,1387.5,40.20000000000001,45,2753.3999999999987
70,0.3676315789473684,1662.5,40.23333333333333,90,3247.4555555555553
71,0.3676315789473684,2400.0,35.30769230769232,39,4085.512820512821
72,0.3892105263157895,625.0,7.0,2,49.0
73,0.3892105263157895,1387.5,37.30769230769229,26,2760.9999999999995
74,0.3892105263157895,1662.5,37.357142857142854,70,2495.1857142857134
75,0.3892105263157895,2400.0,34.91666666666667,24,2270.25
76,0.7,625.0,31.86363636363636,22,1816.7727272727275
77,0.7,1387.5,32.37956204379561,137,1760.5985401459855
78,0.7,1662.5,40.503906250000036,256,4276.933593750004
79,0.7,2400.0,37.70967741935485,155,3008.8709677419356
