,voc_bin,rtmean,rtcount,rt_squaredmean
0,0.0007894736842105274,9.674582315609918,4846602,220.126039645921
1,0.022368421052631583,11.468639311629076,1167975,273.09798240544364
2,0.04394736842105264,12.126380597245317,647908,302.51955987578367
3,0.0655263157894737,12.643066420753888,370321,325.7173776264359
4,0.08710526315789476,13.005045918299563,225727,343.9630172730786
5,0.1086842105263158,13.368411372832151,146806,363.289395528793
6,0.13026315789473686,13.692188824086564,100305,382.1840885299846
7,0.1518421052631579,13.917145075852119,72114,392.7807499237323
8,0.17342105263157898,14.116300569484553,54084,398.7339324014492
9,0.195,14.381596141509641,42089,417.0402480458068
10,0.2165789473684211,14.483232029997918,33069,424.87495842027454
11,0.23815789473684212,14.517766497461878,27186,427.5824321341847
12,0.25973684210526315,14.627518557794247,22632,429.4126899964658
13,0.28131578947368424,14.57995929734361,18672,422.105344901458
14,0.3028947368421053,14.666578582281828,15137,431.25559886371
15,0.32447368421052636,14.788876844826154,11993,432.68131409989047
16,0.3460526315789474,15.080228904847392,8912,451.98283213644453
17,0.3676315789473684,15.028426395939027,6895,464.31602610587294
18,0.3892105263157895,14.699729311678285,5172,433.76005413766285
19,0.7,14.707384460817162,23888,448.4238111185541
