,voc_bin,elo_bin,rtmean,rtcount,rt_squaredmean
0,0.0007894736842105274,625.0,2.0116161810598148,1740331,6.8210012922829
1,0.0007894736842105274,1387.5,1.7668022556286997,2313856,5.278469360236774
2,0.0007894736842105274,1662.5,1.635348992170578,1944972,4.793892148575901
3,0.0007894736842105274,2400.0,1.4800070781329957,1604943,5.7687338428841315
4,0.022368421052631583,625.0,2.1942778214205894,384434,7.9239323264852
5,0.022368421052631583,1387.5,1.9080177818388855,551574,5.96686392034433
6,0.022368421052631583,1662.5,1.768039124839128,485625,5.256488030888036
7,0.022368421052631583,2400.0,1.607138976814257,414177,4.581838199610316
8,0.04394736842105264,625.0,2.271988456723329,188508,8.57721688204214
9,0.04394736842105264,1387.5,1.9868589697432275,277756,6.48671495845273
10,0.04394736842105264,1662.5,1.8547504868887108,252111,5.817322528568749
11,0.04394736842105264,2400.0,1.7112550875574812,223339,5.144287383752949
12,0.0655263157894737,625.0,2.331764656668959,95622,8.977055489322504
13,0.0655263157894737,1387.5,2.052395806136883,145546,6.971940142635311
14,0.0655263157894737,1662.5,1.9215075740247487,135529,6.282670129640162
15,0.0655263157894737,2400.0,1.8026791053701692,125415,5.811880556552235
16,0.08710526315789476,625.0,2.3755129958960404,52632,9.319767441860451
17,0.08710526315789476,1387.5,2.1021418993198577,82777,7.298682001038948
18,0.08710526315789476,1662.5,1.9762198770257067,78553,6.6069023461866205
19,0.08710526315789476,2400.0,1.8659532637523626,75787,6.2245899692559545
20,0.1086842105263158,625.0,2.4326070188970323,31116,9.647094742254783
21,0.1086842105263158,1387.5,2.149736463823676,50088,7.5991055741894105
22,0.1086842105263158,1662.5,2.0287675443089865,48805,7.083700440528643
23,0.1086842105263158,2400.0,1.9206231147473196,48402,6.669641750340894
24,0.13026315789473686,625.0,2.4800040092212052,19954,10.324345995790358
25,0.13026315789473686,1387.5,2.192089021312822,32891,7.943875224225464
26,0.13026315789473686,1662.5,2.070601779824506,32138,7.320461758665755
27,0.13026315789473686,2400.0,1.9599444175930358,33104,6.906053649105845
28,0.1518421052631579,625.0,2.5214701333136875,13577,10.682183103778396
29,0.1518421052631579,1387.5,2.229783081222548,22543,8.32941489597658
30,0.1518421052631579,1662.5,2.11945989592679,22292,7.86932531849989
31,0.1518421052631579,2400.0,2.01352265043948,23664,7.257099391480714
32,0.17342105263157898,625.0,2.524237726098191,9675,10.111834625322972
33,0.17342105263157898,1387.5,2.265540245651227,16039,8.416671862335557
34,0.17342105263157898,1662.5,2.1380893300248163,16120,7.658684863523581
35,0.17342105263157898,2400.0,2.056888121944208,17385,7.417946505608273
36,0.195,625.0,2.583876221498378,7368,11.232627578718773
37,0.195,1387.5,2.296505442343892,12219,8.79490956706766
38,0.195,1662.5,2.1797863599013922,12170,8.180772391125704
39,0.195,2400.0,2.07898930116094,13179,7.795811518324616
40,0.2165789473684211,625.0,2.57266926621765,5642,10.888514711095322
41,0.2165789473684211,1387.5,2.289799809342236,9441,8.7268297849804
42,0.2165789473684211,1662.5,2.18856357678892,9461,8.417714829299241
43,0.2165789473684211,2400.0,2.0677550250070795,10597,7.735585543078217
44,0.23815789473684212,625.0,2.618709820438921,4511,11.125914431389896
45,0.23815789473684212,1387.5,2.3018520951004873,7613,8.689609877840546
46,0.23815789473684212,1662.5,2.1738414788554037,7898,8.045961002785502
47,0.23815789473684212,2400.0,2.1386954503249767,8616,8.495473537604466
48,0.25973684210526315,625.0,2.6104245029553983,3722,11.192907039226196
49,0.25973684210526315,1387.5,2.3107371794871785,6240,8.675160256410265
50,0.25973684210526315,1662.5,2.189679885332066,6279,7.999522216913558
51,0.25973684210526315,2400.0,2.115706051873211,6940,8.07363112391933
52,0.28131578947368424,625.0,2.5793006004945225,2831,10.911338749558467
53,0.28131578947368424,1387.5,2.3633266533066126,4990,9.379358717434885
54,0.28131578947368424,1662.5,2.1972565687789842,5176,8.077086553323019
55,0.28131578947368424,2400.0,2.1333565459610018,5744,8.225626740947067
56,0.3028947368421053,625.0,2.7032920051303853,2339,12.268063274903787
57,0.3028947368421053,1387.5,2.371249673884675,3833,9.495173493347265
58,0.3028947368421053,1662.5,2.260700389105056,4112,8.442607003891045
59,0.3028947368421053,2400.0,2.1087002317253067,4747,7.807036022751221
60,0.32447368421052636,625.0,2.67813658020116,1889,11.63631551085229
61,0.32447368421052636,1387.5,2.4314044213263912,3076,10.370286085825734
62,0.32447368421052636,1662.5,2.2161498311329364,3257,8.081670248695112
63,0.32447368421052636,2400.0,2.175269113993929,3623,8.442451007452384
64,0.3460526315789474,625.0,2.6625577812018495,1298,11.653312788906009
65,0.3460526315789474,1387.5,2.386097152428807,2388,9.455611390284766
66,0.3460526315789474,1662.5,2.3169042769857415,2455,9.729531568228103
67,0.3460526315789474,2400.0,2.22056142909223,2743,9.094786729857812
68,0.3676315789473684,625.0,2.720272904483428,1026,12.075048732943467
69,0.3676315789473684,1387.5,2.405251141552514,1752,9.651826484018255
70,0.3676315789473684,1662.5,2.3329627570872677,1799,10.019455252918295
71,0.3676315789473684,2400.0,2.237983034872761,2122,8.77803958529689
72,0.3892105263157895,625.0,2.8759689922480622,774,14.217054263565906
73,0.3892105263157895,1387.5,2.287499999999998,1360,8.313970588235305
74,0.3892105263157895,1662.5,2.4078374455732945,1378,10.130624092888253
75,0.3892105263157895,2400.0,2.1457919151756126,1509,8.564612326043736
76,0.7,625.0,2.627423822714684,3610,11.67894736842103
77,0.7,1387.5,2.3834828228126597,5909,9.708241665256354
78,0.7,1662.5,2.4001928640308554,6222,10.52780456444873
79,0.7,2400.0,2.3638603100999807,6901,10.467323576293271
