,voc_bin,elo_bin,rtmean,rtcount,rt_squaredmean
0,0.0007894736842105274,625.0,9.623714270082303,1315984,204.19982917725383
1,0.0007894736842105274,1387.5,9.645757234778559,1581009,213.00110941809902
2,0.0007894736842105274,1662.5,9.674450699767162,1105725,223.02329783626124
3,0.0007894736842105274,2400.0,9.693386677055244,456911,235.25682463324392
4,0.022368421052631583,625.0,11.319231408530367,300810,254.32870582759895
5,0.022368421052631583,1387.5,11.392679434029832,385462,268.44960333314395
6,0.022368421052631583,1662.5,11.590996199461976,279171,288.31138621131885
7,0.022368421052631583,2400.0,11.923600262057152,119058,316.8114700398133
8,0.04394736842105264,625.0,11.811866498847762,164463,275.4077269659433
9,0.04394736842105264,1387.5,11.966261232980711,213434,298.09788037519786
10,0.04394736842105264,1662.5,12.32936606016822,157791,320.2041117680976
11,0.04394736842105264,2400.0,12.824508120956033,68157,362.16089323180296
12,0.0655263157894737,625.0,12.30244642642709,91603,297.19735161512165
13,0.0655263157894737,1387.5,12.452523197134932,122860,315.0480791144392
14,0.0655263157894737,1662.5,12.93963784893624,91564,355.9983071949668
15,0.0655263157894737,2400.0,13.450172503661022,40289,391.86234456055
16,0.08710526315789476,625.0,12.62562602814842,54710,313.7749588740636
17,0.08710526315789476,1387.5,12.895585171732266,74884,354.25798568452626
18,0.08710526315789476,1662.5,13.269363196883793,57506,368.63968977150245
19,0.08710526315789476,2400.0,13.840680770594485,25383,412.8749950754443
20,0.1086842105263158,625.0,12.977067146004885,34492,326.5945436622984
21,0.1086842105263158,1387.5,13.186144799705977,48978,350.2589938339671
22,0.1086842105263158,1662.5,13.71097691684312,38253,388.9700677071078
23,0.1086842105263158,2400.0,14.177348807371573,17147,427.0216947571004
24,0.13026315789473686,625.0,13.206506849315039,23360,342.65753424657504
25,0.13026315789473686,1387.5,13.449503584390643,33339,368.17759980803214
26,0.13026315789473686,1662.5,14.167338249828934,26306,413.13152892876127
27,0.13026315789473686,2400.0,14.388376383763848,11924,443.1079335793349
28,0.1518421052631579,625.0,13.312226419619844,16677,338.41638184325745
29,0.1518421052631579,1387.5,13.634253769269868,23612,365.00457394545083
30,0.1518421052631579,1662.5,14.187192378936189,18895,420.84630854723355
31,0.1518421052631579,2400.0,14.515816440187146,8978,449.8120962352416
32,0.17342105263157898,625.0,13.562580645161301,12400,358.6346774193545
33,0.17342105263157898,1387.5,14.057173617407077,17648,397.4933703535819
34,0.17342105263157898,1662.5,14.616571949764982,14253,437.74952641549106
35,0.17342105263157898,2400.0,14.742117787031525,6724,465.5731707317083
36,0.195,625.0,13.816066540324242,9498,364.4492524742046
37,0.195,1387.5,14.240847923600048,13822,408.05245261177845
38,0.195,1662.5,14.637817077527686,11196,443.50526973919307
39,0.195,2400.0,14.648482591696157,5371,459.38391361012793
40,0.2165789473684211,625.0,13.763099146421531,7615,371.182403151675
41,0.2165789473684211,1387.5,14.244173140954436,10812,396.2972623011455
42,0.2165789473684211,1662.5,14.972781335773135,8744,461.2301006404388
43,0.2165789473684211,2400.0,15.00689327311623,4207,484.93653434751553
44,0.23815789473684212,625.0,13.880727874276262,6045,371.4185277088492
45,0.23815789473684212,1387.5,14.30158376087439,8966,402.4943118447467
46,0.23815789473684212,1662.5,15.001670146137785,7185,481.50883785664547
47,0.23815789473684212,2400.0,15.292932242990618,3424,510.31863317756836
48,0.25973684210526315,625.0,13.984981978374027,4994,374.53724469363146
49,0.25973684210526315,1387.5,14.46780999047229,7347,408.2533006669379
50,0.25973684210526315,1662.5,14.851141856976174,5999,461.2508751458589
51,0.25973684210526315,2400.0,15.626633698339797,2831,520.9519604380075
52,0.28131578947368424,625.0,14.023906287353574,4183,375.9292373894334
53,0.28131578947368424,1387.5,14.706950635628198,6057,428.5137857024934
54,0.28131578947368424,1662.5,14.624678663239099,5057,436.3086810361877
55,0.28131578947368424,2400.0,14.634247714048206,2406,450.00997506234467
56,0.3028947368421053,625.0,14.047016274864347,3318,370.16937914406276
57,0.3028947368421053,1387.5,14.76846992329427,4954,438.18550666128385
58,0.3028947368421053,1662.5,14.973748176956695,4114,481.114244044723
59,0.3028947368421053,2400.0,15.119778560644193,1987,501.2194262707597
60,0.32447368421052636,625.0,14.303111794083732,2603,383.11601997694925
61,0.32447368421052636,1387.5,14.689150326797408,3825,433.70039215686364
62,0.32447368421052636,1662.5,15.12866399259487,3241,478.5522986732488
63,0.32447368421052636,2400.0,14.688861232109504,1607,470.32794026135525
64,0.3460526315789474,625.0,13.897066136250602,2011,371.1233217304827
65,0.3460526315789474,1387.5,14.761575673807897,2894,438.7118175535594
66,0.3460526315789474,1662.5,15.169401148482384,2438,482.56562756357613
67,0.3460526315789474,2400.0,15.093457943925232,1177,499.3432455395068
68,0.3676315789473684,625.0,14.318459657701679,1636,389.4370415647916
69,0.3676315789473684,1387.5,14.753430924062238,2186,429.3151875571818
70,0.3676315789473684,1662.5,15.401895206243031,1794,476.94481605351206
71,0.3676315789473684,2400.0,15.514874141876392,874,509.5629290617836
72,0.3892105263157895,625.0,14.297800338409461,1182,389.16243654822335
73,0.3892105263157895,1387.5,15.178940961655504,1643,467.3250152160674
74,0.3892105263157895,1662.5,15.200290275761972,1378,471.0827285921625
75,0.3892105263157895,2400.0,13.326433121019097,628,388.7818471337576
76,0.7,625.0,13.983527796842834,5828,383.40150995195535
77,0.7,1387.5,14.798307653447809,7918,448.37218994695536
78,0.7,1662.5,15.609541223404237,6016,519.2548204787248
79,0.7,2400.0,14.7175080558539,2793,493.9026136770506
