,voc_bin,elo_bin,rtmean,rtcount,rt_squaredmean
0,0.0007894736842105274,625.0,6.347334356245091,1015402,85.35348167523794
1,0.0007894736842105274,1387.5,6.21068662976949,1180578,86.2382748111519
2,0.0007894736842105274,1662.5,6.2059456925902206,1115833,91.13545037653492
3,0.0007894736842105274,2400.0,6.124525009411437,961598,94.03071449815793
4,0.022368421052631583,625.0,7.355319354188055,228054,105.34426933971778
5,0.022368421052631583,1387.5,7.210721544894423,283877,106.06659222127865
6,0.022368421052631583,1662.5,7.283153107991977,279280,114.3834968490404
7,0.022368421052631583,2400.0,7.358369531868182,247708,121.4475794080124
8,0.04394736842105264,625.0,7.666953239501205,122133,113.68431136547883
9,0.04394736842105264,1387.5,7.619383474970938,155679,117.86446469979877
10,0.04394736842105264,1662.5,7.784730147063574,155103,127.98691837037312
11,0.04394736842105264,2400.0,8.004492546457014,142013,141.96558061585907
12,0.0655263157894737,625.0,7.951758943149779,67370,120.06967492949416
13,0.0655263157894737,1387.5,7.925018526419798,89062,126.68222137387404
14,0.0655263157894737,1662.5,8.247868736298969,90322,146.41768339939247
15,0.0655263157894737,2400.0,8.50509101760669,83775,159.954234556849
16,0.08710526315789476,625.0,8.148927103178572,39892,126.3909305123832
17,0.08710526315789476,1387.5,8.16288906773478,53429,134.33017649590963
18,0.08710526315789476,1662.5,8.487034367380412,56187,154.65607702849383
19,0.08710526315789476,2400.0,8.795261859265713,53903,168.9739532122511
20,0.1086842105263158,625.0,8.360054242541658,25810,133.79864393645929
21,0.1086842105263158,1387.5,8.457066058959334,34227,142.5377041516923
22,0.1086842105263158,1662.5,8.681507308569161,37285,157.8991551562286
23,0.1086842105263158,2400.0,9.010130126832497,36426,176.67339263163734
24,0.13026315789473686,625.0,8.388344355219655,16936,133.2569083608881
25,0.13026315789473686,1387.5,8.702623410859342,23519,151.2747565797864
26,0.13026315789473686,1662.5,8.984881623882396,26061,170.2936571889026
27,0.13026315789473686,2400.0,9.248393674733544,25991,187.3124158362506
28,0.1518421052631579,625.0,8.603801900950465,11994,139.55444388861068
29,0.1518421052631579,1387.5,8.879887767894443,16751,158.33962151513379
30,0.1518421052631579,1662.5,9.159569938258485,18788,181.08047690014865
31,0.1518421052631579,2400.0,9.330772823999546,19267,190.16567187418858
32,0.17342105263157898,625.0,8.770241437394724,8905,144.38641212801778
33,0.17342105263157898,1387.5,8.895105458058312,12422,158.29777813556572
34,0.17342105263157898,1662.5,9.369416297987748,14014,180.92143570715035
35,0.17342105263157898,2400.0,9.608647526807317,14455,206.5460394327217
36,0.195,625.0,8.744857185141296,6757,140.7975432884412
37,0.195,1387.5,8.947988326037127,9594,157.133312486971
38,0.195,1662.5,9.411715636296183,10789,181.64213550838758
39,0.195,2400.0,9.575903403622378,11429,197.21559191530326
40,0.2165789473684211,625.0,8.889659048332707,5338,151.93836642937504
41,0.2165789473684211,1387.5,9.21322867069872,7771,168.97876721142774
42,0.2165789473684211,1662.5,9.566237612484354,8779,188.659528420093
43,0.2165789473684211,2400.0,9.758655016038025,9041,205.1133724145557
44,0.23815789473684212,625.0,8.938071780436296,4263,150.15317851278405
45,0.23815789473684212,1387.5,8.864103781047318,6321,159.11691188103055
46,0.23815789473684212,1662.5,9.586789343586926,7282,190.91197473221573
47,0.23815789473684212,2400.0,9.69111969111969,7511,222.13526827319922
48,0.25973684210526315,625.0,9.219805380652527,3494,165.9381797366915
49,0.25973684210526315,1387.5,9.14743840438014,5114,163.54712553773948
50,0.25973684210526315,1662.5,9.586421832884092,5936,210.34113881401606
51,0.25973684210526315,2400.0,9.669108669108658,6552,209.65354090354137
52,0.28131578947368424,625.0,9.347857142857146,2800,168.56571428571436
53,0.28131578947368424,1387.5,9.142133149043984,4341,168.9891730016119
54,0.28131578947368424,1662.5,9.630104083266565,4996,191.00280224179326
55,0.28131578947368424,2400.0,10.167678300455222,5272,222.37822458269977
56,0.3028947368421053,625.0,9.082802547770653,2355,158.716772823779
57,0.3028947368421053,1387.5,9.518452908178283,3387,187.77886034839028
58,0.3028947368421053,1662.5,9.626252983293528,4190,196.20143198090597
59,0.3028947368421053,2400.0,9.671839342765844,4382,198.66362391601996
60,0.32447368421052636,625.0,8.9030082987552,1928,147.492219917012
61,0.32447368421052636,1387.5,9.281918819188187,2710,179.26937269372678
62,0.32447368421052636,1662.5,9.796493425172223,3194,199.3024420788982
63,0.32447368421052636,2400.0,9.603082291363778,3439,206.00726955510314
64,0.3460526315789474,625.0,9.17209631728044,1412,162.56303116147308
65,0.3460526315789474,1387.5,9.60553963705826,2094,182.92359121298924
66,0.3460526315789474,1662.5,9.995088006549343,2443,212.04011461318078
67,0.3460526315789474,2400.0,9.645285935085015,2588,207.9119010819161
68,0.3676315789473684,625.0,9.145683453237423,1112,152.26978417266193
69,0.3676315789473684,1387.5,9.110313315926886,1532,162.96409921671034
70,0.3676315789473684,1662.5,9.862166761202504,1763,210.48269994327833
71,0.3676315789473684,2400.0,9.871808510638271,1880,232.55159574468095
72,0.3892105263157895,625.0,9.002331002330997,858,147.3892773892776
73,0.3892105263157895,1387.5,9.138018628281111,1181,160.77053344623212
74,0.3892105263157895,1662.5,9.781250000000021,1312,200.0175304878048
75,0.3892105263157895,2400.0,9.761421319796954,1379,197.94561276287178
76,0.7,625.0,8.734907497565732,4108,146.16820837390432
77,0.7,1387.5,9.381814888607115,5521,175.69733743886965
78,0.7,1662.5,9.776510832383133,6139,213.26176901775455
79,0.7,2400.0,9.522727272727279,6072,199.30862977602075
