,voc_bin,rtmean,rtcount,rt_squaredmean
0,0.0007894736842105274,4.068769908904278,6357708,38.01668038230125
1,0.022368421052631583,4.64841959169054,1563520,45.6755225388866
2,0.04394736842105264,4.978296523830041,863364,51.84150369948246
3,0.0655263157894737,5.251510538713075,492043,59.97276457545378
4,0.08710526315789476,5.471030494042553,302059,62.06079606964205
5,0.1086842105263158,5.637774083347688,197294,70.46005960647562
6,0.13026315789473686,5.8119753982391735,136413,70.28449634565615
7,0.1518421052631579,5.945419502993512,97544,74.11828508160423
8,0.17342105263157898,6.026247587537904,72540,74.55668596636332
9,0.195,6.137940801586184,56488,78.6256196006231
10,0.2165789473684211,6.201203358627811,44542,79.8297337344528
11,0.23815789473684212,6.252375377746315,36731,82.20505839753895
12,0.25973684210526315,6.285573122529649,30360,82.58682476943349
13,0.28131578947368424,6.239417043920263,25182,81.55710428083555
14,0.3028947368421053,6.343167625510162,20337,83.83217780400247
15,0.32447368421052636,6.3986561459746,16222,85.1354333621008
16,0.3460526315789474,6.46423321901029,12246,86.72211334313255
17,0.3676315789473684,6.423538394415348,9168,84.27170593368234
18,0.3892105263157895,6.679954279182734,6999,91.73581940277174
19,0.7,6.709678433344862,31813,94.35510640304285
