,voc_bin,U_bin,clock_bin,rtmean,rtcount,rt_squaredmean
0,0.0007894736842105274,0.1,30.0,2.8706048224074285,487267,29.790667129109874
1,0.0007894736842105274,0.1,90.0,3.9921897080000464,445822,36.829743709372885
2,0.0007894736842105274,0.1,150.0,3.2279896052690535,223190,21.20281822662306
3,0.0007894736842105274,0.30000000000000004,30.0,3.582972489713261,185676,40.62256834485872
4,0.0007894736842105274,0.30000000000000004,90.0,4.836928338941904,271905,52.68937680439853
5,0.0007894736842105274,0.30000000000000004,150.0,3.5269530142324137,313861,25.389051204195482
6,0.0007894736842105274,0.5,30.0,2.972876052703753,393748,33.22146144234385
7,0.0007894736842105274,0.5,90.0,4.754600847041778,629721,56.43332205849881
8,0.0007894736842105274,0.5,150.0,2.6145150035762805,3204436,16.087474987798117
9,0.0007894736842105274,0.7000000000000001,30.0,3.5551913026173922,190954,38.12515055982066
10,0.0007894736842105274,0.7000000000000001,90.0,4.948030067392434,339504,53.26747843913496
11,0.0007894736842105274,0.7000000000000001,150.0,3.6930193781898857,491790,26.22734093820532
12,0.0007894736842105274,0.9,30.0,2.5781446064278013,590527,21.38500356461265
13,0.0007894736842105274,0.9,90.0,4.063388407264644,580674,34.9128047751404
14,0.0007894736842105274,0.9,150.0,3.3509307056755713,361285,20.74809914610347
15,0.022368421052631583,0.1,30.0,4.00920563420563,111888,47.54770842270847
16,0.022368421052631583,0.1,90.0,5.053618994139939,138906,53.087138064590505
17,0.022368421052631583,0.1,150.0,3.7511903159080155,81701,26.72190058873216
18,0.022368421052631583,0.30000000000000004,30.0,3.986747279322863,41350,45.59883917775114
19,0.022368421052631583,0.30000000000000004,90.0,5.686042882556705,64082,66.37859305265108
20,0.022368421052631583,0.30000000000000004,150.0,3.9185104756417815,90257,29.584619475497828
21,0.022368421052631583,0.5,30.0,4.068221699831154,60406,51.28333278151178
22,0.022368421052631583,0.5,90.0,5.782339459041535,144854,74.18818258384256
23,0.022368421052631583,0.5,150.0,3.0852391748939905,765235,20.695275307585188
24,0.022368421052631583,0.7000000000000001,30.0,3.723606846152017,42009,37.857435311480735
25,0.022368421052631583,0.7000000000000001,90.0,5.358217567548075,69321,56.231344037160454
26,0.022368421052631583,0.7000000000000001,150.0,4.114694234428856,77772,30.17445867407283
27,0.022368421052631583,0.9,30.0,3.4796468424897595,79398,31.77353333837134
28,0.022368421052631583,0.9,90.0,4.8414433242019665,106227,44.30344451034111
29,0.022368421052631583,0.9,150.0,3.7557083193610166,65606,24.662881443770367
30,0.04394736842105264,0.1,30.0,4.205724764790279,62710,52.872348907670144
31,0.04394736842105264,0.1,90.0,5.412880626582537,76223,60.990173569657316
32,0.04394736842105264,0.1,150.0,3.928338057424766,46217,29.74905337862697
33,0.04394736842105264,0.30000000000000004,30.0,4.488386668632934,27124,57.46951039669685
34,0.04394736842105264,0.30000000000000004,90.0,6.115209691279096,47713,75.35478800326953
35,0.04394736842105264,0.30000000000000004,150.0,4.051853741040035,74498,31.23934870734786
36,0.04394736842105264,0.5,30.0,4.682239419126768,31401,64.78204515779757
37,0.04394736842105264,0.5,90.0,6.274776054858838,80935,81.74044603694306
38,0.04394736842105264,0.5,150.0,3.5840021365643175,295802,26.174572856167362
39,0.04394736842105264,0.7000000000000001,30.0,4.030423798170989,28103,44.621890901327106
40,0.04394736842105264,0.7000000000000001,90.0,5.6731461028715575,47535,62.65078363311245
41,0.04394736842105264,0.7000000000000001,150.0,4.28022944230448,47768,32.271939373639455
42,0.04394736842105264,0.9,30.0,3.262352969826859,41063,30.095901419769604
43,0.04394736842105264,0.9,90.0,4.941284810828812,45065,47.98444469100174
44,0.04394736842105264,0.9,150.0,3.833509944571261,24536,25.747187805673285
45,0.0655263157894737,0.1,30.0,4.54775840222049,33146,60.37814517588869
46,0.0655263157894737,0.1,90.0,5.712260875811045,41767,67.64531807407792
47,0.0655263157894737,0.1,150.0,4.10234191162741,26773,32.52403540880738
48,0.0655263157894737,0.30000000000000004,30.0,4.884935079046022,18407,63.05758678763511
49,0.0655263157894737,0.30000000000000004,90.0,6.392390576150055,35824,82.61045667708768
50,0.0655263157894737,0.30000000000000004,150.0,4.153337048906225,57416,33.024592448098126
51,0.0655263157894737,0.5,30.0,4.933750460066233,19019,67.85535517114451
52,0.0655263157894737,0.5,90.0,6.554317785620158,47038,87.30592287087013
53,0.0655263157894737,0.5,150.0,4.000399160979271,127768,31.592268799699465
54,0.0655263157894737,0.7000000000000001,30.0,4.26237302787985,18508,48.53112167711275
55,0.0655263157894737,0.7000000000000001,90.0,5.835853200496528,31417,65.84463825317499
56,0.0655263157894737,0.7000000000000001,150.0,4.408283615546443,28997,34.57050729385807
57,0.0655263157894737,0.9,30.0,3.471026203393742,17326,31.6999307399283
58,0.0655263157894737,0.9,90.0,4.937891797924457,18983,47.98061423378823
59,0.0655263157894737,0.9,150.0,3.8437431273367015,9094,26.66362436771488
60,0.08710526315789476,0.1,30.0,4.70202640466688,19542,67.75156074096819
61,0.08710526315789476,0.1,90.0,5.889349306638222,24374,72.12345121851165
62,0.08710526315789476,0.1,150.0,4.216018191005577,15832,34.41460333501766
63,0.08710526315789476,0.30000000000000004,30.0,5.010117542032464,13442,68.45424787977983
64,0.08710526315789476,0.30000000000000004,90.0,6.5587356618596395,27113,86.44801386788622
65,0.08710526315789476,0.30000000000000004,150.0,4.230476449398496,44139,34.2454292122616
66,0.08710526315789476,0.5,30.0,5.133322319510987,12106,71.36428217412836
67,0.08710526315789476,0.5,90.0,6.70603481489265,28551,89.97197996567557
68,0.08710526315789476,0.5,150.0,4.169569174757251,65920,33.69384101941737
69,0.08710526315789476,0.7000000000000001,30.0,4.416424720033187,12055,49.54740771464115
70,0.08710526315789476,0.7000000000000001,90.0,5.923350724072349,20509,66.71129747915565
71,0.08710526315789476,0.7000000000000001,150.0,4.490962494351554,17704,35.38511070944412
72,0.08710526315789476,0.9,30.0,3.260773034614998,9909,29.538096679786058
73,0.08710526315789476,0.9,90.0,4.753463872666878,8733,44.42803160425972
74,0.08710526315789476,0.9,150.0,3.8830008931229605,3359,26.197975587972593
75,0.1086842105263158,0.1,30.0,4.822941224290726,12301,69.1965693846032
76,0.1086842105263158,0.1,90.0,6.290627062706274,15150,83.41141914191432
77,0.1086842105263158,0.1,150.0,4.426907396622007,10302,37.33119782566475
78,0.1086842105263158,0.30000000000000004,30.0,5.273802654356576,10398,76.70446239661456
79,0.1086842105263158,0.30000000000000004,90.0,6.809948737421691,21068,93.61230301879613
80,0.1086842105263158,0.30000000000000004,150.0,4.2910192623064765,35977,35.87836673430231
81,0.1086842105263158,0.5,30.0,5.230865589377432,7983,71.18201177502155
82,0.1086842105263158,0.5,90.0,6.912157375619842,18351,93.89095962072894
83,0.1086842105263158,0.5,150.0,4.417816850696122,33328,36.378270523283575
84,0.1086842105263158,0.7000000000000001,30.0,4.5307751738346695,7766,54.594128251352146
85,0.1086842105263158,0.7000000000000001,90.0,6.205756046108635,13273,73.75129963082941
86,0.1086842105263158,0.7000000000000001,150.0,4.621329918595084,10933,37.58739595719395
87,0.1086842105263158,0.9,30.0,3.0488002594033743,6168,28.168774319066124
88,0.1086842105263158,0.9,90.0,4.608143607705768,4568,44.515761821366034
89,0.1086842105263158,0.9,150.0,3.699280575539567,1390,24.713669064748164
90,0.13026315789473686,0.1,30.0,5.135215630212058,8394,79.14426971646408
91,0.13026315789473686,0.1,90.0,6.609629846664692,10239,89.88045707588653
92,0.13026315789473686,0.1,150.0,4.534137090219482,7382,37.46017339474396
93,0.13026315789473686,0.30000000000000004,30.0,5.542202621585211,8163,88.28580178855809
94,0.13026315789473686,0.30000000000000004,90.0,6.9885316903556545,16393,98.21905691453694
95,0.13026315789473686,0.30000000000000004,150.0,4.376817747585191,28263,37.185436790149694
96,0.13026315789473686,0.5,30.0,5.497145915090972,5606,86.90884766321793
97,0.13026315789473686,0.5,90.0,6.818867007050808,12339,91.15503687494952
98,0.13026315789473686,0.5,150.0,4.650524400684957,18688,39.930062071917796
99,0.13026315789473686,0.7000000000000001,30.0,4.763940159316095,5147,60.9947542257624
100,0.13026315789473686,0.7000000000000001,90.0,6.338568129330253,8660,77.2374133949188
101,0.13026315789473686,0.7000000000000001,150.0,4.620611551528885,7064,37.43856172140434
102,0.13026315789473686,0.9,30.0,2.826013918886491,4167,24.485721142308623
103,0.13026315789473686,0.9,90.0,4.610643185298615,2612,45.94984686064301
104,0.13026315789473686,0.9,150.0,3.589041095890413,657,23.853881278538836
105,0.1518421052631579,0.1,30.0,5.1043579896476725,5989,77.26198029721128
106,0.1518421052631579,0.1,90.0,6.869858302379985,7269,99.48644930526906
107,0.1518421052631579,0.1,150.0,4.7068676716917865,5970,41.78559463986578
108,0.1518421052631579,0.30000000000000004,30.0,5.6222505578578374,6274,85.76378705769855
109,0.1518421052631579,0.30000000000000004,90.0,7.031331799793754,12607,98.12056793844664
110,0.1518421052631579,0.30000000000000004,150.0,4.45834125927333,21028,38.085885486018626
111,0.1518421052631579,0.5,30.0,5.295630405097849,4394,72.59558488848427
112,0.1518421052631579,0.5,90.0,6.91968538827959,9027,95.64151988479016
113,0.1518421052631579,0.5,150.0,4.657635041551222,11552,38.50164473684207
114,0.1518421052631579,0.7000000000000001,30.0,4.823119777158775,3590,63.02033426183853
115,0.1518421052631579,0.7000000000000001,90.0,6.3760086067778365,5577,77.29621660390882
116,0.1518421052631579,0.7000000000000001,150.0,4.623078588439068,4619,37.85667893483436
117,0.1518421052631579,0.9,30.0,2.823297914207006,2541,24.118063754427386
118,0.1518421052631579,0.9,90.0,4.377641445126112,1467,39.08520790729376
119,0.1518421052631579,0.9,150.0,3.7635782747603823,313,26.15974440894568
120,0.17342105263157898,0.1,30.0,5.365930599369065,4121,82.80538704198023
121,0.17342105263157898,0.1,90.0,7.3034435731333085,5866,106.89430617115572
122,0.17342105263157898,0.1,150.0,4.72240416104795,5191,41.791947601618055
123,0.17342105263157898,0.30000000000000004,30.0,5.659742417947633,4814,86.07312006647243
124,0.17342105263157898,0.30000000000000004,90.0,7.163891411847793,9909,100.4053890402662
125,0.17342105263157898,0.30000000000000004,150.0,4.608344296184929,15963,40.37693416024539
126,0.17342105263157898,0.5,30.0,5.5257703081232545,3570,76.18963585434176
127,0.17342105263157898,0.5,90.0,6.871581102822861,6837,91.83311393886191
128,0.17342105263157898,0.5,150.0,4.781456953642381,7550,41.20238410596029
129,0.17342105263157898,0.7000000000000001,30.0,4.739098837209293,2752,55.62063953488355
130,0.17342105263157898,0.7000000000000001,90.0,6.427647936350068,4022,83.57931377424147
131,0.17342105263157898,0.7000000000000001,150.0,4.594769131417509,3097,36.84533419438177
132,0.17342105263157898,0.9,30.0,2.4432846207376473,1437,18.329157967988863
133,0.17342105263157898,0.9,90.0,3.4568106312292337,602,23.147840531561474
134,0.17342105263157898,0.9,150.0,3.773195876288661,97,32.28865979381443
135,0.195,0.1,30.0,5.534868421052632,3040,87.41315789473683
136,0.195,0.1,90.0,7.321350762527197,4590,105.72352941176442
137,0.195,0.1,150.0,4.71925305859627,4659,40.73384846533578
138,0.195,0.30000000000000004,30.0,5.950648055832489,4012,95.82851445663034
139,0.195,0.30000000000000004,90.0,7.159445623673375,8009,100.5840928954925
140,0.195,0.30000000000000004,150.0,4.581807872995303,12346,40.81832172363504
141,0.195,0.5,30.0,5.248167888074627,3002,68.16622251832077
142,0.195,0.5,90.0,6.931577021587998,5466,92.69337724112685
143,0.195,0.5,150.0,4.711427541456367,5548,41.384102379235685
144,0.195,0.7000000000000001,30.0,4.620028076743104,2137,57.57370145063184
145,0.195,0.7000000000000001,90.0,6.396995708154487,2796,79.39914163090128
146,0.195,0.7000000000000001,150.0,4.632622706990571,2017,38.591968269707465
147,0.195,0.9,30.0,1.8859649122807025,570,13.198245614035107
148,0.195,0.9,90.0,3.506172839506172,162,24.86419753086419
149,0.195,0.9,150.0,2.6666666666666674,15,11.6
150,0.2165789473684211,0.1,30.0,5.76144879267276,2402,88.78892589508747
151,0.2165789473684211,0.1,90.0,7.523056994818646,3860,111.47538860103599
152,0.2165789473684211,0.1,150.0,4.795356248577273,4393,44.305030730707784
153,0.2165789473684211,0.30000000000000004,30.0,5.897324206596126,3214,96.19415059116322
154,0.2165789473684211,0.30000000000000004,90.0,7.375844196638936,6367,107.7832574210774
155,0.2165789473684211,0.30000000000000004,150.0,4.600982700378732,9769,40.46422356433596
156,0.2165789473684211,0.5,30.0,5.408899117759876,2607,79.41810510164964
157,0.2165789473684211,0.5,90.0,6.80271186440677,4425,87.03322033898297
158,0.2165789473684211,0.5,150.0,4.72118959107807,4304,41.03113382899659
159,0.2165789473684211,0.7000000000000001,30.0,3.928235294117639,1700,42.67529411764708
160,0.2165789473684211,0.7000000000000001,90.0,5.992776057791534,1938,67.99896800825573
161,0.2165789473684211,0.7000000000000001,150.0,4.521773555027705,1263,35.711005542359516
162,0.2165789473684211,0.9,30.0,0.0,0,0.0
163,0.2165789473684211,0.9,90.0,0.0,0,0.0
164,0.2165789473684211,0.9,150.0,0.0,0,0.0
165,0.23815789473684212,0.1,30.0,6.057501306847879,1913,110.77574490329302
166,0.23815789473684212,0.1,90.0,7.511992893100383,3377,113.29582469647599
167,0.23815789473684212,0.1,150.0,4.749940744252177,4219,43.69044797345325
168,0.23815789473684212,0.30000000000000004,30.0,5.6586520947176675,2745,79.42914389799643
169,0.23815789473684212,0.30000000000000004,90.0,7.393567577616672,5379,108.06060606060578
170,0.23815789473684212,0.30000000000000004,150.0,4.746147819273945,7658,43.46696265343429
171,0.23815789473684212,0.5,30.0,5.43882403804583,2313,76.23086900129705
172,0.23815789473684212,0.5,90.0,7.068539036330834,3881,98.42901314094304
173,0.23815789473684212,0.5,150.0,4.904860699466523,3374,42.969472436277506
174,0.23815789473684212,0.7000000000000001,30.0,4.050818260120582,1161,47.61154177433246
175,0.23815789473684212,0.7000000000000001,90.0,6.110307414104881,1106,74.06509945750442
176,0.23815789473684212,0.7000000000000001,150.0,4.551282051282049,702,37.18376068376062
177,0.23815789473684212,0.9,30.0,0.0,0,0.0
178,0.23815789473684212,0.9,90.0,0.0,0,0.0
179,0.23815789473684212,0.9,150.0,0.0,0,0.0
180,0.25973684210526315,0.1,30.0,6.162887828162289,1676,103.28818615751776
181,0.25973684210526315,0.1,90.0,7.78679182031511,2983,119.8115990613477
182,0.25973684210526315,0.1,150.0,4.671449067431849,4182,41.653754184600615
183,0.25973684210526315,0.30000000000000004,30.0,6.119213973799123,2290,111.11222707423592
184,0.25973684210526315,0.30000000000000004,90.0,7.42778288868444,4348,109.25252989880399
185,0.25973684210526315,0.30000000000000004,150.0,4.42958920721539,6597,39.096255873882185
186,0.25973684210526315,0.5,30.0,5.406045340050373,1985,76.67657430730459
187,0.25973684210526315,0.5,90.0,6.744278303326209,3277,89.92584681110749
188,0.25973684210526315,0.5,150.0,4.828805359136584,2687,43.21659843691849
189,0.25973684210526315,0.7000000000000001,30.0,3.6232073011734034,767,39.98044328552803
190,0.25973684210526315,0.7000000000000001,90.0,6.499186991869921,615,86.01788617886173
191,0.25973684210526315,0.7000000000000001,150.0,5.19571865443425,327,48.61467889908255
192,0.25973684210526315,0.9,30.0,0.0,0,0.0
193,0.25973684210526315,0.9,90.0,0.0,0,0.0
194,0.25973684210526315,0.9,150.0,0.0,0,0.0
195,0.28131578947368424,0.1,30.0,6.08412483039348,1474,91.16282225237438
196,0.28131578947368424,0.1,90.0,7.719085060757677,2798,119.27519656897763
197,0.28131578947368424,0.1,150.0,4.705345832277672,3947,43.703065619457675
198,0.28131578947368424,0.30000000000000004,30.0,5.709062003179652,1887,86.87599364069929
199,0.28131578947368424,0.30000000000000004,90.0,7.2430795847750575,3468,103.04757785467122
200,0.28131578947368424,0.30000000000000004,150.0,4.618955512572525,4653,41.38233397807875
201,0.28131578947368424,0.5,30.0,5.273509174311916,1744,66.94094036697258
202,0.28131578947368424,0.5,90.0,6.695084485407046,2604,90.2849462365591
203,0.28131578947368424,0.5,150.0,4.956317519962413,2129,43.27947393142322
204,0.28131578947368424,0.7000000000000001,30.0,3.944341372912797,539,51.52875695732831
205,0.28131578947368424,0.7000000000000001,90.0,6.372031662269128,379,85.63324538258573
206,0.28131578947368424,0.7000000000000001,150.0,4.1436170212765955,188,34.760638297872326
207,0.28131578947368424,0.9,30.0,0.0,0,0.0
208,0.28131578947368424,0.9,90.0,0.0,0,0.0
209,0.28131578947368424,0.9,150.0,0.0,0,0.0
210,0.3028947368421053,0.1,30.0,6.063228974831194,1629,105.45549416820133
211,0.3028947368421053,0.1,90.0,7.700614911606453,2602,120.53689469638734
212,0.3028947368421053,0.1,150.0,4.624255549539787,3694,41.82403898213323
213,0.3028947368421053,0.30000000000000004,30.0,6.324519230769234,1248,99.16266025641009
214,0.3028947368421053,0.30000000000000004,90.0,7.806204519341251,2611,119.71351972424357
215,0.3028947368421053,0.30000000000000004,150.0,4.750230698246699,3251,41.509996924023476
216,0.3028947368421053,0.5,30.0,5.764544832306639,1461,86.24229979466112
217,0.3028947368421053,0.5,90.0,6.981726815897679,2189,93.13704888076705
218,0.3028947368421053,0.5,150.0,4.817357512953362,1544,40.90673575129541
219,0.3028947368421053,0.7000000000000001,30.0,3.5875706214689265,354,39.66101694915251
220,0.3028947368421053,0.7000000000000001,90.0,5.900398406374502,251,72.4422310756971
221,0.3028947368421053,0.7000000000000001,150.0,4.025210084033614,119,29.77310924369748
222,0.3028947368421053,0.9,30.0,0.0,0,0.0
223,0.3028947368421053,0.9,90.0,0.0,0,0.0
224,0.3028947368421053,0.9,150.0,0.0,0,0.0
225,0.32447368421052636,0.1,30.0,5.843440594059409,1616,98.94987623762384
226,0.32447368421052636,0.1,90.0,7.306711979609172,2354,112.58708581138494
227,0.32447368421052636,0.1,150.0,4.567698846387366,3294,39.86399514268365
228,0.32447368421052636,0.30000000000000004,30.0,7.021052631578952,760,136.2421052631578
229,0.32447368421052636,0.30000000000000004,90.0,7.685855263157887,1824,114.1858552631574
230,0.32447368421052636,0.30000000000000004,150.0,5.211141060197672,2226,53.02515723270453
231,0.32447368421052636,0.5,30.0,5.402155887230513,1206,70.83665008291852
232,0.32447368421052636,0.5,90.0,7.103169670602853,1609,98.27532628962084
233,0.32447368421052636,0.5,150.0,4.8499095840868005,1106,44.83905967450277
234,0.32447368421052636,0.7000000000000001,30.0,3.388157894736841,304,35.10526315789476
235,0.32447368421052636,0.7000000000000001,90.0,5.298969072164944,194,65.12371134020623
236,0.32447368421052636,0.7000000000000001,150.0,4.430555555555552,72,34.59722222222222
237,0.32447368421052636,0.9,30.0,0.0,0,0.0
238,0.32447368421052636,0.9,90.0,0.0,0,0.0
239,0.32447368421052636,0.9,150.0,0.0,0,0.0
240,0.3460526315789474,0.1,30.0,5.925181013676583,1243,97.01769911504407
241,0.3460526315789474,0.1,90.0,7.469650205761321,1944,118.49434156378614
242,0.3460526315789474,0.1,150.0,4.5359399684044135,2532,38.85742496050544
243,0.3460526315789474,0.30000000000000004,30.0,6.840840840840824,666,115.56756756756752
244,0.3460526315789474,0.30000000000000004,90.0,7.646776406035663,1458,120.75102880658427
245,0.3460526315789474,0.30000000000000004,150.0,5.111111111111109,1674,49.25925925925914
246,0.3460526315789474,0.5,30.0,5.694714131607327,927,90.21898597626762
247,0.3460526315789474,0.5,90.0,6.620232172470972,1206,85.49585406301823
248,0.3460526315789474,0.5,150.0,4.7930107526881685,744,42.82258064516134
249,0.3460526315789474,0.7000000000000001,30.0,3.2869955156950668,223,36.874439461883426
250,0.3460526315789474,0.7000000000000001,90.0,4.625850340136057,147,44.503401360544274
251,0.3460526315789474,0.7000000000000001,150.0,3.9032258064516117,62,30.645161290322573
252,0.3460526315789474,0.9,30.0,0.0,0,0.0
253,0.3460526315789474,0.9,90.0,0.0,0,0.0
254,0.3460526315789474,0.9,150.0,0.0,0,0.0
255,0.3676315789473684,0.1,30.0,5.926368159203977,1005,106.0238805970148
256,0.3676315789473684,0.1,90.0,7.541208791208786,1456,108.05357142857154
257,0.3676315789473684,0.1,150.0,4.73983253588516,1672,43.23265550239225
258,0.3676315789473684,0.30000000000000004,30.0,6.499089253187602,549,104.14207650273225
259,0.3676315789473684,0.30000000000000004,90.0,7.6112026359143155,1214,113.75617792421717
260,0.3676315789473684,0.30000000000000004,150.0,5.113513513513517,1110,46.922522522522485
261,0.3676315789473684,0.5,30.0,5.360699865410506,743,70.80349932705265
262,0.3676315789473684,0.5,90.0,6.56367663344408,903,82.7275747508306
263,0.3676315789473684,0.5,150.0,4.674460431654673,556,42.57014388489211
264,0.3676315789473684,0.7000000000000001,30.0,3.357664233576644,137,30.817518248175208
265,0.3676315789473684,0.7000000000000001,90.0,5.054794520547944,73,59.35616438356165
266,0.3676315789473684,0.7000000000000001,150.0,3.309523809523808,42,15.880952380952374
267,0.3676315789473684,0.9,30.0,0.0,0,0.0
268,0.3676315789473684,0.9,90.0,0.0,0,0.0
269,0.3676315789473684,0.9,150.0,0.0,0,0.0
270,0.3892105263157895,0.1,30.0,5.9489916963226515,843,98.46619217081849
271,0.3892105263157895,0.1,90.0,7.336111111111116,1080,108.31574074074081
272,0.3892105263157895,0.1,150.0,4.686056458511541,1169,44.00855431993162
273,0.3892105263157895,0.30000000000000004,30.0,6.602851323828927,491,96.43991853360487
274,0.3892105263157895,0.30000000000000004,90.0,7.765135699373692,958,120.46242171189982
275,0.3892105263157895,0.30000000000000004,150.0,5.0789473684210495,798,46.256892230576504
276,0.3892105263157895,0.5,30.0,4.895008605851975,581,61.24956970740102
277,0.3892105263157895,0.5,90.0,6.821067821067823,693,83.5714285714286
278,0.3892105263157895,0.5,150.0,4.743169398907102,366,41.82513661202189
279,0.3892105263157895,0.7000000000000001,30.0,1.9047619047619035,63,9.49206349206349
280,0.3892105263157895,0.7000000000000001,90.0,4.72,25,54.719999999999985
281,0.3892105263157895,0.7000000000000001,150.0,4.25,4,23.249999999999996
282,0.3892105263157895,0.9,30.0,0.0,0,0.0
283,0.3892105263157895,0.9,90.0,0.0,0,0.0
284,0.3892105263157895,0.9,150.0,0.0,0,0.0
285,0.7,0.1,30.0,6.37063411325872,5898,107.43065445913834
286,0.7,0.1,90.0,7.305331412103738,6940,109.66123919308347
287,0.7,0.1,150.0,5.043985161632218,3774,48.81875993640704
288,0.7,0.30000000000000004,30.0,5.992438563327009,3703,86.07615446934925
289,0.7,0.30000000000000004,90.0,7.045662100456611,5475,94.78447488584465
290,0.7,0.30000000000000004,150.0,5.054430379746842,3160,46.29873417721534
291,0.7,0.5,30.0,3.86445589182228,3106,46.38151963940758
292,0.7,0.5,90.0,5.827880512091041,2109,67.97107633949757
293,0.7,0.5,150.0,4.42244640605296,793,36.02900378310227
294,0.7,0.7000000000000001,30.0,0.0,0,0.0
295,0.7,0.7000000000000001,90.0,0.0,0,0.0
296,0.7,0.7000000000000001,150.0,0.0,0,0.0
297,0.7,0.9,30.0,0.0,0,0.0
298,0.7,0.9,90.0,0.0,0,0.0
299,0.7,0.9,150.0,0.0,0,0.0
