,voc_bin,elo_bin,rtmean,rtcount,rt_squaredmean
0,0.0007894736842105274,625.0,13.402701104100945,10144,422.2784897476346
1,0.0007894736842105274,1387.5,14.359888489787188,37306,683.6637538197615
2,0.0007894736842105274,1662.5,15.09343502744317,70145,660.6231520421966
3,0.0007894736842105274,2400.0,16.08271043834275,53246,748.3973256207032
4,0.022368421052631583,625.0,15.79872611464967,2355,524.4645435244156
5,0.022368421052631583,1387.5,16.662438807298617,8988,614.3867378727193
6,0.022368421052631583,1662.5,17.95805739514346,18120,750.3288079470206
7,0.022368421052631583,2400.0,19.936672423719042,13896,981.6957397812313
8,0.04394736842105264,625.0,16.707978311386555,1291,600.6553059643676
9,0.04394736842105264,1387.5,18.148266880384686,4991,761.692646764174
10,0.04394736842105264,1662.5,19.695257114328463,10015,904.599700449325
11,0.04394736842105264,2400.0,21.372836048879826,7856,1107.6740071283111
12,0.0655263157894737,625.0,17.327754532775465,717,715.0794979079507
13,0.0655263157894737,1387.5,19.26051893408139,2852,813.6819775596068
14,0.0655263157894737,1662.5,20.404558404558454,5967,916.9525724819858
15,0.0655263157894737,2400.0,22.477878054149276,4543,1212.9960378604467
16,0.08710526315789476,625.0,18.511392405063287,395,943.5443037974693
17,0.08710526315789476,1387.5,19.22320376914019,1698,751.7402826855139
18,0.08710526315789476,1662.5,21.29737525237956,3467,971.7513700605696
19,0.08710526315789476,2400.0,22.79971024990948,2761,1251.3502354219502
20,0.1086842105263158,625.0,17.355633802816882,284,609.8626760563383
21,0.1086842105263158,1387.5,19.024215246636764,1115,829.5264573991035
22,0.1086842105263158,1662.5,22.69166299073658,2267,1116.5699161887942
23,0.1086842105263158,2400.0,23.689891490576827,1751,1278.6493432324387
24,0.13026315789473686,625.0,17.237179487179493,156,627.5705128205132
25,0.13026315789473686,1387.5,20.040431266846404,742,854.3342318059306
26,0.13026315789473686,1662.5,22.444376528117356,1636,1206.1778728606334
27,0.13026315789473686,2400.0,24.656557998483667,1319,1457.6360879454105
28,0.1518421052631579,625.0,18.0593220338983,118,745.7372881355933
29,0.1518421052631579,1387.5,20.788867562380045,521,877.1957773512484
30,0.1518421052631579,1662.5,21.959201388888907,1152,1036.5928819444434
31,0.1518421052631579,2400.0,26.03417085427137,995,1579.4693467336674
32,0.17342105263157898,625.0,23.067415730337085,89,966.7528089887642
33,0.17342105263157898,1387.5,22.55012224938875,409,1302.398533007336
34,0.17342105263157898,1662.5,24.21183431952666,845,1311.989349112427
35,0.17342105263157898,2400.0,26.256130790190777,734,1566.1008174386934
36,0.195,625.0,16.818181818181806,66,481.30303030303025
37,0.195,1387.5,21.13538461538461,325,894.3784615384621
38,0.195,1662.5,22.839705882352973,680,1119.283823529412
39,0.195,2400.0,24.751371115173676,547,1323.1937842778782
40,0.2165789473684211,625.0,21.037735849056595,53,762.5094339622639
41,0.2165789473684211,1387.5,19.69868995633187,229,803.4628820960695
42,0.2165789473684211,1662.5,24.531468531468544,572,1720.1468531468547
43,0.2165789473684211,2400.0,26.032679738562056,459,1502.6383442265785
44,0.23815789473684212,625.0,27.02702702702703,37,1536.3243243243246
45,0.23815789473684212,1387.5,22.17777777777779,225,1007.1200000000003
46,0.23815789473684212,1662.5,23.53828306264501,431,1395.812064965196
47,0.23815789473684212,2400.0,24.118131868131858,364,1258.7225274725288
48,0.25973684210526315,625.0,15.33333333333334,39,357.02564102564116
49,0.25973684210526315,1387.5,20.475903614457838,166,880.198795180723
50,0.25973684210526315,1662.5,24.2169014084507,355,1283.9859154929568
51,0.25973684210526315,2400.0,25.875409836065582,305,1419.908196721311
52,0.28131578947368424,625.0,17.904761904761905,21,694.2857142857141
53,0.28131578947368424,1387.5,20.416,125,817.2
54,0.28131578947368424,1662.5,22.616666666666656,300,1020.2966666666667
55,0.28131578947368424,2400.0,31.41064638783271,263,3094.4372623574136
56,0.3028947368421053,625.0,18.714285714285715,21,677.3809523809525
57,0.3028947368421053,1387.5,22.26315789473686,95,977.9052631578948
58,0.3028947368421053,1662.5,23.37642585551331,263,1135.2091254752852
59,0.3028947368421053,2400.0,26.9811320754717,212,1471.066037735848
60,0.32447368421052636,625.0,25.444444444444446,18,1732.7777777777778
61,0.32447368421052636,1387.5,21.208791208791208,91,898.7912087912086
62,0.32447368421052636,1662.5,24.905472636815922,201,1432.5970149253726
63,0.32447368421052636,2400.0,22.38853503184714,157,1345.5095541401286
64,0.3460526315789474,625.0,12.384615384615381,13,252.69230769230765
65,0.3460526315789474,1387.5,20.888888888888868,63,715.5238095238093
66,0.3460526315789474,1662.5,21.770833333333357,144,905.2847222222225
67,0.3460526315789474,2400.0,23.283582089552226,134,1155.0298507462678
68,0.3676315789473684,625.0,7.999999999999998,9,107.33333333333334
69,0.3676315789473684,1387.5,24.02222222222223,45,1236.111111111111
70,0.3676315789473684,1662.5,29.858585858585858,99,1766.989898989901
71,0.3676315789473684,2400.0,26.3111111111111,90,1446.6444444444442
72,0.3892105263157895,625.0,25.83333333333334,6,1090.1666666666667
73,0.3892105263157895,1387.5,16.083333333333332,36,428.58333333333337
74,0.3892105263157895,1662.5,25.73913043478261,92,1813.7608695652177
75,0.3892105263157895,2400.0,20.921052631578934,76,861.5526315789472
76,0.7,625.0,24.13636363636363,44,1583.6818181818182
77,0.7,1387.5,22.02758620689656,145,957.0896551724139
78,0.7,1662.5,25.743902439024396,328,1463.9512195121958
79,0.7,2400.0,23.2031746031746,315,1442.3650793650797
