,voc_bin,rtmean,rtcount,rt_squaredmean
0,0.0007894736842105274,4.043210602118659,5717046,39.766855645380716
1,0.022368421052631583,4.624764034770546,1404868,45.68470276211004
2,0.04394736842105264,4.971458165792768,777175,51.890180461286064
3,0.0655263157894737,5.239662104007071,444989,59.69103505929365
4,0.08710526315789476,5.461860606437743,273169,62.71994626037352
5,0.1086842105263158,5.653942228704575,178947,67.51233605480964
6,0.13026315789473686,5.785248142068117,123659,70.09036139706787
7,0.1518421052631579,5.915653958018638,88706,72.52181363154695
8,0.17342105263157898,6.032877953053061,66245,75.7413842554159
9,0.195,6.111397434888659,50836,78.0162286568573
10,0.2165789473684211,6.181965204606719,40810,78.64802744425393
11,0.23815789473684212,6.229511651713142,33214,80.47567290901446
12,0.25973684210526315,6.238327272727278,27500,81.4680000000003
13,0.28131578947368424,6.3103493737640255,22755,82.45677872994963
14,0.3028947368421053,6.3008028642725264,18434,81.35808831506988
15,0.32447368421052636,6.279916261480285,14808,83.30422744462444
16,0.3460526315789474,6.399837133550483,11052,87.15209916757208
17,0.3676315789473684,6.701141310742424,8499,93.70643605130017
18,0.3892105263157895,6.5738939441481135,6374,88.08973956699081
19,0.7,6.808517875973746,29397,95.65173317005114
