,voc_bin,rtmean,rtcount,rt_squaredmean
0,0.0007894736842105274,1.7247698675834986,7781281,5.4623958445916605
1,0.022368421052631583,1.8575634574111808,1855851,5.906788314363578
2,0.04394736842105264,1.9315879286960385,948166,6.399339356188691
3,0.0655263157894737,1.9991701707219551,502513,6.929633661218716
4,0.08710526315789476,2.0411260718368,289573,7.172447016814402
5,0.1086842105263158,2.097987427731885,178329,7.638903375222239
6,0.13026315789473686,2.12674130198424,117728,9.308074544713284
7,0.1518421052631579,2.1735252257557898,81504,8.195855418139022
8,0.17342105263157898,2.196822281256875,59099,8.279023333728086
9,0.195,2.228829760914057,44461,8.675873237219156
10,0.2165789473684211,2.233165656796616,34988,8.664342060134915
11,0.23815789473684212,2.2540328286401574,28268,8.818841092401279
12,0.25973684210526315,2.276386950453585,22928,8.949799371946973
13,0.28131578947368424,2.2632567625590254,18632,8.839577071704563
14,0.3028947368421053,2.294998680390592,15156,9.241686460807582
15,0.32447368421052636,2.3029782851257345,11651,9.284353274396972
16,0.3460526315789474,2.3427654943292366,8729,9.444380799633405
17,0.3676315789473684,2.335116136919316,6544,9.69269559902198
18,0.3892105263157895,2.398213923279895,4927,9.958189567688242
19,0.7,2.393433895297244,22540,10.271606033717815
