,voc_bin,rtmean,rtcount,rt_squaredmean
0,0.0007894736842105274,1.7270833434426827,5976319,5.276158284054131
1,0.022368421052631583,1.8597758528345725,1445122,5.8602118021869405
2,0.04394736842105264,1.9376656397562313,743330,6.370011973147855
3,0.0655263157894737,2.0007754953571326,395876,6.82313401166022
4,0.08710526315789476,2.0466176754301344,228068,7.136888998018133
5,0.1086842105263158,2.0917428591679106,141090,7.507137288255718
6,0.13026315789473686,2.1255222466296275,92868,7.713819614937322
7,0.1518421052631579,2.169229349898528,65036,8.039147549049732
8,0.17342105263157898,2.1952342211184357,46708,8.31478547572148
9,0.195,2.2137361553420014,35483,8.331482681847653
10,0.2165789473684211,2.240547611367956,27903,8.76429057807406
11,0.23815789473684212,2.2546160021407404,22422,8.751092676835208
12,0.25973684210526315,2.262321057807888,18302,8.889684187520487
13,0.28131578947368424,2.2708417237213103,14898,8.80353067525845
14,0.3028947368421053,2.28461027089912,12034,8.962855243476787
15,0.32447368421052636,2.3366844919786085,9350,9.623529411764732
16,0.3460526315789474,2.337139594633172,7006,9.279760205538121
17,0.3676315789473684,2.3399043062200935,5225,9.781818181818181
18,0.3892105263157895,2.3799247176913463,3985,9.856461731493116
19,0.7,2.391876014099479,17873,10.126000111900643
