,voc_bin,rtmean,rtcount,rt_squaredmean
0,0.0007894736842105274,10.97462176115721,9746421,304.0212716031865
1,0.022368421052631583,12.998570658898196,2347935,380.9239484909079
2,0.04394736842105264,13.795199331824628,1302652,423.82201386095494
3,0.0655263157894737,14.42799825873427,741989,458.66113109493585
4,0.08710526315789476,14.880295692748215,452632,490.1264382544768
5,0.1086842105263158,15.306094642753214,292109,511.65134932508147
6,0.13026315789473686,15.606506556976099,200321,533.4696262498695
7,0.1518421052631579,16.043260638891862,143248,562.5274838043119
8,0.17342105263157898,16.232444187262054,107144,582.2288228925563
9,0.195,16.418337724434014,81984,587.646113875875
10,0.2165789473684211,16.624239273372297,65398,593.1758769381331
11,0.23815789473684212,16.540056199638933,53737,585.8166068072246
12,0.25973684210526315,16.87439253181433,44241,619.3737935399292
13,0.28131578947368424,16.888670434996254,36621,619.9716009939647
14,0.3028947368421053,17.02160267111851,29950,630.2611352253751
15,0.32447368421052636,17.153467043798774,23334,633.0223279334887
16,0.3460526315789474,17.317249901702002,17803,649.4102679323729
17,0.3676315789473684,17.33794096472273,13890,645.6083513318954
18,0.3892105263157895,17.406097677530347,10463,640.8775685749771
19,0.7,17.631956984069596,49842,691.884515067614
