,voc_bin,elo_bin,rtmean,rtcount,rt_squaredmean
0,0.0007894736842105274,625.0,6.954429300358676,1813029,109.78155010206666
1,0.0007894736842105274,1387.5,6.436766336052471,2061315,94.6033842474341
2,0.0007894736842105274,1662.5,6.246734914436496,1825603,107.11162284461643
3,0.0007894736842105274,2400.0,6.1226773929532055,1330563,95.43453410323295
4,0.022368421052631583,625.0,8.069713366048237,405116,129.2793718342404
5,0.022368421052631583,1387.5,7.47632215623128,494344,116.34068786108436
6,0.022368421052631583,1662.5,7.267441505417616,458504,119.70447586062457
7,0.022368421052631583,2400.0,7.280481898359355,344803,120.56069117728097
8,0.04394736842105264,625.0,8.41348598753937,217485,140.37981010184606
9,0.04394736842105264,1387.5,7.8725224331415316,272142,127.23462751063782
10,0.04394736842105264,1662.5,7.7878178993235965,256803,127.70475033391328
11,0.04394736842105264,2400.0,7.901599947159554,196819,163.63438997251404
12,0.0655263157894737,625.0,8.736691943207733,118819,149.6896203469141
13,0.0655263157894737,1387.5,8.228849253808942,153848,137.59461286464585
14,0.0655263157894737,1662.5,8.189420918950187,148822,142.42860598567418
15,0.0655263157894737,2400.0,8.390349072454827,116652,157.30568700065155
16,0.08710526315789476,625.0,8.941041761492922,70304,158.20099852071044
17,0.08710526315789476,1387.5,8.49098363281126,93663,146.09251251828397
18,0.08710526315789476,1662.5,8.550846719777127,91884,154.1407426755477
19,0.08710526315789476,2400.0,8.78696081214429,73977,171.95824377847154
20,0.1086842105263158,625.0,9.143977077363939,43625,165.93865902578793
21,0.1086842105263158,1387.5,8.747497405336658,59738,155.2869195486958
22,0.1086842105263158,1662.5,8.74832932592654,60305,159.35405024459052
23,0.1086842105263158,2400.0,9.067350930612404,49591,179.76360629953072
24,0.13026315789473686,625.0,9.33064625850339,29400,168.1571768707483
25,0.13026315789473686,1387.5,8.919382967748264,40711,160.31566407113579
26,0.13026315789473686,1662.5,8.995551409916047,41811,183.18865848700133
27,0.13026315789473686,2400.0,9.292746039504326,34781,187.82384060262783
28,0.1518421052631579,625.0,9.573977477697063,20513,180.05318578462493
29,0.1518421052631579,1387.5,9.074136681960935,28987,163.32866457377432
30,0.1518421052631579,1662.5,9.218128792196001,29831,175.6409775066207
31,0.1518421052631579,2400.0,9.536914872605186,25315,203.33885048390346
32,0.17342105263157898,625.0,9.559652786842465,15322,180.46645346560462
33,0.17342105263157898,1387.5,9.218432748538012,21375,168.93024561403453
34,0.17342105263157898,1662.5,9.3072538629381,22457,180.15206839738116
35,0.17342105263157898,2400.0,9.533139994727073,18965,198.45325599789084
36,0.195,625.0,9.58145852788861,11779,181.17480261482288
37,0.195,1387.5,9.43119099491649,16524,175.0116799806347
38,0.195,1662.5,9.405714285714259,17325,228.25904761904718
39,0.195,2400.0,9.684499593165164,14748,206.83828315703772
40,0.2165789473684211,625.0,9.757862661878324,9189,178.6565458700621
41,0.2165789473684211,1387.5,9.393374741200844,13041,176.21509086726422
42,0.2165789473684211,1662.5,9.53409507068044,13653,183.2852120413094
43,0.2165789473684211,2400.0,9.8920100925147,11890,212.03195962994064
44,0.23815789473684212,625.0,10.026363401395706,7738,195.5647454122513
45,0.23815789473684212,1387.5,9.599792099792106,10582,184.4899829899834
46,0.23815789473684212,1662.5,9.521919944550355,11542,189.00467856524017
47,0.23815789473684212,2400.0,9.982945736434122,9675,215.80744186046573
48,0.25973684210526315,625.0,9.853562005277022,6064,186.76484168865449
49,0.25973684210526315,1387.5,9.538102289554601,8779,178.41519535254605
50,0.25973684210526315,1662.5,9.618702009045984,9507,192.3413274429368
51,0.25973684210526315,2400.0,10.166260360799598,8204,239.59093125304707
52,0.28131578947368424,625.0,10.224236453201943,5075,197.28827586206873
53,0.28131578947368424,1387.5,9.515164279696736,7122,179.4963493400728
54,0.28131578947368424,1662.5,9.865426555484296,7795,209.75586914688924
55,0.28131578947368424,2400.0,9.968632182174648,6631,213.27703212185193
56,0.3028947368421053,625.0,10.15244049050253,4159,193.3984130800672
57,0.3028947368421053,1387.5,9.549765502866121,5757,178.84905332638567
58,0.3028947368421053,1662.5,9.827139287945068,6404,205.0854153653968
59,0.3028947368421053,2400.0,9.676459854014611,5480,201.0005474452558
60,0.32447368421052636,625.0,10.24373646767708,3233,200.43983915867642
61,0.32447368421052636,1387.5,9.791657754010696,4675,185.4909090909088
62,0.32447368421052636,1662.5,10.039539042320682,5033,211.4999006556724
63,0.32447368421052636,2400.0,9.947785547785532,4290,228.3491841491836
64,0.3460526315789474,625.0,9.981488933601627,2485,183.04627766599597
65,0.3460526315789474,1387.5,10.184659090909086,3520,220.39886363636373
66,0.3460526315789474,1662.5,10.081611570247935,3872,206.24483471074308
67,0.3460526315789474,2400.0,9.976779252110974,3316,221.2813630880577
68,0.3676315789473684,625.0,10.488549618320604,1965,202.77353689567443
69,0.3676315789473684,1387.5,10.008145131432816,2701,198.8670862643465
70,0.3676315789473684,1662.5,10.188007054673726,2835,213.36261022927704
71,0.3676315789473684,2400.0,10.127798127798114,2457,220.5453805453807
72,0.3892105263157895,625.0,10.466229508196717,1525,207.2334426229505
73,0.3892105263157895,1387.5,10.06337013922229,2083,198.67978876620234
74,0.3892105263157895,1662.5,10.33687943262409,2256,228.0035460992903
75,0.3892105263157895,2400.0,9.985221674876865,1827,212.76464148877895
76,0.7,625.0,10.089096415951545,7924,196.8260979303377
77,0.7,1387.5,10.286367704086729,10057,213.8953962414238
78,0.7,1662.5,10.459060806742945,9966,233.2158338350397
79,0.7,2400.0,10.77801775857929,8334,263.5128389728833
