,voc_bin,elo_bin,rtmean,rtcount,rt_squaredmean
0,0.0007894736842105274,625.0,6.985730743562572,1324596,106.45490172097753
1,0.0007894736842105274,1387.5,6.456844212207339,1576741,94.6097076184359
2,0.0007894736842105274,1662.5,6.242355606679488,1432684,91.75834796787032
3,0.0007894736842105274,2400.0,6.098927343842583,1181180,92.85192519345028
4,0.022368421052631583,625.0,8.124407822812511,296364,130.38012039249006
5,0.022368421052631583,1387.5,7.4782355835905685,380001,114.96218957318531
6,0.022368421052631583,1662.5,7.272298426354439,358467,112.82453614977068
7,0.022368421052631583,2400.0,7.245330553097987,304051,118.91533986074718
8,0.04394736842105264,625.0,8.474899699097302,159520,140.15488966900702
9,0.04394736842105264,1387.5,7.923449301844992,209051,127.26015661250152
10,0.04394736842105264,1662.5,7.73530486858377,199709,125.59040403787515
11,0.04394736842105264,2400.0,7.91305670339761,174240,139.881789485767
12,0.0655263157894737,625.0,8.71006045397514,87670,149.0524352686209
13,0.0655263157894737,1387.5,8.223487123102325,118235,137.27803103987776
14,0.0655263157894737,1662.5,8.19022370652185,116179,139.47122974031404
15,0.0655263157894737,2400.0,8.429879115326294,102908,157.20758347261625
16,0.08710526315789476,625.0,9.024827158820246,51637,159.96020295524522
17,0.08710526315789476,1387.5,8.515981160817836,71553,149.57690103839101
18,0.08710526315789476,1662.5,8.488791566654033,71241,151.07744136101388
19,0.08710526315789476,2400.0,8.75327357278345,65372,169.82963654163854
20,0.1086842105263158,625.0,9.088154946437912,32579,160.09997237484268
21,0.1086842105263158,1387.5,8.759602925350856,45533,154.37052247820293
22,0.1086842105263158,1662.5,8.76304329443599,47304,160.2355191949941
23,0.1086842105263158,2400.0,9.02466583987873,43542,177.1837306508655
24,0.13026315789473686,625.0,9.1472204414324,21838,478.25446469456836
25,0.13026315789473686,1387.5,9.013362957238575,31056,161.98992143225158
26,0.13026315789473686,1662.5,8.93577017039302,32337,164.19006092092664
27,0.13026315789473686,2400.0,9.256727558436427,30546,183.55856740653462
28,0.1518421052631579,625.0,9.556971803785277,15534,176.81369898287628
29,0.1518421052631579,1387.5,9.000908719160352,22009,162.46249261665676
30,0.1518421052631579,1662.5,9.208709483277419,23262,175.61589717135197
31,0.1518421052631579,2400.0,9.511561848120392,22531,194.5627357862499
32,0.17342105263157898,625.0,9.553399770702823,11339,174.57165534879533
33,0.17342105263157898,1387.5,9.338801754702269,16641,175.28159365422738
34,0.17342105263157898,1662.5,9.408959704422125,17322,184.5375822653276
35,0.17342105263157898,2400.0,9.72102091456932,16926,204.1206427980622
36,0.195,625.0,9.699218307465713,8827,176.13288773082587
37,0.195,1387.5,9.352173913043483,12650,170.606245059289
38,0.195,1662.5,9.455539033457224,13450,182.0341263940523
39,0.195,2400.0,9.759906584300179,13274,208.1641554919389
40,0.2165789473684211,625.0,9.977531368543891,6854,191.18237525532493
41,0.2165789473684211,1387.5,9.635212541453134,9951,188.19596020500435
42,0.2165789473684211,1662.5,9.499015655760774,10667,183.70225930439682
43,0.2165789473684211,2400.0,9.929179273827497,10576,215.86677382753373
44,0.23815789473684212,625.0,9.864287008515994,5519,185.22902699764424
45,0.23815789473684212,1387.5,9.565264948954816,8228,183.22228974234352
46,0.23815789473684212,1662.5,9.652306304274227,8867,193.42404420886425
47,0.23815789473684212,2400.0,9.963052208835327,8715,214.6308663224325
48,0.25973684210526315,625.0,9.852386237513862,4505,190.303440621532
49,0.25973684210526315,1387.5,9.809133489461392,6832,191.74443793911018
50,0.25973684210526315,1662.5,9.59003508771932,7125,188.231719298246
51,0.25973684210526315,2400.0,9.910521275140225,7309,213.65987139143533
52,0.28131578947368424,625.0,10.378742918802262,3707,208.77528999190724
53,0.28131578947368424,1387.5,9.565862377122398,5595,183.0893655049147
54,0.28131578947368424,1662.5,9.626974887743216,6013,189.12472975220365
55,0.28131578947368424,2400.0,9.933019976498223,5957,212.67466845727708
56,0.3028947368421053,625.0,10.31206380857425,3009,199.24659355267536
57,0.3028947368421053,1387.5,9.910632746249178,4599,199.57447271145895
58,0.3028947368421053,1662.5,9.648440664236514,4938,192.32199270959907
59,0.3028947368421053,2400.0,10.04459241323646,4956,234.1394269572234
60,0.32447368421052636,625.0,10.16458333333331,2400,188.29374999999987
61,0.32447368421052636,1387.5,9.950088079859059,3406,197.9729888432177
62,0.32447368421052636,1662.5,9.873149566105196,3918,202.71337417049563
63,0.32447368421052636,2400.0,9.963020030816615,3894,217.2223934257835
64,0.3460526315789474,625.0,10.044340114762628,1917,202.60980699008866
65,0.3460526315789474,1387.5,9.963851109520427,2794,195.23657838224747
66,0.3460526315789474,1662.5,9.760135135135117,2960,186.2614864864866
67,0.3460526315789474,2400.0,9.827072758037218,2955,212.61015228426425
68,0.3676315789473684,625.0,10.228070175438587,1482,193.54790823211877
69,0.3676315789473684,1387.5,10.514558472553686,2095,227.16563245823383
70,0.3676315789473684,1662.5,10.323423423423428,2220,220.37297297297323
71,0.3676315789473684,2400.0,10.236171236171229,2079,228.94035594035577
72,0.3892105263157895,625.0,10.760850310008873,1129,212.8352524357843
73,0.3892105263157895,1387.5,10.253658536585348,1640,203.43292682926835
74,0.3892105263157895,1662.5,10.281026252983278,1676,232.2702863961812
75,0.3892105263157895,2400.0,10.60159893404395,1501,247.39040639573565
76,0.7,625.0,10.096908648836418,5758,203.23827717957633
77,0.7,1387.5,10.28026642288103,7657,214.0052239780594
78,0.7,1662.5,10.407164480322898,7928,231.61755802219923
79,0.7,2400.0,10.353961426391002,7207,239.40849174413722
