,voc_bin,elo_bin,rtmean,rtcount,rt_squaredmean
0,0.0007894736842105274,625.0,11.507323305185494,2446846,313.68495769656164
1,0.0007894736842105274,1387.5,10.945776366263154,3644942,298.6381731177065
2,0.0007894736842105274,1662.5,10.70180496521514,2963215,296.1830569162207
3,0.0007894736842105274,2400.0,10.659642365205022,1693739,315.7999798079858
4,0.022368421052631583,625.0,13.510784213509757,538055,390.960338627092
5,0.022368421052631583,1387.5,12.890496544533566,867032,368.5736893217317
6,0.022368421052631583,1662.5,12.679510666180354,740190,367.57512935867885
7,0.022368421052631583,2400.0,12.895404473633924,439732,407.493177662761
8,0.04394736842105264,625.0,14.086242320854089,292513,422.265311285311
9,0.04394736842105264,1387.5,13.585892538513768,477492,401.9133074480824
10,0.04394736842105264,1662.5,13.51040107950514,415005,413.67303526463803
11,0.04394736842105264,2400.0,13.890795638077398,249523,461.4393102038676
12,0.0655263157894737,625.0,14.56956022377836,161946,439.68622874291503
13,0.0655263157894737,1387.5,14.151659276476966,270178,433.33867672423503
14,0.0655263157894737,1662.5,14.16246669742348,240597,452.36793060595187
15,0.0655263157894737,2400.0,14.742146121537278,145947,521.483908542144
16,0.08710526315789476,625.0,14.895518007630736,95404,456.6095970818819
17,0.08710526315789476,1387.5,14.592574272730133,161735,478.6279160354893
18,0.08710526315789476,1662.5,14.768325852934208,148165,490.7070833192735
19,0.08710526315789476,2400.0,15.4312865655765,92129,553.7449988602937
20,0.1086842105263158,625.0,15.330208927194075,59638,494.90118716254875
21,0.1086842105263158,1387.5,14.94963452971013,103702,474.7565042139985
22,0.1086842105263158,1662.5,15.087447819202536,97258,502.0791194554672
23,0.1086842105263158,2400.0,15.896304269824185,61314,581.3038131584965
24,0.13026315789473686,625.0,15.566730325652971,40319,493.1464818075848
25,0.13026315789473686,1387.5,15.271442169718814,70387,498.3179422336486
26,0.13026315789473686,1662.5,15.587413004277119,67101,534.2409949181086
27,0.13026315789473686,2400.0,16.295090074178844,42465,613.6605439773936
28,0.1518421052631579,625.0,15.784954115635541,28659,518.70215290136
29,0.1518421052631579,1387.5,15.61972224997501,50045,515.7602757518233
30,0.1518421052631579,1662.5,15.847819743204969,47976,559.3282266133019
31,0.1518421052631579,2400.0,16.78011721985087,31394,639.3172262215687
32,0.17342105263157898,625.0,16.05708475217551,21144,516.1174328414689
33,0.17342105263157898,1387.5,15.984554839753137,37099,534.5754602549908
34,0.17342105263157898,1662.5,16.169098808065076,35908,574.7983736214755
35,0.17342105263157898,2400.0,17.01122738634907,23603,679.4837096979203
36,0.195,625.0,16.07201020904235,16456,511.73669178415236
37,0.195,1387.5,16.165451310142796,28661,552.9854506123332
38,0.195,1662.5,16.44547664840143,27557,584.7523315310117
39,0.195,2400.0,17.17732637935771,18215,689.8048311830904
40,0.2165789473684211,625.0,16.267319103028342,12977,522.5838791708395
41,0.2165789473684211,1387.5,16.279971666371615,22588,573.6291836373297
42,0.2165789473684211,1662.5,16.511044401630862,22319,618.2532371522017
43,0.2165789473684211,2400.0,17.142525438776225,14643,684.3129140203473
44,0.23815789473684212,625.0,16.36506416395322,10442,539.499329630339
45,0.23815789473684212,1387.5,16.296604221778363,18523,560.0359552988181
46,0.23815789473684212,1662.5,16.48919605077577,17725,599.6054724964762
47,0.23815789473684212,2400.0,17.470340383344375,12104,708.7213317911456
48,0.25973684210526315,625.0,16.80492645342054,8566,574.0804342750405
49,0.25973684210526315,1387.5,16.552654025326458,15241,568.584148021783
50,0.25973684210526315,1662.5,16.470158261802613,14912,586.984777360513
51,0.25973684210526315,2400.0,17.43944053169333,10081,709.7465529213366
52,0.28131578947368424,625.0,16.762303219401527,7051,572.3859027088365
53,0.28131578947368424,1387.5,16.583986211219063,12764,571.5419931056117
54,0.28131578947368424,1662.5,16.654299222694128,12479,590.8326789005519
55,0.28131578947368424,2400.0,17.320341047503028,8210,693.8063337393389
56,0.3028947368421053,625.0,16.547020566004573,5689,545.4477060994886
57,0.3028947368421053,1387.5,16.549941245593356,10212,554.0372111241641
58,0.3028947368421053,1662.5,17.198248720975847,10164,660.7690869736322
59,0.3028947368421053,2400.0,17.701728684441772,6826,736.9071198359202
60,0.32447368421052636,625.0,16.985629007296083,4523,586.3174883926589
61,0.32447368421052636,1387.5,17.01814590791262,8101,636.876928774224
62,0.32447368421052636,1662.5,17.225453172205516,7944,643.5852215508557
63,0.32447368421052636,2400.0,17.84659405575035,5417,737.4932619531075
64,0.3460526315789474,625.0,17.106418449569325,3599,586.0700194498442
65,0.3460526315789474,1387.5,16.784985182746198,6074,592.4425419822174
66,0.3460526315789474,1662.5,17.74710204081626,6125,719.1828571428583
67,0.3460526315789474,2400.0,18.037463271302673,4084,771.2323702252725
68,0.3676315789473684,625.0,17.200072753728623,2749,574.5583848672268
69,0.3676315789473684,1387.5,17.155959333765892,4623,604.7570841444949
70,0.3676315789473684,1662.5,17.35230769230768,4550,663.8934065934048
71,0.3676315789473684,2400.0,18.269406392694087,3066,776.1578604044355
72,0.3892105263157895,625.0,16.597633136094622,2197,544.5175238962221
73,0.3892105263157895,1387.5,17.404735376044517,3590,589.7980501392761
74,0.3892105263157895,1662.5,17.644369178662146,3543,680.051933389783
75,0.3892105263157895,2400.0,18.596317916479588,2227,783.4072743601246
76,0.7,625.0,16.598774749178745,11263,564.4941844979124
77,0.7,1387.5,17.20674963560944,17838,626.3764996075785
78,0.7,1662.5,18.04194301154509,16284,722.43963399656
79,0.7,2400.0,18.24149419485103,9905,788.0686521958601
