,voc_bin,U_bin,clock_bin,rtmean,rtcount,rt_squaredmean
0,0.0007894736842105274,0.1,30.0,5.215614134389893,197872,224.14737810301582
1,0.0007894736842105274,0.1,90.0,8.3223811582489,159603,312.2429590922475
2,0.0007894736842105274,0.1,150.0,9.174706143552063,195929,316.0843213613102
3,0.0007894736842105274,0.1,210.0,9.618810971535483,239456,318.180350461046
4,0.0007894736842105274,0.1,270.0,9.841367406222382,285036,293.34076397367346
5,0.0007894736842105274,0.1,330.0,9.763898723632158,336110,259.77568653119573
6,0.0007894736842105274,0.1,390.0,9.475517292896074,374836,224.5561605608858
7,0.0007894736842105274,0.1,450.0,8.675640099868614,375293,171.3270138265293
8,0.0007894736842105274,0.1,510.0,7.328306891301146,285026,111.76628097085961
9,0.0007894736842105274,0.1,570.0,5.244356865567726,84749,55.846535062360594
10,0.0007894736842105274,0.30000000000000004,30.0,6.42667860637114,60303,242.9276487073617
11,0.0007894736842105274,0.30000000000000004,90.0,11.025067300632882,57206,418.3977205188262
12,0.0007894736842105274,0.30000000000000004,150.0,12.41316558993545,73525,469.2493437606259
13,0.0007894736842105274,0.30000000000000004,210.0,13.05611251501726,96556,475.0702183189047
14,0.0007894736842105274,0.30000000000000004,270.0,13.221082940094343,125030,468.3200831800362
15,0.0007894736842105274,0.30000000000000004,330.0,13.236172923976955,159307,436.7358433716033
16,0.0007894736842105274,0.30000000000000004,390.0,12.61364507474125,206111,367.7426580822959
17,0.0007894736842105274,0.30000000000000004,450.0,11.430942434004585,263541,284.07669394894816
18,0.0007894736842105274,0.30000000000000004,510.0,9.225099607877809,316993,171.21594483158927
19,0.0007894736842105274,0.30000000000000004,570.0,5.796873956634109,209658,65.13691344952247
20,0.0007894736842105274,0.5,30.0,4.736080170039967,136909,164.89545610588073
21,0.0007894736842105274,0.5,90.0,9.172262602382576,119283,335.71225572797465
22,0.0007894736842105274,0.5,150.0,10.987786691705445,144842,405.5861076207192
23,0.0007894736842105274,0.5,210.0,12.275378951927255,184720,467.1974556084894
24,0.0007894736842105274,0.5,270.0,11.775497158566111,270638,443.45373155285034
25,0.0007894736842105274,0.5,330.0,14.323667343251154,287227,535.745525316211
26,0.0007894736842105274,0.5,390.0,14.60830935179408,397528,512.8568503350722
27,0.0007894736842105274,0.5,450.0,13.966728560644377,608029,426.46263253890965
28,0.0007894736842105274,0.5,510.0,11.728190691600792,1154828,274.3981224909673
29,0.0007894736842105274,0.5,570.0,5.352768826912172,4159126,60.269836018432486
30,0.0007894736842105274,0.7000000000000001,30.0,5.883120639167087,55322,207.93026282491627
31,0.0007894736842105274,0.7000000000000001,90.0,10.536920985443844,60318,361.42972247090404
32,0.0007894736842105274,0.7000000000000001,150.0,12.428180826150388,81559,448.19541681482025
33,0.0007894736842105274,0.7000000000000001,210.0,13.366116373477631,110850,486.6076138926466
34,0.0007894736842105274,0.7000000000000001,270.0,13.798162169603538,145280,481.62675523127876
35,0.0007894736842105274,0.7000000000000001,330.0,14.254082522894796,186833,479.73721451777806
36,0.0007894736842105274,0.7000000000000001,390.0,13.715324903969254,249920,419.09870358514524
37,0.0007894736842105274,0.7000000000000001,450.0,12.53779576773114,335990,326.5898746986526
38,0.0007894736842105274,0.7000000000000001,510.0,10.251023585851637,443783,202.6304522705916
39,0.0007894736842105274,0.7000000000000001,570.0,6.4466540074171395,392335,75.85463443230964
40,0.0007894736842105274,0.9,30.0,3.5667915812831765,264981,71.30379159260481
41,0.0007894736842105274,0.9,90.0,7.409692255697616,204163,194.44835254184014
42,0.0007894736842105274,0.9,150.0,8.892861016779413,239698,245.43636158833195
43,0.0007894736842105274,0.9,210.0,9.79339043002314,289217,274.3472306261396
44,0.0007894736842105274,0.9,270.0,10.326536934956815,342142,284.03344810049487
45,0.0007894736842105274,0.9,330.0,10.451921608802536,406066,271.85277762728373
46,0.0007894736842105274,0.9,390.0,10.14697160849266,463695,238.6622154649061
47,0.0007894736842105274,0.9,450.0,9.371359372251318,488858,189.7731406666141
48,0.0007894736842105274,0.9,510.0,7.922271984277698,423348,124.63758893392668
49,0.0007894736842105274,0.9,570.0,5.518033312688005,180832,58.18450827287196
50,0.022368421052631583,0.1,30.0,7.715809635285048,37591,349.3132664733598
51,0.022368421052631583,0.1,90.0,12.664953393152741,34437,517.5048058773972
52,0.022368421052631583,0.1,150.0,13.908602749493106,44881,550.054143178627
53,0.022368421052631583,0.1,210.0,14.157972541290018,58852,520.7416740297699
54,0.022368421052631583,0.1,270.0,14.109552254447348,76338,486.89615918677424
55,0.022368421052631583,0.1,330.0,13.599512895772175,96078,423.21742750681653
56,0.022368421052631583,0.1,390.0,12.482265862319748,116865,329.1306892568342
57,0.022368421052631583,0.1,450.0,10.964990227092553,127393,242.26518725518716
58,0.022368421052631583,0.1,510.0,8.726624015748046,105664,146.01847365233172
59,0.022368421052631583,0.1,570.0,5.929919054507402,32491,64.68181958080696
60,0.022368421052631583,0.30000000000000004,30.0,6.8067470956210805,13428,200.07335418528513
61,0.022368421052631583,0.30000000000000004,90.0,12.546596940368417,12812,444.70379331876427
62,0.022368421052631583,0.30000000000000004,150.0,14.477172582619424,16340,556.9621175030594
63,0.022368421052631583,0.30000000000000004,210.0,15.340627794249082,21249,596.0496493952652
64,0.022368421052631583,0.30000000000000004,270.0,15.998559285405502,27764,595.1458723526904
65,0.022368421052631583,0.30000000000000004,330.0,16.01989712283087,35382,579.3051834266046
66,0.022368421052631583,0.30000000000000004,390.0,15.221773847342597,46588,475.58160899802533
67,0.022368421052631583,0.30000000000000004,450.0,13.767855407637686,61746,364.426003303856
68,0.022368421052631583,0.30000000000000004,510.0,10.943486375513327,80370,216.87248973497668
69,0.022368421052631583,0.30000000000000004,570.0,6.528114344861172,65696,75.46680163175859
70,0.022368421052631583,0.5,30.0,6.574011774600511,16646,309.7046137210133
71,0.022368421052631583,0.5,90.0,12.970360078731028,17274,594.3840453861302
72,0.022368421052631583,0.5,150.0,15.206460552524442,23094,664.8293063133283
73,0.022368421052631583,0.5,210.0,16.420886662956836,32346,692.164718976073
74,0.022368421052631583,0.5,270.0,15.067350562986512,52932,616.7606929645583
75,0.022368421052631583,0.5,330.0,18.58266666666669,59250,767.324101265822
76,0.022368421052631583,0.5,390.0,18.36002668958646,88424,698.0078824753433
77,0.022368421052631583,0.5,450.0,16.78643810966954,147826,544.2809248711309
78,0.022368421052631583,0.5,510.0,13.406269053182472,303427,322.98761151776137
79,0.022368421052631583,0.5,570.0,6.1317122108599245,877170,72.80385558101611
80,0.022368421052631583,0.7000000000000001,30.0,5.958553184981276,13077,142.95006499961713
81,0.022368421052631583,0.7000000000000001,90.0,11.504281499604245,13897,400.6995034899612
82,0.022368421052631583,0.7000000000000001,150.0,13.598977594083118,18388,472.94126604307115
83,0.022368421052631583,0.7000000000000001,210.0,14.957867017774873,24304,523.4065174456864
84,0.022368421052631583,0.7000000000000001,270.0,15.641192975818905,31719,550.7630442321657
85,0.022368421052631583,0.7000000000000001,330.0,15.845941260709012,39803,529.7238901590338
86,0.022368421052631583,0.7000000000000001,390.0,15.191656518835718,50914,470.92556074949863
87,0.022368421052631583,0.7000000000000001,450.0,13.757865937072527,64328,358.5839758736455
88,0.022368421052631583,0.7000000000000001,510.0,11.146324347227399,75524,220.93568931730383
89,0.022368421052631583,0.7000000000000001,570.0,6.9754496790204605,48757,82.7532867075499
90,0.022368421052631583,0.9,30.0,5.301740391588113,27580,129.56591733139993
91,0.022368421052631583,0.9,90.0,10.501547531319144,27140,315.3097273397226
92,0.022368421052631583,0.9,150.0,12.488244536494769,35005,381.4615912012557
93,0.022368421052631583,0.9,210.0,13.537874659400531,45875,413.96573297002647
94,0.022368421052631583,0.9,270.0,14.228683994909591,57363,440.57863082474825
95,0.022368421052631583,0.9,330.0,13.93911772411986,72517,401.7038625425741
96,0.022368421052631583,0.9,390.0,12.964830668297273,87491,336.39700083437117
97,0.022368421052631583,0.9,450.0,11.351954785855002,96430,245.94338898682983
98,0.022368421052631583,0.9,510.0,9.103783625087168,81747,151.2608780750369
99,0.022368421052631583,0.9,570.0,6.078862580548472,26692,69.19432788850543
100,0.04394736842105264,0.1,30.0,7.874002614614814,22183,358.6565838705309
101,0.04394736842105264,0.1,90.0,13.121560218512219,19587,553.1770051564793
102,0.04394736842105264,0.1,150.0,14.407503595972525,25028,592.5717995844656
103,0.04394736842105264,0.1,210.0,14.91185813415581,32425,575.7130917501936
104,0.04394736842105264,0.1,270.0,15.06220708315219,41394,550.0889259312984
105,0.04394736842105264,0.1,330.0,14.49384505381944,51747,476.6971418632949
106,0.04394736842105264,0.1,390.0,13.402223215996965,62612,380.1174854660477
107,0.04394736842105264,0.1,450.0,11.7656328849287,69357,274.6830312729786
108,0.04394736842105264,0.1,510.0,9.214888563198118,59361,161.9095534104884
109,0.04394736842105264,0.1,570.0,5.99325807463153,19134,64.80824709940396
110,0.04394736842105264,0.30000000000000004,30.0,8.046810117025279,7947,383.0839310431622
111,0.04394736842105264,0.30000000000000004,90.0,14.279878588592343,7907,588.006955861893
112,0.04394736842105264,0.30000000000000004,150.0,16.060828425219672,10357,660.4341025393453
113,0.04394736842105264,0.30000000000000004,210.0,16.924824803567496,14127,725.0276067105534
114,0.04394736842105264,0.30000000000000004,270.0,17.010087045570845,19530,669.6704045058865
115,0.04394736842105264,0.30000000000000004,330.0,17.44041430215487,25199,653.0711933013224
116,0.04394736842105264,0.30000000000000004,390.0,16.26323294049179,34365,535.92096609923
117,0.04394736842105264,0.30000000000000004,450.0,14.607436174953843,47121,405.96937671102074
118,0.04394736842105264,0.30000000000000004,510.0,11.353235400855189,63377,233.34995345314528
119,0.04394736842105264,0.30000000000000004,570.0,6.697777453643791,54847,79.75285795029778
120,0.04394736842105264,0.5,30.0,8.003285151116927,7610,315.1743758212878
121,0.04394736842105264,0.5,90.0,14.664845794924336,8787,666.04961875498
122,0.04394736842105264,0.5,150.0,16.761340124144514,12566,692.8550851504033
123,0.04394736842105264,0.5,210.0,18.34433126660758,18064,811.4742028343659
124,0.04394736842105264,0.5,270.0,17.40687102454459,27827,742.8599920940104
125,0.04394736842105264,0.5,330.0,19.550773309765784,33945,801.3368390042696
126,0.04394736842105264,0.5,390.0,18.90771776155728,51375,717.3538491484218
127,0.04394736842105264,0.5,450.0,16.819538491091503,83292,534.3416294482066
128,0.04394736842105264,0.5,510.0,13.302539390259026,153147,315.10410259423884
129,0.04394736842105264,0.5,570.0,6.530092538440733,299227,79.8263392006732
130,0.04394736842105264,0.7000000000000001,30.0,6.74393430384474,8037,185.51088714694558
131,0.04394736842105264,0.7000000000000001,90.0,12.593361444480488,9249,420.3639312358097
132,0.04394736842105264,0.7000000000000001,150.0,14.712824230707204,12414,519.8096503947138
133,0.04394736842105264,0.7000000000000001,210.0,16.161957351818078,17023,586.1537331845127
134,0.04394736842105264,0.7000000000000001,270.0,16.6444927603275,21617,615.245593745664
135,0.04394736842105264,0.7000000000000001,330.0,16.654562284168133,28089,578.8725835736403
136,0.04394736842105264,0.7000000000000001,390.0,15.690317009304195,35898,482.2628837261113
137,0.04394736842105264,0.7000000000000001,450.0,14.047029094080532,44717,368.300400295188
138,0.04394736842105264,0.7000000000000001,510.0,11.026387514889644,49531,215.46340675536462
139,0.04394736842105264,0.7000000000000001,570.0,7.042414174972292,27090,83.96917681801403
140,0.04394736842105264,0.9,30.0,4.610831312566068,16083,103.69470869862577
141,0.04394736842105264,0.9,90.0,9.950439819781195,13983,315.6625187727967
142,0.04394736842105264,0.9,150.0,12.116368960468522,17075,368.1477598828691
143,0.04394736842105264,0.9,210.0,13.138202764976995,21700,426.14972350230414
144,0.04394736842105264,0.9,270.0,13.840709305850202,26392,437.5215216732344
145,0.04394736842105264,0.9,330.0,13.48369889234048,31869,386.48555022121957
146,0.04394736842105264,0.9,390.0,12.77183098591552,36920,335.8883531960995
147,0.04394736842105264,0.9,450.0,11.281846598982078,38709,244.54987212276185
148,0.04394736842105264,0.9,510.0,9.135275985890898,31469,152.5166989735934
149,0.04394736842105264,0.9,570.0,6.281798245614078,10032,67.48554625199381
150,0.0655263157894737,0.1,30.0,8.348969945598865,11213,336.9443503076779
151,0.0655263157894737,0.1,90.0,14.363752205449957,10202,632.7078023916866
152,0.0655263157894737,0.1,150.0,15.528604118993137,13110,654.0834477498099
153,0.0655263157894737,0.1,210.0,16.042020746644727,17063,649.3433159467846
154,0.0655263157894737,0.1,270.0,15.971255466472277,21952,602.3938137755082
155,0.0655263157894737,0.1,330.0,15.692274052478174,27440,550.4337463556839
156,0.0655263157894737,0.1,390.0,14.201128829958767,33486,427.4700770471237
157,0.0655263157894737,0.1,450.0,12.310062475076409,37615,308.7336700784252
158,0.0655263157894737,0.1,510.0,9.581245070080724,32962,176.52730416843573
159,0.0655263157894737,0.1,570.0,6.210128362933,11374,69.68137858273242
160,0.0655263157894737,0.30000000000000004,30.0,8.368693918245258,5015,277.9754735792619
161,0.0655263157894737,0.30000000000000004,90.0,14.474554234769672,5384,534.8779717682015
162,0.0655263157894737,0.30000000000000004,150.0,17.019705131840087,7054,728.7288063510052
163,0.0655263157894737,0.30000000000000004,210.0,18.319868013198704,10001,817.8833116688302
164,0.0655263157894737,0.30000000000000004,270.0,18.291593949970906,13752,778.7408376963319
165,0.0655263157894737,0.30000000000000004,330.0,18.476657512750002,17843,723.3306618842101
166,0.0655263157894737,0.30000000000000004,390.0,17.16651767574155,24610,583.1693620479506
167,0.0655263157894737,0.30000000000000004,450.0,15.223167239404324,34920,437.758963344789
168,0.0655263157894737,0.30000000000000004,510.0,11.823750342877627,47393,249.2065705905934
169,0.0655263157894737,0.30000000000000004,570.0,6.777568309826357,42966,81.92964204254523
170,0.0655263157894737,0.5,30.0,9.072196620583702,4557,598.5380732938359
171,0.0655263157894737,0.5,90.0,15.129148492319324,5273,616.1080978570097
172,0.0655263157894737,0.5,150.0,18.253026010816367,7766,798.2416945660518
173,0.0655263157894737,0.5,210.0,18.81600146466498,10924,818.6867447821297
174,0.0655263157894737,0.5,270.0,18.799826636121555,16151,809.5816977276957
175,0.0655263157894737,0.5,330.0,20.28477944740665,20630,842.1286960736787
176,0.0655263157894737,0.5,390.0,18.939827614246205,30745,701.7727435355355
177,0.0655263157894737,0.5,450.0,16.87025209373145,47284,529.5383004821905
178,0.0655263157894737,0.5,510.0,13.298506700049822,78283,313.2099306362814
179,0.0655263157894737,0.5,570.0,7.001787709497227,111875,88.66239106145267
180,0.0655263157894737,0.7000000000000001,30.0,7.017092411720498,5324,259.0535311795643
181,0.0655263157894737,0.7000000000000001,90.0,12.849899261249169,5956,434.3146406984551
182,0.0655263157894737,0.7000000000000001,150.0,15.226492134021852,8327,540.9642128017302
183,0.0655263157894737,0.7000000000000001,210.0,16.929881630071293,11067,662.9557242251772
184,0.0655263157894737,0.7000000000000001,270.0,17.26014683474169,14438,637.8865493835712
185,0.0655263157894737,0.7000000000000001,330.0,17.327874240017543,18257,614.3595881031957
186,0.0655263157894737,0.7000000000000001,390.0,16.00927878532258,23710,504.6264023618714
187,0.0655263157894737,0.7000000000000001,450.0,14.085383749104171,29303,370.45892911988574
188,0.0655263157894737,0.7000000000000001,510.0,11.122598470731834,31126,216.3372100494761
189,0.0655263157894737,0.7000000000000001,570.0,7.087928843710312,15740,84.61067344345645
190,0.0655263157894737,0.9,30.0,5.118472683368546,6626,94.69921521279815
191,0.0655263157894737,0.9,90.0,10.619078311311608,6206,338.3145343216248
192,0.0655263157894737,0.9,150.0,12.231878358893702,7629,356.71451042076194
193,0.0655263157894737,0.9,210.0,13.429785425961311,9414,430.56575313362896
194,0.0655263157894737,0.9,270.0,13.635405781957559,11484,409.76567398119255
195,0.0655263157894737,0.9,330.0,13.632188118086587,13651,409.58779576587796
196,0.0655263157894737,0.9,390.0,12.749739243807069,15340,333.7854628422423
197,0.0655263157894737,0.9,450.0,10.938601626016286,15375,240.01931707317053
198,0.0655263157894737,0.9,510.0,8.986197256923226,11447,149.2702891587315
199,0.0655263157894737,0.9,570.0,5.9828277046365255,3494,60.767029192902186
200,0.08710526315789476,0.1,30.0,8.643720518867823,6784,339.03729363207515
201,0.08710526315789476,0.1,90.0,14.904990403071034,6252,711.6228406909781
202,0.08710526315789476,0.1,150.0,16.288290576581186,7874,732.0378460756936
203,0.08710526315789476,0.1,210.0,16.227773914771003,10067,673.9997019966232
204,0.08710526315789476,0.1,270.0,16.47435590651668,12537,628.4743559065191
205,0.08710526315789476,0.1,330.0,15.987904522936343,15543,574.9083188573645
206,0.08710526315789476,0.1,390.0,14.756528620416752,18955,461.2495911369021
207,0.08710526315789476,0.1,450.0,12.813559322033928,21240,326.0450094161965
208,0.08710526315789476,0.1,510.0,10.064230461456365,18745,190.11480394771945
209,0.08710526315789476,0.1,570.0,6.436363636363639,6875,75.29832727272702
210,0.08710526315789476,0.30000000000000004,30.0,9.191131919581375,3631,365.7882126136054
211,0.08710526315789476,0.30000000000000004,90.0,16.382455201925644,3739,737.3495587055321
212,0.08710526315789476,0.30000000000000004,150.0,18.26224783861669,5205,807.2124879923133
213,0.08710526315789476,0.30000000000000004,210.0,19.166249652488222,7194,910.7467333889324
214,0.08710526315789476,0.30000000000000004,270.0,18.560958350181995,9892,755.5453902143157
215,0.08710526315789476,0.30000000000000004,330.0,19.084918478260846,13248,769.0627264492739
216,0.08710526315789476,0.30000000000000004,390.0,18.003488118596103,18348,638.823741007194
217,0.08710526315789476,0.30000000000000004,450.0,15.753510319957034,26066,467.2437274610591
218,0.08710526315789476,0.30000000000000004,510.0,12.22692961198846,35901,268.4384557533201
219,0.08710526315789476,0.30000000000000004,570.0,6.908452673107367,32191,85.80876642539826
220,0.08710526315789476,0.5,30.0,9.043402170108509,2857,327.9940497024849
221,0.08710526315789476,0.5,90.0,16.04679223072392,3398,638.9702766333131
222,0.08710526315789476,0.5,150.0,17.987442694837583,5017,791.3348614709967
223,0.08710526315789476,0.5,210.0,19.620621468926547,7080,869.4745762711899
224,0.08710526315789476,0.5,270.0,19.771969847252617,10082,884.3847450902616
225,0.08710526315789476,0.5,330.0,20.335720887245888,12984,832.3874768946417
226,0.08710526315789476,0.5,390.0,19.209071432303986,19137,714.0014631342475
227,0.08710526315789476,0.5,450.0,16.832315221662675,27993,522.0182545636426
228,0.08710526315789476,0.5,510.0,13.264621639101952,43292,313.0735932735835
229,0.08710526315789476,0.5,570.0,7.198887780364315,54126,93.98564460702836
230,0.08710526315789476,0.7000000000000001,30.0,6.80023061400981,3469,213.65350245027378
231,0.08710526315789476,0.7000000000000001,90.0,13.521505376344097,3906,535.8138760880677
232,0.08710526315789476,0.7000000000000001,150.0,16.355314776760707,5353,676.6657948813748
233,0.08710526315789476,0.7000000000000001,210.0,17.355446927374306,7160,696.1247206703899
234,0.08710526315789476,0.7000000000000001,270.0,17.81621102093118,9364,679.5103588210152
235,0.08710526315789476,0.7000000000000001,330.0,17.406198483349804,12132,619.7218925156573
236,0.08710526315789476,0.7000000000000001,390.0,16.381516433452646,15365,522.4732834363823
237,0.08710526315789476,0.7000000000000001,450.0,14.121479904178882,18785,375.5859462336957
238,0.08710526315789476,0.7000000000000001,510.0,11.20714322741175,19291,222.198797366647
239,0.08710526315789476,0.7000000000000001,570.0,7.228156400174741,9156,88.11937527304478
240,0.08710526315789476,0.9,30.0,4.955926294820727,4016,137.69995019920336
241,0.08710526315789476,0.9,90.0,9.952558941920662,3478,278.4039677975855
242,0.08710526315789476,0.9,150.0,11.951040681173138,4228,390.844607379375
243,0.08710526315789476,0.9,210.0,12.682961460446244,4930,383.0805273833657
244,0.08710526315789476,0.9,270.0,13.07695010541112,5692,386.00562192550865
245,0.08710526315789476,0.9,330.0,12.678041315990809,6535,362.9314460596783
246,0.08710526315789476,0.9,390.0,11.661217340534218,6851,281.1990950226249
247,0.08710526315789476,0.9,450.0,10.446004842614968,6195,225.54947538337385
248,0.08710526315789476,0.9,510.0,8.417438821572826,4209,130.9724400095041
249,0.08710526315789476,0.9,570.0,5.825806451612906,1085,58.88387096774191
250,0.1086842105263158,0.1,30.0,8.532932747862294,4327,323.6112780217234
251,0.1086842105263158,0.1,90.0,14.983346143991792,3903,686.565206251602
252,0.1086842105263158,0.1,150.0,16.66185696361344,4782,733.7024257632786
253,0.1086842105263158,0.1,210.0,16.633061889250875,6140,688.7705211726394
254,0.1086842105263158,0.1,270.0,17.22520634088835,7633,719.9986898991227
255,0.1086842105263158,0.1,330.0,16.83834626421513,9409,633.2050164735876
256,0.1086842105263158,0.1,390.0,15.341968011126486,11504,493.0022600834476
257,0.1086842105263158,0.1,450.0,13.298135179793881,12709,356.14839877252314
258,0.1086842105263158,0.1,510.0,10.478888428038138,12055,208.2811281625874
259,0.1086842105263158,0.1,570.0,6.486175624861765,4521,75.04092015040895
260,0.1086842105263158,0.30000000000000004,30.0,9.341344348479174,2663,302.3732632369514
261,0.1086842105263158,0.30000000000000004,90.0,16.45816326530615,2940,677.249999999999
262,0.1086842105263158,0.30000000000000004,150.0,18.37256371814091,4002,843.3105947026476
263,0.1086842105263158,0.30000000000000004,210.0,19.385961841414296,5713,853.6737265884814
264,0.1086842105263158,0.30000000000000004,270.0,19.886331671141807,7821,853.0322209436113
265,0.1086842105263158,0.30000000000000004,330.0,19.75379125780553,10089,806.5288928536023
266,0.1086842105263158,0.30000000000000004,390.0,18.072954481988262,14324,632.6701340407694
267,0.1086842105263158,0.30000000000000004,450.0,16.137415307402733,19925,491.120803011293
268,0.1086842105263158,0.30000000000000004,510.0,12.545586632764277,27530,279.6916818016716
269,0.1086842105263158,0.30000000000000004,570.0,6.930259659856503,27459,85.44513638515592
270,0.1086842105263158,0.5,30.0,9.39736441966551,1973,409.4764318297023
271,0.1086842105263158,0.5,90.0,16.080321285140535,2241,642.2570281124493
272,0.1086842105263158,0.5,150.0,17.880922299431464,3166,773.7994314592554
273,0.1086842105263158,0.5,210.0,19.336944975568272,4707,820.434034416824
274,0.1086842105263158,0.5,270.0,19.705728364644337,6494,836.7839544194637
275,0.1086842105263158,0.5,330.0,20.827476789281942,8509,853.8153719591002
276,0.1086842105263158,0.5,390.0,19.08663163080963,12178,697.3508786336042
277,0.1086842105263158,0.5,450.0,16.8182492581602,17524,520.5712736818061
278,0.1086842105263158,0.5,510.0,13.03850777368161,24956,299.63475717262395
279,0.1086842105263158,0.5,570.0,7.439776137561868,24658,97.06440100575855
280,0.1086842105263158,0.7000000000000001,30.0,7.4501061571125184,2355,351.67261146496725
281,0.1086842105263158,0.7000000000000001,90.0,14.384763370527121,2599,575.6098499422856
282,0.1086842105263158,0.7000000000000001,150.0,16.863151991026307,3566,694.3073471676926
283,0.1086842105263158,0.7000000000000001,210.0,17.307825335062677,4626,691.8702983138795
284,0.1086842105263158,0.7000000000000001,270.0,17.830662481414173,6053,694.5846687592925
285,0.1086842105263158,0.7000000000000001,330.0,18.08662337662341,7700,667.672597402598
286,0.1086842105263158,0.7000000000000001,390.0,16.703449647082188,10059,535.5160552738824
287,0.1086842105263158,0.7000000000000001,450.0,14.474495848161308,11802,386.51838671411616
288,0.1086842105263158,0.7000000000000001,510.0,11.244405229806752,12467,222.78912328547395
289,0.1086842105263158,0.7000000000000001,570.0,7.185849870578063,5795,86.26643658326107
290,0.1086842105263158,0.9,30.0,4.305949008498567,2824,73.21033994334283
291,0.1086842105263158,0.9,90.0,9.209677419354845,2232,235.28494623655922
292,0.1086842105263158,0.9,150.0,10.837641357027465,2476,299.5945072697886
293,0.1086842105263158,0.9,210.0,11.675822312648387,2949,355.7958630044083
294,0.1086842105263158,0.9,270.0,11.303258901629444,3314,300.12100181050226
295,0.1086842105263158,0.9,330.0,11.63796033994333,3530,316.4390934844194
296,0.1086842105263158,0.9,390.0,10.506288388417689,3419,240.66013454226402
297,0.1086842105263158,0.9,450.0,9.563920454545462,2816,184.80965909090872
298,0.1086842105263158,0.9,510.0,8.070465686274508,1632,156.0238970588234
299,0.1086842105263158,0.9,570.0,5.909348441926346,353,59.17847025495754
300,0.13026315789473686,0.1,30.0,8.76470588235296,2907,367.3990368077056
301,0.13026315789473686,0.1,90.0,15.697816928379941,2611,781.1126005361929
302,0.13026315789473686,0.1,150.0,17.059730250481685,3114,794.1380860629404
303,0.13026315789473686,0.1,210.0,17.605966587112174,4190,757.2045346062039
304,0.13026315789473686,0.1,270.0,18.043837232160445,5087,765.3054845685076
305,0.13026315789473686,0.1,330.0,17.048542107835175,6139,629.5219091057161
306,0.13026315789473686,0.1,390.0,16.348458790845296,7559,567.1692022754343
307,0.13026315789473686,0.1,450.0,14.127384761227685,8439,395.9576964095273
308,0.13026315789473686,0.1,510.0,11.091445769186262,8639,225.1083458733647
309,0.13026315789473686,0.1,570.0,7.006800870511399,3676,85.94532100108803
310,0.13026315789473686,0.30000000000000004,30.0,9.055392156862718,2040,331.55343137254874
311,0.13026315789473686,0.30000000000000004,90.0,16.39655172413795,2204,658.1687840290367
312,0.13026315789473686,0.30000000000000004,150.0,18.565259117082512,3126,866.4161868202169
313,0.13026315789473686,0.30000000000000004,210.0,20.203213610585948,4232,931.0675803402647
314,0.13026315789473686,0.30000000000000004,270.0,20.20896032831734,5848,907.5988372092994
315,0.13026315789473686,0.30000000000000004,330.0,20.247776365946635,7870,840.4571791613739
316,0.13026315789473686,0.30000000000000004,390.0,18.740696278511365,10829,685.3762120232665
317,0.13026315789473686,0.30000000000000004,450.0,16.467413375253876,15267,500.7947861400413
318,0.13026315789473686,0.30000000000000004,510.0,12.950014014762177,21406,301.36316920489554
319,0.13026315789473686,0.30000000000000004,570.0,7.199990663367724,21421,95.32500816955269
320,0.13026315789473686,0.5,30.0,9.28666175386883,1357,395.3441414885774
321,0.13026315789473686,0.5,90.0,16.330827067669208,1596,688.4799498746856
322,0.13026315789473686,0.5,150.0,18.864229765013068,2298,820.1288076588323
323,0.13026315789473686,0.5,210.0,20.623515077672913,3283,945.7639354249153
324,0.13026315789473686,0.5,270.0,20.21007098491565,4508,849.4975598935229
325,0.13026315789473686,0.5,330.0,20.281164850136154,5872,838.2985354223443
326,0.13026315789473686,0.5,390.0,19.05338120885704,8355,692.4625972471578
327,0.13026315789473686,0.5,450.0,16.514273204903652,11420,505.28292469352
328,0.13026315789473686,0.5,510.0,12.964804649661032,15485,293.823700355184
329,0.13026315789473686,0.5,570.0,7.542771227348268,12637,98.27538181530414
330,0.13026315789473686,0.7000000000000001,30.0,8.084767367750192,1569,245.24346717654436
331,0.13026315789473686,0.7000000000000001,90.0,13.863793103448264,1740,489.9580459770114
332,0.13026315789473686,0.7000000000000001,150.0,16.38778220451517,2259,645.1252766710958
333,0.13026315789473686,0.7000000000000001,210.0,17.9828645328161,3093,718.4995150339474
334,0.13026315789473686,0.7000000000000001,270.0,18.186495983935735,3984,704.2638052208833
335,0.13026315789473686,0.7000000000000001,330.0,18.37438713473226,5099,704.456756226709
336,0.13026315789473686,0.7000000000000001,390.0,16.47509339975087,6424,526.8754669987543
337,0.13026315789473686,0.7000000000000001,450.0,14.432403997895866,7604,384.36428195686545
338,0.13026315789473686,0.7000000000000001,510.0,11.309457755359388,7930,225.33997477931902
339,0.13026315789473686,0.7000000000000001,570.0,6.992225201072384,3730,81.83512064343151
340,0.13026315789473686,0.9,30.0,4.036460865337852,2057,60.74039863879418
341,0.13026315789473686,0.9,90.0,8.485284909204747,1597,235.05259862241712
342,0.13026315789473686,0.9,150.0,10.363847045191186,1726,274.88064889918786
343,0.13026315789473686,0.9,210.0,10.79426096372499,1847,293.10611802923694
344,0.13026315789473686,0.9,270.0,11.07372116349047,1994,307.77783350050186
345,0.13026315789473686,0.9,330.0,10.401742497579853,2066,253.58373668925464
346,0.13026315789473686,0.9,390.0,9.91822916666669,1920,240.60260416666628
347,0.13026315789473686,0.9,450.0,8.894308943089422,1353,162.5025868440504
348,0.13026315789473686,0.9,510.0,7.723035952063917,751,116.64713715046616
349,0.13026315789473686,0.9,570.0,5.598591549295773,142,57.767605633802845
350,0.1518421052631579,0.1,30.0,8.780047505938226,2105,289.88883610451234
351,0.1518421052631579,0.1,90.0,15.237003912800441,1789,662.8065958636103
352,0.1518421052631579,0.1,150.0,16.31149012567323,2228,674.1490125673246
353,0.1518421052631579,0.1,210.0,18.191066997518604,2821,859.7493796526044
354,0.1518421052631579,0.1,270.0,18.82653921844246,3557,817.9314028675852
355,0.1518421052631579,0.1,330.0,17.835917611663916,4321,684.1275167785219
356,0.1518421052631579,0.1,390.0,17.246019992595357,5402,610.0442428730098
357,0.1518421052631579,0.1,450.0,14.738573193329204,6476,415.45413835701
358,0.1518421052631579,0.1,510.0,11.627025374503193,6542,252.2895139101194
359,0.1518421052631579,0.1,570.0,6.862000660283906,3029,84.08946847144296
360,0.1518421052631579,0.30000000000000004,30.0,9.637122671804738,1557,444.11368015414155
361,0.1518421052631579,0.30000000000000004,90.0,16.136686390532546,1690,651.3639053254441
362,0.1518421052631579,0.30000000000000004,150.0,19.191053511705682,2392,892.6810200668903
363,0.1518421052631579,0.30000000000000004,210.0,20.490443987062623,3401,886.100558659218
364,0.1518421052631579,0.30000000000000004,270.0,20.675995694294905,4645,984.5382131324017
365,0.1518421052631579,0.30000000000000004,330.0,20.613887086307578,6164,843.5502920181675
366,0.1518421052631579,0.30000000000000004,390.0,18.903283369022137,8406,688.4702593385662
367,0.1518421052631579,0.30000000000000004,450.0,16.66296233457761,11788,515.7871564302703
368,0.1518421052631579,0.30000000000000004,510.0,12.800208371636959,16317,290.2486363914938
369,0.1518421052631579,0.30000000000000004,570.0,7.317725066648425,14629,94.69198168022396
370,0.1518421052631579,0.5,30.0,8.644981412639417,1076,275.59665427509356
371,0.1518421052631579,0.5,90.0,16.941266209000737,1311,771.4370709382159
372,0.1518421052631579,0.5,150.0,18.094369973190382,1865,730.4536193029481
373,0.1518421052631579,0.5,210.0,19.444356748224166,2534,776.0142067876881
374,0.1518421052631579,0.5,270.0,20.361184403400777,3411,895.868660216945
375,0.1518421052631579,0.5,330.0,20.59871339840283,4508,853.3396184560775
376,0.1518421052631579,0.5,390.0,19.333942819148874,6016,730.8745013297885
377,0.1518421052631579,0.5,450.0,16.440770665009353,8045,506.4807955251702
378,0.1518421052631579,0.5,510.0,12.597103749256124,10082,281.2332870462201
379,0.1518421052631579,0.5,570.0,7.628501827040195,7389,100.63053187170064
380,0.1518421052631579,0.7000000000000001,30.0,7.652137468566644,1193,547.0469404861701
381,0.1518421052631579,0.7000000000000001,90.0,14.449066213921915,1178,642.1247877758904
382,0.1518421052631579,0.7000000000000001,150.0,17.209529627367115,1637,763.798411728771
383,0.1518421052631579,0.7000000000000001,210.0,18.09815950920247,2119,734.7494100991026
384,0.1518421052631579,0.7000000000000001,270.0,18.739046141915477,2579,769.461806901899
385,0.1518421052631579,0.7000000000000001,330.0,18.241389461289387,3397,684.3626729467177
386,0.1518421052631579,0.7000000000000001,390.0,17.114677832053943,4299,559.200279134681
387,0.1518421052631579,0.7000000000000001,450.0,14.667198723064596,5012,397.98483639265777
388,0.1518421052631579,0.7000000000000001,510.0,11.344616561484044,5229,227.70300248613435
389,0.1518421052631579,0.7000000000000001,570.0,7.130101010101003,2475,84.74464646464666
390,0.1518421052631579,0.9,30.0,4.261619190404789,1334,79.28110944527735
391,0.1518421052631579,0.9,90.0,8.790338164251212,1035,213.5342995169086
392,0.1518421052631579,0.9,150.0,10.027978339350167,1108,280.0189530685923
393,0.1518421052631579,0.9,210.0,9.923651452282135,1205,248.38838174273795
394,0.1518421052631579,0.9,270.0,10.573998364677022,1223,282.8340147179059
395,0.1518421052631579,0.9,330.0,10.367109634551488,1204,252.4933554817277
396,0.1518421052631579,0.9,390.0,9.064981949458478,1108,197.71119133573958
397,0.1518421052631579,0.9,450.0,8.243741765480895,759,157.36890645586297
398,0.1518421052631579,0.9,510.0,7.201017811704835,393,96.4173027989822
399,0.1518421052631579,0.9,570.0,6.092307692307692,65,58.523076923076914
400,0.17342105263157898,0.1,30.0,8.753194351042355,1487,291.5776731674508
401,0.17342105263157898,0.1,90.0,16.253673627223517,1293,771.6457849961329
402,0.17342105263157898,0.1,150.0,19.1800720288115,1666,935.9483793517378
403,0.17342105263157898,0.1,210.0,18.33008763388515,2054,817.0331061343711
404,0.17342105263157898,0.1,270.0,19.189681335356546,2636,858.5235204855846
405,0.17342105263157898,0.1,330.0,19.24549067563439,3271,823.0039743197784
406,0.17342105263157898,0.1,390.0,17.757765531062113,3992,633.1856212424847
407,0.17342105263157898,0.1,450.0,15.424279088525882,4959,434.2151643476493
408,0.17342105263157898,0.1,510.0,11.720147874306797,5410,247.06950092421323
409,0.17342105263157898,0.1,570.0,6.993273542600895,2676,85.295216741405
410,0.17342105263157898,0.30000000000000004,30.0,9.19253112033194,1205,374.70124481327883
411,0.17342105263157898,0.30000000000000004,90.0,17.77194298574645,1333,810.4726181545387
412,0.17342105263157898,0.30000000000000004,150.0,20.297838692672588,1897,1003.9646810753806
413,0.17342105263157898,0.30000000000000004,210.0,21.202498107494286,2642,1055.724072672214
414,0.17342105263157898,0.30000000000000004,270.0,20.895844723892804,3658,980.8100054674644
415,0.17342105263157898,0.30000000000000004,330.0,20.974824597606197,4846,886.3479158068492
416,0.17342105263157898,0.30000000000000004,390.0,19.580759728227275,6476,738.8380172946256
417,0.17342105263157898,0.30000000000000004,450.0,17.064399341744426,9115,547.0652770159102
418,0.17342105263157898,0.30000000000000004,510.0,13.043736457748171,12461,297.263462001445
419,0.17342105263157898,0.30000000000000004,570.0,7.300075089168391,10654,94.18293598648414
420,0.17342105263157898,0.5,30.0,9.014909478168267,939,430.1778487752927
421,0.17342105263157898,0.5,90.0,15.432664756446968,1047,541.5931232091693
422,0.17342105263157898,0.5,150.0,19.53403141361255,1528,949.7159685863857
423,0.17342105263157898,0.5,210.0,19.960668633234974,2034,880.2458210422801
424,0.17342105263157898,0.5,270.0,20.496788817529268,2647,879.6709482432921
425,0.17342105263157898,0.5,330.0,19.649874055415548,3573,751.5569549398232
426,0.17342105263157898,0.5,390.0,18.410384531826956,4603,653.9320008689969
427,0.17342105263157898,0.5,450.0,16.114453891432326,6116,469.1756049705694
428,0.17342105263157898,0.5,510.0,12.448190449979396,7267,270.7412962708134
429,0.17342105263157898,0.5,570.0,7.465419747716368,4598,95.29186602870794
430,0.17342105263157898,0.7000000000000001,30.0,6.904856293359769,1009,179.3766105054513
431,0.17342105263157898,0.7000000000000001,90.0,14.093220338983063,944,579.936440677967
432,0.17342105263157898,0.7000000000000001,150.0,16.59015025041737,1198,686.436560934891
433,0.17342105263157898,0.7000000000000001,210.0,17.305890227576953,1494,753.4303882195431
434,0.17342105263157898,0.7000000000000001,270.0,19.206656731246905,2013,788.0879284649762
435,0.17342105263157898,0.7000000000000001,330.0,18.53553719008263,2420,705.7677685950413
436,0.17342105263157898,0.7000000000000001,390.0,16.64342366159948,3026,552.053205551882
437,0.17342105263157898,0.7000000000000001,450.0,14.17817109144544,3390,368.32507374631183
438,0.17342105263157898,0.7000000000000001,510.0,10.970822281167088,3393,212.65193044503349
439,0.17342105263157898,0.7000000000000001,570.0,7.183951965065492,1832,86.76255458515276
440,0.17342105263157898,0.9,30.0,3.6627771295215834,857,93.47141190198374
441,0.17342105263157898,0.9,90.0,6.9335494327390546,617,133.3938411669367
442,0.17342105263157898,0.9,150.0,7.98371335504885,614,201.42671009772027
443,0.17342105263157898,0.9,210.0,8.813291139240514,632,204.9082278481013
444,0.17342105263157898,0.9,270.0,9.10207336523127,627,215.39553429027123
445,0.17342105263157898,0.9,330.0,8.216071428571416,560,161.62678571428566
446,0.17342105263157898,0.9,390.0,7.917030567685589,458,142.98689956331881
447,0.17342105263157898,0.9,450.0,8.179687500000005,256,140.55468750000014
448,0.17342105263157898,0.9,510.0,7.47727272727273,132,104.05303030303037
449,0.17342105263157898,0.9,570.0,7.142857142857142,28,87.28571428571432
450,0.195,0.1,30.0,8.325581395348832,989,245.0778564206267
451,0.195,0.1,90.0,15.92323869610934,951,726.6109358569926
452,0.195,0.1,150.0,19.29692556634307,1236,1018.627022653722
453,0.195,0.1,210.0,19.718176060797912,1579,906.4122862571244
454,0.195,0.1,270.0,19.95108135942329,1942,921.4505664263655
455,0.195,0.1,330.0,20.248444628784746,2411,838.9676482787218
456,0.195,0.1,390.0,18.489190858554604,3238,681.743668931436
457,0.195,0.1,450.0,15.558044315992245,4152,455.3297206165697
458,0.195,0.1,510.0,11.780513691360634,4711,247.8484398216934
459,0.195,0.1,570.0,6.822444889779553,2495,80.04569138276554
460,0.195,0.30000000000000004,30.0,10.167006109979663,982,501.96130346232275
461,0.195,0.30000000000000004,90.0,18.314186248912087,1149,851.6927763272428
462,0.195,0.30000000000000004,150.0,20.976562500000007,1536,987.9856770833309
463,0.195,0.30000000000000004,210.0,20.530064754856646,2162,982.3635522664202
464,0.195,0.30000000000000004,270.0,21.27196512407782,2982,1007.6220657276995
465,0.195,0.30000000000000004,330.0,21.474610870119847,3919,924.7249298290379
466,0.195,0.30000000000000004,390.0,19.646652599271082,5213,756.2693266832918
467,0.195,0.30000000000000004,450.0,16.618677592540276,7078,510.24258265046774
468,0.195,0.30000000000000004,510.0,13.008126735932505,9721,298.142166443781
469,0.195,0.30000000000000004,570.0,7.33852280955828,8286,94.6571325126719
470,0.195,0.5,30.0,8.750582750582744,858,267.83682983683013
471,0.195,0.5,90.0,17.593453009503683,947,1006.6578669482589
472,0.195,0.5,150.0,18.86827747466876,1283,884.5845674201092
473,0.195,0.5,210.0,19.202322738386275,1636,795.9235941320278
474,0.195,0.5,270.0,19.771830985915454,2130,785.5633802816886
475,0.195,0.5,330.0,20.427869427869407,2849,849.5286065286068
476,0.195,0.5,390.0,18.44007391763467,3788,652.7558078141512
477,0.195,0.5,450.0,16.2272824460124,4677,484.3919178960863
478,0.195,0.5,510.0,12.407524091919994,5396,269.8267234988877
479,0.195,0.5,570.0,7.632457496136003,3235,101.03833075734175
480,0.195,0.7000000000000001,30.0,7.508816120906815,794,210.96473551637303
481,0.195,0.7000000000000001,90.0,13.245795601552405,773,447.38551099612016
482,0.195,0.7000000000000001,150.0,16.264673311184932,903,642.2757475083048
483,0.195,0.7000000000000001,210.0,17.486666666666682,1200,681.8150000000002
484,0.195,0.7000000000000001,270.0,17.860973888496854,1417,681.3966125617501
485,0.195,0.7000000000000001,330.0,17.973700305810375,1635,666.9938837920478
486,0.195,0.7000000000000001,390.0,16.299751861042193,2015,512.9369727047143
487,0.195,0.7000000000000001,450.0,14.499148211243579,2348,393.9897785349239
488,0.195,0.7000000000000001,510.0,11.532903225806479,2325,239.94236559139787
489,0.195,0.7000000000000001,570.0,7.349348534201939,1228,93.35586319218227
490,0.195,0.9,30.0,3.05181347150259,386,24.554404145077704
491,0.195,0.9,90.0,5.409482758620692,232,83.43534482758623
492,0.195,0.9,150.0,6.269709543568466,241,84.58506224066396
493,0.195,0.9,210.0,9.02966101694915,236,201.11440677966107
494,0.195,0.9,270.0,8.463963963963963,222,188.6711711711713
495,0.195,0.9,330.0,7.624365482233502,197,152.61928934010163
496,0.195,0.9,390.0,6.314465408805034,159,89.33333333333336
497,0.195,0.9,450.0,4.753424657534245,73,43.46575342465751
498,0.195,0.9,510.0,3.538461538461538,13,20.61538461538461
499,0.195,0.9,570.0,5.0,2,25.0
500,0.2165789473684211,0.1,30.0,9.696236559139788,744,486.0403225806446
501,0.2165789473684211,0.1,90.0,17.34893048128339,748,1129.3141711229941
502,0.2165789473684211,0.1,150.0,20.151939655172384,928,973.509698275861
503,0.2165789473684211,0.1,210.0,20.698541329011324,1234,989.0372771474873
504,0.2165789473684211,0.1,270.0,20.520793346129263,1563,966.7818298144582
505,0.2165789473684211,0.1,330.0,20.722332015810238,2024,883.2480237154135
506,0.2165789473684211,0.1,390.0,18.993353028065023,2708,682.5251107828642
507,0.2165789473684211,0.1,450.0,16.669306389950766,3662,528.8047515019097
508,0.2165789473684211,0.1,510.0,12.180542986425337,4420,269.43981900452457
509,0.2165789473684211,0.1,570.0,7.20910160847391,2549,91.40054923499405
510,0.2165789473684211,0.30000000000000004,30.0,10.028537455410227,841,454.85136741973776
511,0.2165789473684211,0.30000000000000004,90.0,17.659528907922944,934,850.0535331905792
512,0.2165789473684211,0.30000000000000004,150.0,19.908082408874805,1262,926.3423137876389
513,0.2165789473684211,0.30000000000000004,210.0,21.810253388332246,1697,1055.505008839121
514,0.2165789473684211,0.30000000000000004,270.0,21.367888748419677,2373,1013.9553308048876
515,0.2165789473684211,0.30000000000000004,330.0,21.462969004893925,3065,967.6156606851517
516,0.2165789473684211,0.30000000000000004,390.0,19.414593698175707,4221,706.9620942904539
517,0.2165789473684211,0.30000000000000004,450.0,16.841354417325547,5818,521.5240632519755
518,0.2165789473684211,0.30000000000000004,510.0,12.931066542701567,7529,289.8791340151416
519,0.2165789473684211,0.30000000000000004,570.0,7.446589067334575,6787,98.95594518933218
520,0.2165789473684211,0.5,30.0,8.647382920110203,726,392.6336088154266
521,0.2165789473684211,0.5,90.0,17.07377049180331,854,699.2377049180327
522,0.2165789473684211,0.5,150.0,19.565656565656564,1089,1000.0468319559222
523,0.2165789473684211,0.5,210.0,19.874673629242793,1532,862.032637075717
524,0.2165789473684211,0.5,270.0,20.697172236503793,1945,890.7125964010279
525,0.2165789473684211,0.5,330.0,19.512313282196228,2477,774.1978199434794
526,0.2165789473684211,0.5,390.0,17.945175438596518,3192,636.0761278195478
527,0.2165789473684211,0.5,450.0,15.742791528451088,3919,483.5646848685877
528,0.2165789473684211,0.5,510.0,11.882295719844342,4112,243.66342412451323
529,0.2165789473684211,0.5,570.0,7.427738442315707,2401,95.63182007496876
530,0.2165789473684211,0.7000000000000001,30.0,6.054232804232806,756,177.9695767195767
531,0.2165789473684211,0.7000000000000001,90.0,11.021558872305148,603,302.03980099502456
532,0.2165789473684211,0.7000000000000001,150.0,14.897506925207766,722,701.6703601108035
533,0.2165789473684211,0.7000000000000001,210.0,15.364880273660216,877,563.1824401368297
534,0.2165789473684211,0.7000000000000001,270.0,16.347701149425284,1044,603.6273946360146
535,0.2165789473684211,0.7000000000000001,330.0,16.705263157894773,1140,637.268421052632
536,0.2165789473684211,0.7000000000000001,390.0,16.441926345609076,1412,592.9164305949016
537,0.2165789473684211,0.7000000000000001,450.0,13.916609235010343,1451,385.3225361819431
538,0.2165789473684211,0.7000000000000001,510.0,11.64897381457891,1413,242.02264685067212
539,0.2165789473684211,0.7000000000000001,570.0,7.533802816901408,710,95.11690140845073
540,0.2165789473684211,0.9,30.0,0.0,0,0.0
541,0.2165789473684211,0.9,90.0,0.0,0,0.0
542,0.2165789473684211,0.9,150.0,0.0,0,0.0
543,0.2165789473684211,0.9,210.0,0.0,0,0.0
544,0.2165789473684211,0.9,270.0,0.0,0,0.0
545,0.2165789473684211,0.9,330.0,0.0,0,0.0
546,0.2165789473684211,0.9,390.0,0.0,0,0.0
547,0.2165789473684211,0.9,450.0,0.0,0,0.0
548,0.2165789473684211,0.9,510.0,0.0,0,0.0
549,0.2165789473684211,0.9,570.0,0.0,0,0.0
550,0.23815789473684212,0.1,30.0,10.599001663893507,601,809.4575707154735
551,0.23815789473684212,0.1,90.0,17.24232081911262,586,855.9351535836179
552,0.23815789473684212,0.1,150.0,18.797023004059547,739,787.625169147497
553,0.23815789473684212,0.1,210.0,20.575667655786326,1011,931.3669634025706
554,0.23815789473684212,0.1,270.0,21.126843657817098,1356,996.8613569321546
555,0.23815789473684212,0.1,330.0,21.606444188722676,1738,918.5316455696203
556,0.23815789473684212,0.1,390.0,19.408493870402722,2284,749.1957092819619
557,0.23815789473684212,0.1,450.0,16.181065872227773,3021,476.46507778881175
558,0.23815789473684212,0.1,510.0,12.583699870633907,3865,282.86416558861464
559,0.23815789473684212,0.1,570.0,7.396577380952385,2688,96.61383928571429
560,0.23815789473684212,0.30000000000000004,30.0,11.336633663366353,707,652.9717114568587
561,0.23815789473684212,0.30000000000000004,90.0,18.850490196078432,816,1001.2132352941168
562,0.23815789473684212,0.30000000000000004,150.0,20.425492033739484,1067,993.7825679475161
563,0.23815789473684212,0.30000000000000004,210.0,21.498044328552794,1534,1017.0091264667528
564,0.23815789473684212,0.30000000000000004,270.0,20.970358814352572,1923,961.1159646385853
565,0.23815789473684212,0.30000000000000004,330.0,21.122967076556982,2521,907.7838159460533
566,0.23815789473684212,0.30000000000000004,390.0,20.129435140505237,3523,778.7766108430292
567,0.23815789473684212,0.30000000000000004,450.0,16.63591397849454,4650,515.7004301075268
568,0.23815789473684212,0.30000000000000004,510.0,13.20757201646089,6075,312.08460905349807
569,0.23815789473684212,0.30000000000000004,570.0,7.33231892878878,4929,96.689592209373
570,0.23815789473684212,0.5,30.0,9.141524105754282,643,510.606531881804
571,0.23815789473684212,0.5,90.0,14.817357512953377,772,528.9805699481873
572,0.23815789473684212,0.5,150.0,18.74925668979191,1009,830.9137760158582
573,0.23815789473684212,0.5,210.0,19.587548638132297,1285,820.2677042801562
574,0.23815789473684212,0.5,270.0,19.93589743589741,1638,841.0506715506701
575,0.23815789473684212,0.5,330.0,19.218468468468494,2220,743.8833333333326
576,0.23815789473684212,0.5,390.0,17.721496646664296,2833,591.9064595834807
577,0.23815789473684212,0.5,450.0,15.460117031105625,3247,450.6569140745294
578,0.23815789473684212,0.5,510.0,12.048515142605119,3401,253.2758012349313
579,0.23815789473684212,0.5,570.0,7.288196218702086,1957,90.32243229432791
580,0.23815789473684212,0.7000000000000001,30.0,6.011605415860731,517,166.20502901353987
581,0.23815789473684212,0.7000000000000001,90.0,11.61870503597123,417,365.1151079136689
582,0.23815789473684212,0.7000000000000001,150.0,12.242424242424251,462,382.3809523809528
583,0.23815789473684212,0.7000000000000001,210.0,16.476808905380306,539,683.9387755102041
584,0.23815789473684212,0.7000000000000001,270.0,15.460317460317455,630,538.5142857142866
585,0.23815789473684212,0.7000000000000001,330.0,16.49928876244669,703,546.6671408250347
586,0.23815789473684212,0.7000000000000001,390.0,14.409033877038906,797,493.54077791718953
587,0.23815789473684212,0.7000000000000001,450.0,14.449880668257762,838,415.9773269689743
588,0.23815789473684212,0.7000000000000001,510.0,11.024258760107822,742,210.4609164420487
589,0.23815789473684212,0.7000000000000001,570.0,7.3702928870292865,478,91.26987447698743
590,0.23815789473684212,0.9,30.0,0.0,0,0.0
591,0.23815789473684212,0.9,90.0,0.0,0,0.0
592,0.23815789473684212,0.9,150.0,0.0,0,0.0
593,0.23815789473684212,0.9,210.0,0.0,0,0.0
594,0.23815789473684212,0.9,270.0,0.0,0,0.0
595,0.23815789473684212,0.9,330.0,0.0,0,0.0
596,0.23815789473684212,0.9,390.0,0.0,0,0.0
597,0.23815789473684212,0.9,450.0,0.0,0,0.0
598,0.23815789473684212,0.9,510.0,0.0,0,0.0
599,0.23815789473684212,0.9,570.0,0.0,0,0.0
600,0.25973684210526315,0.1,30.0,8.953290870488305,471,224.27813163481977
601,0.25973684210526315,0.1,90.0,19.093959731543638,447,965.2102908277404
602,0.25973684210526315,0.1,150.0,22.304482225656873,647,1250.7403400309101
603,0.25973684210526315,0.1,210.0,22.048919226393622,879,1100.094425483506
604,0.25973684210526315,0.1,270.0,21.720303285593914,1187,1085.1676495366494
605,0.25973684210526315,0.1,330.0,20.97710437710437,1485,949.2303030302999
606,0.25973684210526315,0.1,390.0,19.074255007327764,2047,694.0170981924771
607,0.25973684210526315,0.1,450.0,17.038686131386893,2740,542.4496350364975
608,0.25973684210526315,0.1,510.0,12.818720045108513,3547,296.76740907809364
609,0.25973684210526315,0.1,570.0,7.164996420901943,2794,93.55941302791703
610,0.25973684210526315,0.30000000000000004,30.0,9.890572390572384,594,263.0892255892257
611,0.25973684210526315,0.30000000000000004,90.0,18.865606936416185,692,885.4089595375732
612,0.25973684210526315,0.30000000000000004,150.0,20.202355460385427,934,901.5235546038546
613,0.25973684210526315,0.30000000000000004,210.0,21.39571768437749,1261,1028.6328310864408
614,0.25973684210526315,0.30000000000000004,270.0,21.738577212261465,1729,984.0485829959504
615,0.25973684210526315,0.30000000000000004,330.0,21.00513299113395,2143,897.7452169855342
616,0.25973684210526315,0.30000000000000004,390.0,19.61462919065354,2953,754.4619031493379
617,0.25973684210526315,0.30000000000000004,450.0,16.840920848422098,3866,514.3965338851496
618,0.25973684210526315,0.30000000000000004,510.0,13.227682227682216,4884,311.5655200655194
619,0.25973684210526315,0.30000000000000004,570.0,6.238029556650235,5075,76.9146798029559
620,0.25973684210526315,0.5,30.0,10.509369676320265,587,664.9931856899481
621,0.25973684210526315,0.5,90.0,15.640060240963841,664,553.5557228915662
622,0.25973684210526315,0.5,150.0,18.41028571428573,875,707.6491428571426
623,0.25973684210526315,0.5,210.0,19.257889990982935,1109,807.205590622182
624,0.25973684210526315,0.5,270.0,20.08005336891262,1499,875.6704469646423
625,0.25973684210526315,0.5,330.0,19.26298523783484,1829,737.0388190267918
626,0.25973684210526315,0.5,390.0,18.3261894556365,2333,645.6206600942986
627,0.25973684210526315,0.5,450.0,15.25550167847819,2681,431.5248041775447
628,0.25973684210526315,0.5,510.0,11.793930839802389,2834,247.3500352858153
629,0.25973684210526315,0.5,570.0,7.443472829481576,1601,96.32042473454102
630,0.25973684210526315,0.7000000000000001,30.0,4.813888888888884,360,97.7472222222222
631,0.25973684210526315,0.7000000000000001,90.0,11.17028985507246,276,321.1702898550727
632,0.25973684210526315,0.7000000000000001,150.0,13.564705882352943,340,471.52941176470614
633,0.25973684210526315,0.7000000000000001,210.0,15.531531531531531,333,925.9699699699706
634,0.25973684210526315,0.7000000000000001,270.0,15.334963325183377,409,492.37163814180946
635,0.25973684210526315,0.7000000000000001,330.0,15.374689826302731,403,554.9330024813901
636,0.25973684210526315,0.7000000000000001,390.0,15.04567307692308,416,506.4062499999996
637,0.25973684210526315,0.7000000000000001,450.0,13.981176470588249,425,377.2564705882353
638,0.25973684210526315,0.7000000000000001,510.0,10.139896373056986,386,176.37823834196885
639,0.25973684210526315,0.7000000000000001,570.0,7.413612565445025,191,91.84293193717275
640,0.25973684210526315,0.9,30.0,0.0,0,0.0
641,0.25973684210526315,0.9,90.0,0.0,0,0.0
642,0.25973684210526315,0.9,150.0,0.0,0,0.0
643,0.25973684210526315,0.9,210.0,0.0,0,0.0
644,0.25973684210526315,0.9,270.0,0.0,0,0.0
645,0.25973684210526315,0.9,330.0,0.0,0,0.0
646,0.25973684210526315,0.9,390.0,0.0,0,0.0
647,0.25973684210526315,0.9,450.0,0.0,0,0.0
648,0.25973684210526315,0.9,510.0,0.0,0,0.0
649,0.25973684210526315,0.9,570.0,0.0,0,0.0
650,0.28131578947368424,0.1,30.0,11.087719298245615,456,747.2017543859645
651,0.28131578947368424,0.1,90.0,19.644028103044487,427,1063.1053864168596
652,0.28131578947368424,0.1,150.0,20.959578207381394,569,1020.8224956063274
653,0.28131578947368424,0.1,210.0,22.46104725415069,783,1102.6424010217115
654,0.28131578947368424,0.1,270.0,21.341277407054374,1049,959.3336510962823
655,0.28131578947368424,0.1,330.0,21.166788588149227,1367,924.1836137527436
656,0.28131578947368424,0.1,390.0,19.47248471372985,1799,712.9344080044463
657,0.28131578947368424,0.1,450.0,17.012155591572064,2468,551.7082658022689
658,0.28131578947368424,0.1,510.0,12.9658432448917,3279,303.90393412625747
659,0.28131578947368424,0.1,570.0,7.24389380530975,2825,94.19610619469039
660,0.28131578947368424,0.30000000000000004,30.0,10.229338842975201,484,400.05165289256126
661,0.28131578947368424,0.30000000000000004,90.0,18.355060034305325,583,719.7478559176657
662,0.28131578947368424,0.30000000000000004,150.0,19.660024906600295,803,924.3972602739716
663,0.28131578947368424,0.30000000000000004,210.0,20.673469387755112,1029,928.2128279883383
664,0.28131578947368424,0.30000000000000004,270.0,20.584293948126827,1388,945.1059077809804
665,0.28131578947368424,0.30000000000000004,330.0,21.311493018259984,1862,938.6627282491943
666,0.28131578947368424,0.30000000000000004,390.0,20.246224832214768,2384,752.5868288590603
667,0.28131578947368424,0.30000000000000004,450.0,17.052090032154272,3110,538.898392282958
668,0.28131578947368424,0.30000000000000004,510.0,12.882036847492289,3908,292.9373080859769
669,0.28131578947368424,0.30000000000000004,570.0,7.14459930313588,2870,93.06724738675926
670,0.28131578947368424,0.5,30.0,9.446124763705095,529,257.8506616257089
671,0.28131578947368424,0.5,90.0,16.90186125211508,591,737.6395939086295
672,0.28131578947368424,0.5,150.0,19.188010899182572,734,883.3324250681204
673,0.28131578947368424,0.5,210.0,20.63422131147542,976,951.6485655737707
674,0.28131578947368424,0.5,270.0,18.981361426256058,1234,743.6993517017825
675,0.28131578947368424,0.5,330.0,19.33438885370491,1579,746.1006966434458
676,0.28131578947368424,0.5,390.0,17.65619924201406,1847,607.2642122360584
677,0.28131578947368424,0.5,450.0,14.65669642857141,2240,392.8468750000011
678,0.28131578947368424,0.5,510.0,11.462044756472098,2279,232.7336551118908
679,0.28131578947368424,0.5,570.0,7.487697715289977,1138,96.68101933216175
680,0.28131578947368424,0.7000000000000001,30.0,4.864000000000002,250,107.09600000000005
681,0.28131578947368424,0.7000000000000001,90.0,9.461538461538465,195,304.16923076923075
682,0.28131578947368424,0.7000000000000001,150.0,12.207627118644057,236,337.70762711864415
683,0.28131578947368424,0.7000000000000001,210.0,13.627376425855513,263,418.9353612167303
684,0.28131578947368424,0.7000000000000001,270.0,15.952380952380942,294,656.4081632653065
685,0.28131578947368424,0.7000000000000001,330.0,12.433691756272399,279,323.9103942652331
686,0.28131578947368424,0.7000000000000001,390.0,12.895104895104891,286,334.5314685314685
687,0.28131578947368424,0.7000000000000001,450.0,12.035999999999998,250,270.6760000000003
688,0.28131578947368424,0.7000000000000001,510.0,9.712418300653594,153,172.9019607843138
689,0.28131578947368424,0.7000000000000001,570.0,5.999999999999998,66,53.27272727272727
690,0.28131578947368424,0.9,30.0,0.0,0,0.0
691,0.28131578947368424,0.9,90.0,0.0,0,0.0
692,0.28131578947368424,0.9,150.0,0.0,0,0.0
693,0.28131578947368424,0.9,210.0,0.0,0,0.0
694,0.28131578947368424,0.9,270.0,0.0,0,0.0
695,0.28131578947368424,0.9,330.0,0.0,0,0.0
696,0.28131578947368424,0.9,390.0,0.0,0,0.0
697,0.28131578947368424,0.9,450.0,0.0,0,0.0
698,0.28131578947368424,0.9,510.0,0.0,0,0.0
699,0.28131578947368424,0.9,570.0,0.0,0,0.0
700,0.3028947368421053,0.1,30.0,9.470588235294116,459,289.48801742919403
701,0.3028947368421053,0.1,90.0,18.12981744421907,493,770.9087221095334
702,0.3028947368421053,0.1,150.0,19.86935483870966,620,907.9370967741937
703,0.3028947368421053,0.1,210.0,21.534969325153323,815,1092.2220858895703
704,0.3028947368421053,0.1,270.0,21.461464354527983,1038,1061.683044315991
705,0.3028947368421053,0.1,330.0,21.13112283345891,1327,988.5342878673705
706,0.3028947368421053,0.1,390.0,19.51875360646274,1733,769.5372186959029
707,0.3028947368421053,0.1,450.0,16.9776151528196,2323,520.5118381403373
708,0.3028947368421053,0.1,510.0,13.136509980682554,3106,311.82163554410823
709,0.3028947368421053,0.1,570.0,7.278695468022032,2361,92.09614570097433
710,0.3028947368421053,0.30000000000000004,30.0,9.414556962025317,316,265.62974683544337
711,0.3028947368421053,0.30000000000000004,90.0,18.560906515580733,353,742.8498583569408
712,0.3028947368421053,0.30000000000000004,150.0,21.045454545454557,528,979.9469696969692
713,0.3028947368421053,0.30000000000000004,210.0,22.88559322033898,708,1185.1991525423728
714,0.3028947368421053,0.30000000000000004,270.0,22.679245283018805,954,1116.2830188679236
715,0.3028947368421053,0.30000000000000004,330.0,21.216575449569984,1279,896.5285379202509
716,0.3028947368421053,0.30000000000000004,390.0,19.932703003337043,1798,750.3520578420473
717,0.3028947368421053,0.30000000000000004,450.0,16.66226012793174,2345,504.4012793176973
718,0.3028947368421053,0.30000000000000004,510.0,13.015748031496067,2794,296.7759484609863
719,0.3028947368421053,0.30000000000000004,570.0,7.606753812636157,1836,102.96623093681912
720,0.3028947368421053,0.5,30.0,8.91754756871036,473,243.39957716701895
721,0.3028947368421053,0.5,90.0,16.113402061855677,485,677.5195876288664
722,0.3028947368421053,0.5,150.0,18.683788121990368,623,1004.3242375601957
723,0.3028947368421053,0.5,210.0,18.485294117647065,816,787.3725490196067
724,0.3028947368421053,0.5,270.0,19.185658153241636,1018,782.865422396856
725,0.3028947368421053,0.5,330.0,19.05060422960725,1324,772.8935045317223
726,0.3028947368421053,0.5,390.0,17.764476252439813,1537,607.8165256994123
727,0.3028947368421053,0.5,450.0,14.873589164785551,1772,402.9458239277659
728,0.3028947368421053,0.5,510.0,11.661645422943229,1726,246.37891077636112
729,0.3028947368421053,0.5,570.0,7.187721369539548,847,88.5548996458087
730,0.3028947368421053,0.7000000000000001,30.0,4.244019138755984,209,49.727272727272734
731,0.3028947368421053,0.7000000000000001,90.0,12.033333333333335,120,447.48333333333346
732,0.3028947368421053,0.7000000000000001,150.0,12.400000000000002,170,441.01176470588234
733,0.3028947368421053,0.7000000000000001,210.0,15.540983606557385,183,711.2568306010934
734,0.3028947368421053,0.7000000000000001,270.0,13.471910112359549,178,448.1573033707866
735,0.3028947368421053,0.7000000000000001,330.0,12.584999999999999,200,378.6849999999999
736,0.3028947368421053,0.7000000000000001,390.0,13.622093023255815,172,401.27325581395377
737,0.3028947368421053,0.7000000000000001,450.0,11.376712328767127,146,272.0616438356166
738,0.3028947368421053,0.7000000000000001,510.0,12.892857142857148,112,349.75
739,0.3028947368421053,0.7000000000000001,570.0,7.853658536585366,82,108.46341463414629
740,0.3028947368421053,0.9,30.0,0.0,0,0.0
741,0.3028947368421053,0.9,90.0,0.0,0,0.0
742,0.3028947368421053,0.9,150.0,0.0,0,0.0
743,0.3028947368421053,0.9,210.0,0.0,0,0.0
744,0.3028947368421053,0.9,270.0,0.0,0,0.0
745,0.3028947368421053,0.9,330.0,0.0,0,0.0
746,0.3028947368421053,0.9,390.0,0.0,0,0.0
747,0.3028947368421053,0.9,450.0,0.0,0,0.0
748,0.3028947368421053,0.9,510.0,0.0,0,0.0
749,0.3028947368421053,0.9,570.0,0.0,0,0.0
750,0.32447368421052636,0.1,30.0,10.38973384030417,526,558.0551330798481
751,0.32447368421052636,0.1,90.0,17.67145790554416,487,714.5585215605746
752,0.32447368421052636,0.1,150.0,19.79707792207792,616,1008.306818181818
753,0.32447368421052636,0.1,210.0,21.56797966963153,787,1163.6340533672171
754,0.32447368421052636,0.1,270.0,19.895450145208134,1033,984.5537270087128
755,0.32447368421052636,0.1,330.0,20.783849918433933,1226,860.3923327895596
756,0.32447368421052636,0.1,390.0,19.879288437102918,1574,831.7141041931385
757,0.32447368421052636,0.1,450.0,17.023422562141455,2092,559.2739005736145
758,0.32447368421052636,0.1,510.0,12.869918699186996,2583,296.8946960898181
759,0.32447368421052636,0.1,570.0,7.20057859209256,2074,90.71552555448407
760,0.32447368421052636,0.30000000000000004,30.0,11.08433734939759,166,338.4216867469878
761,0.32447368421052636,0.30000000000000004,90.0,20.81018518518519,216,1002.9953703703699
762,0.32447368421052636,0.30000000000000004,150.0,24.03939393939394,330,1159.9545454545453
763,0.32447368421052636,0.30000000000000004,210.0,24.314851485148502,505,1125.7841584158411
764,0.32447368421052636,0.30000000000000004,270.0,23.482035928143663,668,1178.4670658682628
765,0.32447368421052636,0.30000000000000004,330.0,22.732283464566898,889,1042.8830146231726
766,0.32447368421052636,0.30000000000000004,390.0,20.465204236006027,1322,794.0128593040862
767,0.32447368421052636,0.30000000000000004,450.0,18.409145607701515,1662,641.6185318892894
768,0.32447368421052636,0.30000000000000004,510.0,14.363777089783241,1938,413.96336429308536
769,0.32447368421052636,0.30000000000000004,570.0,9.211036539895591,1341,153.1648023862791
770,0.32447368421052636,0.5,30.0,9.72703412073491,381,616.2204724409444
771,0.32447368421052636,0.5,90.0,19.023584905660364,424,993.896226415095
772,0.32447368421052636,0.5,150.0,18.27831094049905,521,809.1765834932824
773,0.32447368421052636,0.5,210.0,19.30633284241534,679,899.3976435935207
774,0.32447368421052636,0.5,270.0,20.009937888198767,805,843.3937888198758
775,0.32447368421052636,0.5,330.0,18.87599206349208,1008,711.9990079365091
776,0.32447368421052636,0.5,390.0,17.630113141862484,1149,624.4099216710184
777,0.32447368421052636,0.5,450.0,14.684971098265885,1384,397.9364161849712
778,0.32447368421052636,0.5,510.0,11.50820953870213,1279,237.63174354964772
779,0.32447368421052636,0.5,570.0,7.227786752827144,619,91.18901453957999
780,0.32447368421052636,0.7000000000000001,30.0,5.1329113924050604,158,112.0569620253164
781,0.32447368421052636,0.7000000000000001,90.0,8.821428571428571,112,195.2142857142857
782,0.32447368421052636,0.7000000000000001,150.0,14.725663716814152,113,432.35398230088487
783,0.32447368421052636,0.7000000000000001,210.0,13.904411764705884,136,433.0367647058825
784,0.32447368421052636,0.7000000000000001,270.0,14.850340136054433,147,534.1836734693875
785,0.32447368421052636,0.7000000000000001,330.0,14.556521739130437,115,558.9565217391304
786,0.32447368421052636,0.7000000000000001,390.0,11.603174603174606,126,259.74603174603163
787,0.32447368421052636,0.7000000000000001,450.0,9.663265306122454,98,187.41836734693874
788,0.32447368421052636,0.7000000000000001,510.0,8.84931506849315,73,149.94520547945208
789,0.32447368421052636,0.7000000000000001,570.0,5.227272727272726,22,39.68181818181817
790,0.32447368421052636,0.9,30.0,0.0,0,0.0
791,0.32447368421052636,0.9,90.0,0.0,0,0.0
792,0.32447368421052636,0.9,150.0,0.0,0,0.0
793,0.32447368421052636,0.9,210.0,0.0,0,0.0
794,0.32447368421052636,0.9,270.0,0.0,0,0.0
795,0.32447368421052636,0.9,330.0,0.0,0,0.0
796,0.32447368421052636,0.9,390.0,0.0,0,0.0
797,0.32447368421052636,0.9,450.0,0.0,0,0.0
798,0.32447368421052636,0.9,510.0,0.0,0,0.0
799,0.32447368421052636,0.9,570.0,0.0,0,0.0
800,0.3460526315789474,0.1,30.0,10.10238095238095,420,384.49761904761937
801,0.3460526315789474,0.1,90.0,17.679452054794524,365,749.8328767123285
802,0.3460526315789474,0.1,150.0,19.854700854700845,468,1068.5042735042741
803,0.3460526315789474,0.1,210.0,23.787096774193564,620,1364.1580645161303
804,0.3460526315789474,0.1,270.0,20.72549019607844,816,1006.0686274509818
805,0.3460526315789474,0.1,330.0,20.846388606307187,983,951.2472024415048
806,0.3460526315789474,0.1,390.0,19.25503875968987,1290,752.5263565891473
807,0.3460526315789474,0.1,450.0,16.330396475770943,1589,516.8451856513526
808,0.3460526315789474,0.1,510.0,12.730911005792548,1899,296.9225908372825
809,0.3460526315789474,0.1,570.0,7.393977415307403,1594,98.065244667503
810,0.3460526315789474,0.30000000000000004,30.0,12.255033557046975,149,422.993288590604
811,0.3460526315789474,0.30000000000000004,90.0,21.71839080459769,174,1109.7183908045977
812,0.3460526315789474,0.30000000000000004,150.0,23.34798534798536,273,1277.4358974358986
813,0.3460526315789474,0.30000000000000004,210.0,23.192214111922134,411,1096.8661800486623
814,0.3460526315789474,0.30000000000000004,270.0,23.41397849462368,558,1134.155913978498
815,0.3460526315789474,0.30000000000000004,330.0,23.304955527318914,787,1095.0635324015232
816,0.3460526315789474,0.30000000000000004,390.0,20.846153846153825,1040,779.8288461538463
817,0.3460526315789474,0.30000000000000004,450.0,16.56615384615384,1300,506.0876923076921
818,0.3460526315789474,0.30000000000000004,510.0,12.87482710926692,1446,297.5511756569851
819,0.3460526315789474,0.30000000000000004,570.0,8.027300303336705,989,147.0687563195148
820,0.3460526315789474,0.5,30.0,9.394409937888193,322,318.94720496894416
821,0.3460526315789474,0.5,90.0,16.84516129032257,310,849.7806451612904
822,0.3460526315789474,0.5,150.0,18.464547677261628,409,815.1100244498771
823,0.3460526315789474,0.5,210.0,18.538922155688592,501,648.0479041916166
824,0.3460526315789474,0.5,270.0,19.969551282051327,624,944.4791666666672
825,0.3460526315789474,0.5,330.0,17.171428571428596,770,616.8000000000003
826,0.3460526315789474,0.5,390.0,17.622171945701368,884,576.9705882352937
827,0.3460526315789474,0.5,450.0,14.50404858299594,988,378.7793522267206
828,0.3460526315789474,0.5,510.0,11.534131736526934,835,229.07664670658684
829,0.3460526315789474,0.5,570.0,7.182716049382715,405,86.10123456790114
830,0.3460526315789474,0.7000000000000001,30.0,4.385245901639347,122,61.53278688524595
831,0.3460526315789474,0.7000000000000001,90.0,11.070588235294114,85,347.0705882352941
832,0.3460526315789474,0.7000000000000001,150.0,11.48863636363637,88,275.6704545454545
833,0.3460526315789474,0.7000000000000001,210.0,11.343750000000004,96,335.3020833333333
834,0.3460526315789474,0.7000000000000001,270.0,10.25274725274725,91,238.12087912087895
835,0.3460526315789474,0.7000000000000001,330.0,11.843137254901954,102,325.3333333333336
836,0.3460526315789474,0.7000000000000001,390.0,11.461538461538462,78,299.2307692307693
837,0.3460526315789474,0.7000000000000001,450.0,12.021739130434781,92,278.4782608695652
838,0.3460526315789474,0.7000000000000001,510.0,9.249999999999993,52,174.98076923076925
839,0.3460526315789474,0.7000000000000001,570.0,7.200000000000002,20,173.7
840,0.3460526315789474,0.9,30.0,0.0,0,0.0
841,0.3460526315789474,0.9,90.0,0.0,0,0.0
842,0.3460526315789474,0.9,150.0,0.0,0,0.0
843,0.3460526315789474,0.9,210.0,0.0,0,0.0
844,0.3460526315789474,0.9,270.0,0.0,0,0.0
845,0.3460526315789474,0.9,330.0,0.0,0,0.0
846,0.3460526315789474,0.9,390.0,0.0,0,0.0
847,0.3460526315789474,0.9,450.0,0.0,0,0.0
848,0.3460526315789474,0.9,510.0,0.0,0,0.0
849,0.3460526315789474,0.9,570.0,0.0,0,0.0
850,0.3676315789473684,0.1,30.0,9.53315649867374,377,421.07692307692326
851,0.3676315789473684,0.1,90.0,18.207430340557277,323,785.3900928792572
852,0.3676315789473684,0.1,150.0,20.269801980198032,404,1081.7797029702967
853,0.3676315789473684,0.1,210.0,21.749490835030567,491,1123.663951120164
854,0.3676315789473684,0.1,270.0,20.554216867469854,664,900.3945783132533
855,0.3676315789473684,0.1,330.0,20.90026246719164,762,899.2782152230985
856,0.3676315789473684,0.1,390.0,18.275100401606462,996,686.9678714859443
857,0.3676315789473684,0.1,450.0,16.184491978609614,1122,494.05614973262016
858,0.3676315789473684,0.1,510.0,12.790462427745677,1384,286.87283236994165
859,0.3676315789473684,0.1,570.0,7.179135932560575,949,92.16332982086404
860,0.3676315789473684,0.30000000000000004,30.0,14.099099099099098,111,491.0900900900905
861,0.3676315789473684,0.30000000000000004,90.0,23.675675675675677,148,1258.8378378378382
862,0.3676315789473684,0.30000000000000004,150.0,22.115942028985526,276,1160.3188405797102
863,0.3676315789473684,0.30000000000000004,210.0,24.834733893557438,357,1207.7983193277294
864,0.3676315789473684,0.30000000000000004,270.0,24.497674418604667,430,1116.3209302325579
865,0.3676315789473684,0.30000000000000004,330.0,22.079545454545475,616,854.4399350649355
866,0.3676315789473684,0.30000000000000004,390.0,20.564792176039116,818,826.1271393643034
867,0.3676315789473684,0.30000000000000004,450.0,16.866539561487127,1049,491.82554814108676
868,0.3676315789473684,0.30000000000000004,510.0,12.02061855670102,1067,256.2249297094658
869,0.3676315789473684,0.30000000000000004,570.0,7.558521560574953,487,95.27104722792618
870,0.3676315789473684,0.5,30.0,8.471042471042473,259,234.98069498069498
871,0.3676315789473684,0.5,90.0,15.61048689138576,267,650.3220973782776
872,0.3676315789473684,0.5,150.0,16.720930232558143,301,716.0631229235889
873,0.3676315789473684,0.5,210.0,19.325,400,920.8349999999997
874,0.3676315789473684,0.5,270.0,19.59652928416485,461,808.5249457700647
875,0.3676315789473684,0.5,330.0,17.749146757679206,586,594.8276450511953
876,0.3676315789473684,0.5,390.0,16.800307219662063,651,558.5360983102919
877,0.3676315789473684,0.5,450.0,14.034285714285705,700,359.0514285714287
878,0.3676315789473684,0.5,510.0,10.606965174129357,603,202.82918739635164
879,0.3676315789473684,0.5,570.0,7.181102362204727,254,90.50393700787404
880,0.3676315789473684,0.7000000000000001,30.0,6.104651162790697,86,193.22093023255823
881,0.3676315789473684,0.7000000000000001,90.0,9.102040816326527,49,167.8775510204082
882,0.3676315789473684,0.7000000000000001,150.0,15.851063829787227,47,700.9999999999999
883,0.3676315789473684,0.7000000000000001,210.0,12.26190476190476,42,493.16666666666663
884,0.3676315789473684,0.7000000000000001,270.0,14.016393442622947,61,378.99999999999983
885,0.3676315789473684,0.7000000000000001,330.0,9.52830188679245,53,190.1698113207547
886,0.3676315789473684,0.7000000000000001,390.0,11.239130434782606,46,209.28260869565216
887,0.3676315789473684,0.7000000000000001,450.0,8.342857142857145,35,112.91428571428573
888,0.3676315789473684,0.7000000000000001,510.0,9.078947368421051,38,191.02631578947373
889,0.3676315789473684,0.7000000000000001,570.0,6.0,11,74.36363636363635
890,0.3676315789473684,0.9,30.0,0.0,0,0.0
891,0.3676315789473684,0.9,90.0,0.0,0,0.0
892,0.3676315789473684,0.9,150.0,0.0,0,0.0
893,0.3676315789473684,0.9,210.0,0.0,0,0.0
894,0.3676315789473684,0.9,270.0,0.0,0,0.0
895,0.3676315789473684,0.9,330.0,0.0,0,0.0
896,0.3676315789473684,0.9,390.0,0.0,0,0.0
897,0.3676315789473684,0.9,450.0,0.0,0,0.0
898,0.3676315789473684,0.9,510.0,0.0,0,0.0
899,0.3676315789473684,0.9,570.0,0.0,0,0.0
900,0.3892105263157895,0.1,30.0,11.007142857142872,280,392.7571428571427
901,0.3892105263157895,0.1,90.0,20.567765567765584,273,1149.9230769230794
902,0.3892105263157895,0.1,150.0,18.64306784660764,339,799.2743362831858
903,0.3892105263157895,0.1,210.0,22.774818401937054,413,1242.3777239709443
904,0.3892105263157895,0.1,270.0,19.24596774193549,496,812.524193548386
905,0.3892105263157895,0.1,330.0,19.876500857632912,583,794.1852487135508
906,0.3892105263157895,0.1,390.0,18.76478494623655,744,665.6518817204304
907,0.3892105263157895,0.1,450.0,15.57394366197185,852,432.2335680751174
908,0.3892105263157895,0.1,510.0,12.57189189189189,925,268.26054054053964
909,0.3892105263157895,0.1,570.0,7.47067039106145,716,93.86731843575417
910,0.3892105263157895,0.30000000000000004,30.0,13.907563025210088,119,534.0084033613447
911,0.3892105263157895,0.30000000000000004,90.0,21.727272727272744,165,1061.7393939393955
912,0.3892105263157895,0.30000000000000004,150.0,23.119047619047603,210,1189.37619047619
913,0.3892105263157895,0.30000000000000004,210.0,23.10135135135137,296,957.7364864864873
914,0.3892105263157895,0.30000000000000004,270.0,22.68269230769233,416,1000.6682692307684
915,0.3892105263157895,0.30000000000000004,330.0,21.950998185117953,551,899.9219600725949
916,0.3892105263157895,0.30000000000000004,390.0,20.339105339105366,693,817.747474747475
917,0.3892105263157895,0.30000000000000004,450.0,17.496717724288832,914,579.9606126914659
918,0.3892105263157895,0.30000000000000004,510.0,11.543700340522141,881,229.19636776390516
919,0.3892105263157895,0.30000000000000004,570.0,7.4918478260869525,368,100.65489130434781
920,0.3892105263157895,0.5,30.0,8.731843575418996,179,238.65363128491614
921,0.3892105263157895,0.5,90.0,16.64814814814815,216,616.444444444444
922,0.3892105263157895,0.5,150.0,16.958174904942965,263,779.3992395437266
923,0.3892105263157895,0.5,210.0,18.963076923076912,325,681.0861538461536
924,0.3892105263157895,0.5,270.0,18.041131105398456,389,686.5809768637531
925,0.3892105263157895,0.5,330.0,18.006976744186076,430,639.425581395349
926,0.3892105263157895,0.5,390.0,15.8296593186373,499,478.19438877755493
927,0.3892105263157895,0.5,450.0,13.653021442495124,513,355.43859649122817
928,0.3892105263157895,0.5,510.0,10.814180929095368,409,211.61124694376517
929,0.3892105263157895,0.5,570.0,6.576470588235295,170,68.85882352941177
930,0.3892105263157895,0.7000000000000001,30.0,3.043478260869566,46,21.565217391304348
931,0.3892105263157895,0.7000000000000001,90.0,7.541666666666667,24,197.79166666666666
932,0.3892105263157895,0.7000000000000001,150.0,6.222222222222221,27,67.85185185185186
933,0.3892105263157895,0.7000000000000001,210.0,7.73076923076923,26,144.57692307692304
934,0.3892105263157895,0.7000000000000001,270.0,5.59375,32,60.09374999999997
935,0.3892105263157895,0.7000000000000001,330.0,6.708333333333332,24,86.54166666666664
936,0.3892105263157895,0.7000000000000001,390.0,7.5,12,99.33333333333331
937,0.3892105263157895,0.7000000000000001,450.0,4.625,8,36.375
938,0.3892105263157895,0.7000000000000001,510.0,0.0,0,0.0
939,0.3892105263157895,0.7000000000000001,570.0,18.0,1,324.0
940,0.3892105263157895,0.9,30.0,0.0,0,0.0
941,0.3892105263157895,0.9,90.0,0.0,0,0.0
942,0.3892105263157895,0.9,150.0,0.0,0,0.0
943,0.3892105263157895,0.9,210.0,0.0,0,0.0
944,0.3892105263157895,0.9,270.0,0.0,0,0.0
945,0.3892105263157895,0.9,330.0,0.0,0,0.0
946,0.3892105263157895,0.9,390.0,0.0,0,0.0
947,0.3892105263157895,0.9,450.0,0.0,0,0.0
948,0.3892105263157895,0.9,510.0,0.0,0,0.0
949,0.3892105263157895,0.9,570.0,0.0,0,0.0
950,0.7,0.1,30.0,11.044243070362484,1876,444.22228144989407
951,0.7,0.1,90.0,18.828911748781728,1847,903.8738494856512
952,0.7,0.1,150.0,21.00081201786442,2463,1050.3926106374295
953,0.7,0.1,210.0,20.957235716729468,2923,1031.2418747861784
954,0.7,0.1,270.0,20.95775034293552,3645,966.4556927297655
955,0.7,0.1,330.0,18.862457993278955,4166,758.836533845414
956,0.7,0.1,390.0,16.94788701554631,4567,580.3860302167708
957,0.7,0.1,450.0,14.982051850210448,4513,429.20673609572356
958,0.7,0.1,510.0,11.970711297071112,3824,263.61820083682017
959,0.7,0.1,570.0,7.8927355278093065,1762,108.40011350737774
960,0.7,0.30000000000000004,30.0,10.770754716981132,1060,323.2801886792447
961,0.7,0.30000000000000004,90.0,18.912068965517282,1160,801.0172413793088
962,0.7,0.30000000000000004,150.0,20.30824804334737,1661,976.8777844671849
963,0.7,0.30000000000000004,210.0,21.396475770925093,2043,1043.1879588839934
964,0.7,0.30000000000000004,270.0,20.364982909229013,2633,871.6183061146974
965,0.7,0.30000000000000004,330.0,19.142812597443147,3207,746.171811661991
966,0.7,0.30000000000000004,390.0,17.56032975268546,4003,607.0926804896312
967,0.7,0.30000000000000004,450.0,14.803146067415712,4450,409.6040449438193
968,0.7,0.30000000000000004,510.0,11.280178422079727,3587,228.838026205743
969,0.7,0.30000000000000004,570.0,7.552412645590673,1202,98.00665557404321
970,0.7,0.5,30.0,5.3745653253850145,2013,122.89170392449103
971,0.7,0.5,90.0,10.847429519071312,1206,395.01326699834186
972,0.7,0.5,150.0,12.556776556776564,1365,417.2586080586087
973,0.7,0.5,210.0,13.54632807137951,1457,531.6520247083042
974,0.7,0.5,270.0,13.652230971128597,1524,456.8254593175855
975,0.7,0.5,330.0,13.212023270846792,1547,431.4809308338716
976,0.7,0.5,390.0,13.645780051150902,1564,379.6726342710998
977,0.7,0.5,450.0,11.76785714285712,1232,293.9334415584408
978,0.7,0.5,510.0,10.251908396946583,786,203.4885496183209
979,0.7,0.5,570.0,7.113970588235291,272,98.75367647058822
980,0.7,0.7000000000000001,30.0,0.0,0,0.0
981,0.7,0.7000000000000001,90.0,0.0,0,0.0
982,0.7,0.7000000000000001,150.0,0.0,0,0.0
983,0.7,0.7000000000000001,210.0,0.0,0,0.0
984,0.7,0.7000000000000001,270.0,0.0,0,0.0
985,0.7,0.7000000000000001,330.0,0.0,0,0.0
986,0.7,0.7000000000000001,390.0,0.0,0,0.0
987,0.7,0.7000000000000001,450.0,0.0,0,0.0
988,0.7,0.7000000000000001,510.0,0.0,0,0.0
989,0.7,0.7000000000000001,570.0,0.0,0,0.0
990,0.7,0.9,30.0,0.0,0,0.0
991,0.7,0.9,90.0,0.0,0,0.0
992,0.7,0.9,150.0,0.0,0,0.0
993,0.7,0.9,210.0,0.0,0,0.0
994,0.7,0.9,270.0,0.0,0,0.0
995,0.7,0.9,330.0,0.0,0,0.0
996,0.7,0.9,390.0,0.0,0,0.0
997,0.7,0.9,450.0,0.0,0,0.0
998,0.7,0.9,510.0,0.0,0,0.0
999,0.7,0.9,570.0,0.0,0,0.0
