,voc_bin,elo_bin,rtmean,rtcount,rt_squaredmean
0,0.0007894736842105274,625.0,42.968085106382986,94,4531.968085106383
1,0.0007894736842105274,1387.5,32.75257731958764,873,3742.6975945017175
2,0.0007894736842105274,1662.5,47.91065900044232,2261,6930.952675807168
3,0.0007894736842105274,2400.0,38.53249272550922,1031,4342.555771096023
4,0.022368421052631583,625.0,38.375,32,2894.625
5,0.022368421052631583,1387.5,40.27547169811319,265,5106.320754716981
6,0.022368421052631583,1662.5,59.07155322862132,573,7532.945898778362
7,0.022368421052631583,2400.0,52.84320557491288,287,6858.891986062719
8,0.04394736842105264,625.0,36.0,21,3370.2857142857147
9,0.04394736842105264,1387.5,40.05833333333335,120,3545.5416666666665
10,0.04394736842105264,1662.5,52.89473684210526,304,5760.664473684213
11,0.04394736842105264,2400.0,54.34177215189876,158,6980.784810126584
12,0.0655263157894737,625.0,51.33333333333333,6,9532.333333333334
13,0.0655263157894737,1387.5,56.96629213483144,89,11508.202247191011
14,0.0655263157894737,1662.5,60.47872340425529,188,8151.914893617017
15,0.0655263157894737,2400.0,55.447916666666686,96,8534.36458333334
16,0.08710526315789476,625.0,96.00000000000001,5,15586.000000000002
17,0.08710526315789476,1387.5,38.729166666666664,48,3176.687499999999
18,0.08710526315789476,1662.5,74.72477064220185,109,13530.724770642206
19,0.08710526315789476,2400.0,40.196078431372534,51,3155.647058823529
20,0.1086842105263158,625.0,89.0,3,8901.666666666666
21,0.1086842105263158,1387.5,48.41666666666668,24,5307.416666666667
22,0.1086842105263158,1662.5,51.936507936507944,63,5178.5714285714275
23,0.1086842105263158,2400.0,84.79411764705881,34,16382.382352941177
24,0.13026315789473686,625.0,0.0,0,0.0
25,0.13026315789473686,1387.5,36.52631578947368,19,2798.526315789473
26,0.13026315789473686,1662.5,54.80645161290321,62,5952.774193548386
27,0.13026315789473686,2400.0,45.086956521739125,23,3880.5652173913027
28,0.1518421052631579,625.0,0.0,0,0.0
29,0.1518421052631579,1387.5,16.3,10,405.1
30,0.1518421052631579,1662.5,60.119999999999976,25,5155.079999999999
31,0.1518421052631579,2400.0,67.5,18,7255.166666666666
32,0.17342105263157898,625.0,151.0,1,22801.0
33,0.17342105263157898,1387.5,65.55555555555554,9,6440.88888888889
34,0.17342105263157898,1662.5,83.22222222222221,27,12318.259259259255
35,0.17342105263157898,2400.0,30.92857142857143,14,1678.9285714285713
36,0.195,625.0,0.0,0,0.0
37,0.195,1387.5,33.2,10,2621.6000000000004
38,0.195,1662.5,75.93548387096773,31,10996.322580645161
39,0.195,2400.0,58.0,10,5025.799999999999
40,0.2165789473684211,625.0,0.0,0,0.0
41,0.2165789473684211,1387.5,31.199999999999996,5,1276.4
42,0.2165789473684211,1662.5,73.52941176470587,17,10678.70588235294
43,0.2165789473684211,2400.0,55.15384615384615,13,4663.307692307692
44,0.23815789473684212,625.0,93.0,1,8649.0
45,0.23815789473684212,1387.5,71.83333333333334,6,7697.5
46,0.23815789473684212,1662.5,29.25,8,1622.25
47,0.23815789473684212,2400.0,61.800000000000004,5,9983.800000000001
48,0.25973684210526315,625.0,0.0,0,0.0
49,0.25973684210526315,1387.5,25.25,4,646.75
50,0.25973684210526315,1662.5,74.84210526315789,19,9581.36842105263
51,0.25973684210526315,2400.0,28.5,4,1393.5
52,0.28131578947368424,625.0,0.0,0,0.0
53,0.28131578947368424,1387.5,24.5,2,782.5
54,0.28131578947368424,1662.5,60.29999999999999,10,5349.5
55,0.28131578947368424,2400.0,38.0,5,2274.8
56,0.3028947368421053,625.0,0.0,0,0.0
57,0.3028947368421053,1387.5,42.0,1,1764.0
58,0.3028947368421053,1662.5,64.0,6,9553.333333333334
59,0.3028947368421053,2400.0,18.0,2,324.0
60,0.32447368421052636,625.0,0.0,0,0.0
61,0.32447368421052636,1387.5,0.0,0,0.0
62,0.32447368421052636,1662.5,121.625,8,25908.375
63,0.32447368421052636,2400.0,78.0,1,6084.0
64,0.3460526315789474,625.0,0.0,0,0.0
65,0.3460526315789474,1387.5,0.0,0,0.0
66,0.3460526315789474,1662.5,78.5,6,12471.833333333332
67,0.3460526315789474,2400.0,132.5,4,44744.99999999999
68,0.3676315789473684,625.0,0.0,0,0.0
69,0.3676315789473684,1387.5,22.5,2,526.5
70,0.3676315789473684,1662.5,117.5,4,24339.0
71,0.3676315789473684,2400.0,0.0,0,0.0
72,0.3892105263157895,625.0,0.0,0,0.0
73,0.3892105263157895,1387.5,0.0,0,0.0
74,0.3892105263157895,1662.5,55.60000000000001,5,4905.6
75,0.3892105263157895,2400.0,24.0,1,576.0
76,0.7,625.0,0.0,0,0.0
77,0.7,1387.5,24.0,1,576.0
78,0.7,1662.5,99.0,11,17422.636363636368
79,0.7,2400.0,27.75,4,938.2499999999999
