,voc_bin,rtmean,rtcount,rt_squaredmean
0,0.0007894736842105274,23.28000551992616,137683,1440.1668252434943
1,0.022368421052631583,28.56076953816299,35034,1930.1574470514388
2,0.04394736842105264,30.360415084788634,19755,2301.071728676278
3,0.0655263157894737,31.958991362010217,11461,2401.3492714422837
4,0.08710526315789476,32.05583464905989,6967,2343.3751973589847
5,0.1086842105263158,32.38827601124818,4623,2348.36837551373
6,0.13026315789473686,34.689548546691334,3234,2837.5831787260354
7,0.1518421052631579,34.575825156110646,2242,2763.1271186440636
8,0.17342105263157898,33.34137728075345,1699,2563.457916421422
9,0.195,35.73085501858734,1345,2880.3211895910786
10,0.2165789473684211,35.58151093439358,1006,2843.5795228628267
11,0.23815789473684212,36.353919239905004,842,3013.0783847981
12,0.25973684210526315,34.50777934936346,707,2676.985855728426
13,0.28131578947368424,33.57142857142855,525,2261.289523809525
14,0.3028947368421053,35.15545243619488,431,2675.82366589327
15,0.32447368421052636,34.4526854219949,391,2708.4117647058833
16,0.3460526315789474,37.02173913043484,276,3094.6086956521763
17,0.3676315789473684,36.1866028708134,209,4011.401913875593
18,0.3892105263157895,37.24390243902442,164,3074.1341463414656
19,0.7,33.660194174757336,721,2480.9306518723984
