,voc_bin,rtmean,rtcount,rt_squaredmean
0,0.0007894736842105274,0.0,0,0.0
1,0.022368421052631583,0.0,0,0.0
2,0.04394736842105264,0.0,0,0.0
3,0.0655263157894737,0.0,0,0.0
4,0.08710526315789476,0.0,0,0.0
5,0.1086842105263158,0.0,0,0.0
6,0.13026315789473686,0.0,0,0.0
7,0.1518421052631579,0.0,0,0.0
8,0.17342105263157898,0.0,0,0.0
9,0.195,0.0,0,0.0
10,0.2165789473684211,0.0,0,0.0
11,0.23815789473684212,0.0,0,0.0
12,0.25973684210526315,0.0,0,0.0
13,0.28131578947368424,0.0,0,0.0
14,0.3028947368421053,0.0,0,0.0
15,0.32447368421052636,0.0,0,0.0
16,0.3460526315789474,0.0,0,0.0
17,0.3676315789473684,0.0,0,0.0
18,0.3892105263157895,0.0,0,0.0
19,0.7,0.0,0,0.0
