,voc_bin,elo_bin,rtmean,rtcount,rt_squaredmean
0,0.0007894736842105274,625.0,21.67657107361011,9659,1274.8541256858891
1,0.0007894736842105274,1387.5,21.734599302207908,37547,1233.1852078728034
2,0.0007894736842105274,1662.5,23.80153164625072,55757,1477.2278996359144
3,0.0007894736842105274,2400.0,24.55979262672806,34720,1650.4744239631314
4,0.022368421052631583,625.0,25.945429740791294,2199,1545.6180081855393
5,0.022368421052631583,1387.5,25.79696147585455,9215,1575.8978838849685
6,0.022368421052631583,1662.5,28.802548652953853,14439,1870.1851928803933
7,0.022368421052631583,2400.0,31.580982463783897,9181,2472.1510728678777
8,0.04394736842105264,625.0,26.595219123505995,1255,1662.9410358565754
9,0.04394736842105264,1387.5,27.19266770670822,5128,1868.5783931357219
10,0.04394736842105264,1662.5,30.962287104622884,8220,2330.3559610705506
11,0.04394736842105264,2400.0,33.47030279503101,5152,2840.2727096273343
12,0.0655263157894737,625.0,27.907738095238116,672,1513.6160714285709
13,0.0655263157894737,1387.5,28.612935656836406,2984,2016.3374664879352
14,0.0655263157894737,1662.5,32.73937736642818,4754,2381.3960875052526
15,0.0655263157894737,2400.0,34.90789904949199,3051,3004.525073746313
16,0.08710526315789476,625.0,27.15061728395065,405,1500.5086419753088
17,0.08710526315789476,1387.5,28.0206659012629,1742,1896.2652123995401
18,0.08710526315789476,1662.5,33.112269725408446,2877,2381.9791449426475
19,0.08710526315789476,2400.0,35.13175501801341,1943,2862.7591353576954
20,0.1086842105263158,625.0,28.50000000000001,264,1867.9166666666674
21,0.1086842105263158,1387.5,28.515306122448955,1176,1857.4846938775502
22,0.1086842105263158,1662.5,33.216130732736,1897,2375.765419082761
23,0.1086842105263158,2400.0,35.50699844479004,1286,2855.480559875584
24,0.13026315789473686,625.0,32.05294117647058,170,2042.382352941177
25,0.13026315789473686,1387.5,30.314685314685306,858,2134.0839160839164
26,0.13026315789473686,1662.5,34.750796178343926,1256,2861.6886942675164
27,0.13026315789473686,2400.0,39.03157894736845,950,3583.3831578947375
28,0.1518421052631579,625.0,31.73387096774194,124,2381.959677419356
29,0.1518421052631579,1387.5,29.505555555555567,540,2011.3351851851853
30,0.1518421052631579,1662.5,35.34098360655736,915,2744.009836065573
31,0.1518421052631579,2400.0,38.18099547511313,663,3473.1191553544486
32,0.17342105263157898,625.0,30.86813186813187,91,1798.7362637362642
33,0.17342105263157898,1387.5,29.11638954869362,421,1650.3847980997625
34,0.17342105263157898,1662.5,36.39675516224187,678,2926.6297935103253
35,0.17342105263157898,2400.0,33.20825147347741,509,2971.636542239683
36,0.195,625.0,27.68571428571428,70,1833.8000000000002
37,0.195,1387.5,32.002976190476225,336,2514.7410714285716
38,0.195,1662.5,37.005504587156004,545,2879.871559633025
39,0.195,2400.0,38.57614213197972,394,3378.6370558375615
40,0.2165789473684211,625.0,24.95238095238095,42,1177.714285714286
41,0.2165789473684211,1387.5,30.790983606557354,244,1818.4385245901642
42,0.2165789473684211,1662.5,37.71601941747572,412,3533.2500000000027
43,0.2165789473684211,2400.0,37.970779220779235,308,2960.321428571428
44,0.23815789473684212,625.0,46.82499999999998,40,5305.024999999999
45,0.23815789473684212,1387.5,32.66822429906542,214,2395.9392523364495
46,0.23815789473684212,1662.5,38.53731343283585,335,3259.3014925373127
47,0.23815789473684212,2400.0,34.924901185770786,253,2846.695652173914
48,0.25973684210526315,625.0,29.35897435897436,39,1553.820512820513
49,0.25973684210526315,1387.5,29.931818181818183,176,1875.3295454545444
50,0.25973684210526315,1662.5,37.511278195488735,266,2864.503759398501
51,0.25973684210526315,2400.0,35.42477876106199,226,3274.398230088496
52,0.28131578947368424,625.0,30.92307692307692,26,1565.4615384615388
53,0.28131578947368424,1387.5,32.20161290322582,124,1940.9596774193544
54,0.28131578947368424,1662.5,32.87922705314006,207,2218.541062801933
55,0.28131578947368424,2400.0,35.845238095238116,168,2658.083333333333
56,0.3028947368421053,625.0,30.849999999999994,20,2096.2499999999986
57,0.3028947368421053,1387.5,29.359223300970875,103,1808.1553398058252
58,0.3028947368421053,1662.5,38.451807228915676,166,2720.4397590361446
59,0.3028947368421053,2400.0,36.11267605633805,142,3334.6619718309853
60,0.32447368421052636,625.0,30.538461538461533,13,1487.3076923076922
61,0.32447368421052636,1387.5,29.03883495145631,103,1750.5728155339807
62,0.32447368421052636,1662.5,33.71232876712331,146,2330.2328767123304
63,0.32447368421052636,2400.0,40.0077519379845,129,4024.2713178294603
64,0.3460526315789474,625.0,25.25,12,1159.2499999999998
65,0.3460526315789474,1387.5,35.96202531645574,79,2626.2658227848115
66,0.3460526315789474,1662.5,40.28155339805825,103,3337.834951456311
67,0.3460526315789474,2400.0,35.67073170731707,82,3523.5243902439015
68,0.3676315789473684,625.0,16.71428571428571,14,497.0
69,0.3676315789473684,1387.5,43.62745098039214,51,7512.294117647056
70,0.3676315789473684,1662.5,34.94871794871794,78,2506.3076923076933
71,0.3676315789473684,2400.0,36.03030303030303,66,3830.393939393938
72,0.3892105263157895,625.0,18.444444444444446,9,500.4444444444444
73,0.3892105263157895,1387.5,35.32432432432433,37,3434.8378378378375
74,0.3892105263157895,1662.5,37.630136986301366,73,2711.794520547946
75,0.3892105263157895,2400.0,41.95555555555555,45,3880.0888888888885
76,0.7,625.0,37.833333333333336,42,2338.9285714285716
77,0.7,1387.5,30.957671957671955,189,1730.2169312169308
78,0.7,1662.5,36.334494773519225,287,3064.79442508711
79,0.7,2400.0,31.532019704433484,203,2383.788177339901
