,voc_bin,U_bin,clock_bin,rtmean,rtcount,rt_squaredmean
0,0.0007894736842105274,0.1,30.0,3.9411558209015634,395961,67.88819100871049
1,0.0007894736842105274,0.1,90.0,5.748403566447497,401520,95.63534319585557
2,0.0007894736842105274,0.1,150.0,6.093798314272331,475403,89.94345849731717
3,0.0007894736842105274,0.1,210.0,5.671129253319484,437041,67.32030175658605
4,0.0007894736842105274,0.1,270.0,4.237553237909687,162713,35.7442798055471
5,0.0007894736842105274,0.30000000000000004,30.0,4.978248018916166,125184,89.34652191973429
6,0.0007894736842105274,0.30000000000000004,90.0,7.453982257025325,161416,147.52211676661517
7,0.0007894736842105274,0.30000000000000004,150.0,7.718427139552811,239945,137.14207005772127
8,0.0007894736842105274,0.30000000000000004,210.0,7.002301635015454,339324,100.44617238980956
9,0.0007894736842105274,0.30000000000000004,270.0,4.6648466274344695,294316,41.84291373897485
10,0.0007894736842105274,0.5,30.0,4.11240040661025,248887,72.26184171933417
11,0.0007894736842105274,0.5,90.0,6.968221966205839,302064,137.99643453042944
12,0.0007894736842105274,0.5,150.0,7.6657048062832285,485864,149.83490441769703
13,0.0007894736842105274,0.5,210.0,8.074734044720252,859073,134.90040543702335
14,0.0007894736842105274,0.5,270.0,3.8307888301251833,3955389,31.801619512012593
15,0.0007894736842105274,0.7000000000000001,30.0,4.836944526045811,125951,79.24494446252925
16,0.0007894736842105274,0.7000000000000001,90.0,7.457921557773408,184263,138.5282720893511
17,0.0007894736842105274,0.7000000000000001,150.0,8.09837930250037,290122,144.19469740316106
18,0.0007894736842105274,0.7000000000000001,210.0,7.522548118125958,448064,110.92536557277494
19,0.0007894736842105274,0.7000000000000001,270.0,5.058789436953062,498644,46.859007628688886
20,0.0007894736842105274,0.9,30.0,3.3042265029560336,504223,41.046887984086425
21,0.0007894736842105274,0.9,90.0,5.827916577375782,494638,85.54829390382442
22,0.0007894736842105274,0.9,150.0,6.419698329072258,592964,90.54232634696211
23,0.0007894736842105274,0.9,210.0,6.075486548610864,590794,72.54195370975329
24,0.0007894736842105274,0.9,270.0,4.531319129521077,289312,37.41332195000543
25,0.022368421052631583,0.1,30.0,5.767790307982087,81758,117.45427970351493
26,0.022368421052631583,0.1,90.0,8.112121815286605,100480,157.42860270700655
27,0.022368421052631583,0.1,150.0,8.025032938076412,140415,134.75045401132303
28,0.022368421052631583,0.1,210.0,6.908643873473245,150893,91.9261728509606
29,0.022368421052631583,0.1,270.0,4.871513698967448,60917,43.609238800334914
30,0.022368421052631583,0.30000000000000004,30.0,5.591658691010837,27166,101.04730177427672
31,0.022368421052631583,0.30000000000000004,90.0,8.498860278598501,35535,171.2486562543967
32,0.022368421052631583,0.30000000000000004,150.0,9.097843406084381,53974,172.83697706303045
33,0.022368421052631583,0.30000000000000004,210.0,8.253897658960922,81844,126.27667269439415
34,0.022368421052631583,0.30000000000000004,270.0,5.195492829501492,87860,48.67395857045317
35,0.022368421052631583,0.5,30.0,5.523172131836113,35711,113.80258183752915
36,0.022368421052631583,0.5,90.0,9.065203899090985,54782,200.79657551750566
37,0.022368421052631583,0.5,150.0,9.47102645058525,104837,201.60983240649753
38,0.022368421052631583,0.5,210.0,9.500185573514988,215548,167.7651938315376
39,0.022368421052631583,0.5,270.0,4.4752430958763085,896457,40.26433058138857
40,0.022368421052631583,0.7000000000000001,30.0,5.063242784380295,28272,78.67848047538189
41,0.022368421052631583,0.7000000000000001,90.0,8.198345253819102,40127,149.4544072569598
42,0.022368421052631583,0.7000000000000001,150.0,8.92948005638939,60295,155.42063189319074
43,0.022368421052631583,0.7000000000000001,210.0,8.290812985868879,83999,124.10821557399483
44,0.022368421052631583,0.7000000000000001,270.0,5.6035294965065265,69415,53.872059353165774
45,0.022368421052631583,0.9,30.0,4.737555969539473,61194,70.32588162238112
46,0.022368421052631583,0.9,90.0,7.754601071256334,78786,131.670093671465
47,0.022368421052631583,0.9,150.0,8.103180709935184,107869,127.22112933280201
48,0.022368421052631583,0.9,210.0,7.162326758945886,114941,91.04658041951936
49,0.022368421052631583,0.9,270.0,5.109465537077717,47805,44.51208032632584
50,0.04394736842105264,0.1,30.0,5.806777543194449,46418,115.86442759274416
51,0.04394736842105264,0.1,90.0,8.46289285390815,55205,173.39465628113396
52,0.04394736842105264,0.1,150.0,8.605451212708845,75286,154.19900114231075
53,0.04394736842105264,0.1,210.0,7.36568322981365,82432,105.64178959627354
54,0.04394736842105264,0.1,270.0,4.993298542789519,35067,45.419111985627346
55,0.04394736842105264,0.30000000000000004,30.0,6.219480595960199,16981,125.12649431717814
56,0.04394736842105264,0.30000000000000004,90.0,9.429653280936543,24429,202.47930738057215
57,0.04394736842105264,0.30000000000000004,150.0,9.782823272024215,39309,192.08341601159947
58,0.04394736842105264,0.30000000000000004,210.0,8.676299212598432,63500,138.19573228346488
59,0.04394736842105264,0.30000000000000004,270.0,5.366014061059662,72683,52.399955973198765
60,0.04394736842105264,0.5,30.0,6.436975723570931,18001,133.41847675129148
61,0.04394736842105264,0.5,90.0,9.888074940844714,30851,223.68931315030298
62,0.04394736842105264,0.5,150.0,10.3566202621685,59046,224.8140263523351
63,0.04394736842105264,0.5,210.0,9.728239412086719,120562,172.3026658482775
64,0.04394736842105264,0.5,270.0,4.983890670331346,327450,47.66921056649866
65,0.04394736842105264,0.7000000000000001,30.0,5.539004437790721,18703,95.09543923434721
66,0.04394736842105264,0.7000000000000001,90.0,8.827298550933067,27811,172.2975800942077
67,0.04394736842105264,0.7000000000000001,150.0,9.328876366935654,41882,169.89140919726893
68,0.04394736842105264,0.7000000000000001,210.0,8.430336319373438,57713,126.27175852927456
69,0.04394736842105264,0.7000000000000001,270.0,5.770920374306744,40929,56.533655843045295
70,0.04394736842105264,0.9,30.0,4.375202690529088,33302,65.97090264848954
71,0.04394736842105264,0.9,90.0,7.53972728997803,36889,126.15752663395521
72,0.04394736842105264,0.9,150.0,8.088402672989838,46390,129.99458935115345
73,0.04394736842105264,0.9,210.0,7.158733672791654,45170,91.9289351339386
74,0.04394736842105264,0.9,270.0,5.198419515547147,17463,46.064021073126106
75,0.0655263157894737,0.1,30.0,6.456814562981435,23237,139.87481172268397
76,0.0655263157894737,0.1,90.0,9.283519406432658,28573,206.0082595457252
77,0.0655263157894737,0.1,150.0,9.068676510464156,40567,169.86705943254356
78,0.0655263157894737,0.1,210.0,7.6210204304599225,45765,111.26813066754092
79,0.0655263157894737,0.1,270.0,5.172242935635791,20384,49.167140894819504
80,0.0655263157894737,0.30000000000000004,30.0,6.535201276822147,11278,130.18088313530782
81,0.0655263157894737,0.30000000000000004,90.0,10.16352311095587,17178,236.1703923623241
82,0.0655263157894737,0.30000000000000004,150.0,10.31311030422676,28367,213.46557619769382
83,0.0655263157894737,0.30000000000000004,210.0,8.990087563424606,46709,147.6820313001772
84,0.0655263157894737,0.30000000000000004,270.0,5.412376700986386,55556,52.84016127870963
85,0.0655263157894737,0.5,30.0,6.756395084205732,10985,138.84597177969985
86,0.0655263157894737,0.5,90.0,10.405126304083025,18883,249.88148069692318
87,0.0655263157894737,0.5,150.0,10.782764246257708,34939,235.56841924496874
88,0.0655263157894737,0.5,210.0,9.709971074926136,68107,169.9890025988521
89,0.0655263157894737,0.5,270.0,5.423216764226654,132568,54.41255054010013
90,0.0655263157894737,0.7000000000000001,30.0,5.812231404958695,12100,105.78727272727295
91,0.0655263157894737,0.7000000000000001,90.0,9.223302544158155,18513,186.91659914654636
92,0.0655263157894737,0.7000000000000001,150.0,9.573339008903515,28191,174.86297045156277
93,0.0655263157894737,0.7000000000000001,210.0,8.49048591700707,37208,128.32498387443593
94,0.0655263157894737,0.7000000000000001,270.0,5.802701238067463,23989,56.446913168535566
95,0.0655263157894737,0.9,30.0,4.610374964758964,14188,66.03298562165185
96,0.0655263157894737,0.9,90.0,7.7255595535768675,16397,129.6994572177835
97,0.0655263157894737,0.9,150.0,7.961965855136864,19798,123.68476613799382
98,0.0655263157894737,0.9,210.0,7.157368718238305,17710,94.81507622811972
99,0.0655263157894737,0.9,270.0,5.130603031280223,6202,45.331505965817605
100,0.08710526315789476,0.1,30.0,6.468308583846402,13805,141.51474103585562
101,0.08710526315789476,0.1,90.0,9.407248590225578,17024,215.86307565789497
102,0.08710526315789476,0.1,150.0,9.270067549785068,22798,186.3004210895686
103,0.08710526315789476,0.1,210.0,7.951554035883064,26029,120.85062814553037
104,0.08710526315789476,0.1,270.0,5.396647581113604,12051,53.482781511907866
105,0.08710526315789476,0.30000000000000004,30.0,7.092461421705046,7906,144.08436630407246
106,0.08710526315789476,0.30000000000000004,90.0,10.326392251815985,12390,234.02324455205803
107,0.08710526315789476,0.30000000000000004,150.0,10.619096605255766,21386,223.15056579070335
108,0.08710526315789476,0.30000000000000004,210.0,9.335722053369745,35863,160.53913504168574
109,0.08710526315789476,0.30000000000000004,270.0,5.587064794051658,42365,56.76015578897667
110,0.08710526315789476,0.5,30.0,7.2032054951344815,6988,153.08385804235724
111,0.08710526315789476,0.5,90.0,10.5736369680851,12032,247.23620345744624
112,0.08710526315789476,0.5,150.0,10.939109207314216,21711,240.36060061719832
113,0.08710526315789476,0.5,210.0,9.739408594025463,39702,169.85678303359998
114,0.08710526315789476,0.5,270.0,5.634321157822183,65295,58.50088061873036
115,0.08710526315789476,0.7000000000000001,30.0,5.950923286652636,8069,99.81088115008049
116,0.08710526315789476,0.7000000000000001,90.0,9.532292106374015,11845,196.303419164204
117,0.08710526315789476,0.7000000000000001,150.0,9.981751222997863,18193,191.58159731764968
118,0.08710526315789476,0.7000000000000001,210.0,8.683657229016587,23876,133.22311107388174
119,0.08710526315789476,0.7000000000000001,270.0,5.900959348471237,14489,59.18745255021041
120,0.08710526315789476,0.9,30.0,4.284281774880907,7978,57.55878666332419
121,0.08710526315789476,0.9,90.0,7.36988252046989,8427,125.65586804319403
122,0.08710526315789476,0.9,150.0,7.69169190826482,9244,123.27455646906085
123,0.08710526315789476,0.9,210.0,6.77063447501403,7124,84.59096013475552
124,0.08710526315789476,0.9,270.0,4.964060223409406,2059,41.67314230208836
125,0.1086842105263158,0.1,30.0,6.6910917918030774,8857,151.19239019984167
126,0.1086842105263158,0.1,90.0,9.781749491426908,10323,224.05356969873066
127,0.1086842105263158,0.1,150.0,9.701512870151344,13947,198.12482971248343
128,0.1086842105263158,0.1,210.0,8.40576899011385,15982,136.50763358778622
129,0.1086842105263158,0.1,270.0,5.50500063299151,7899,56.22281301430559
130,0.1086842105263158,0.30000000000000004,30.0,7.254744764397894,6112,160.6951897905759
131,0.1086842105263158,0.30000000000000004,90.0,10.634182123022113,9543,256.0882322120932
132,0.1086842105263158,0.30000000000000004,150.0,10.81170983183997,16294,234.6604885233829
133,0.1086842105263158,0.30000000000000004,210.0,9.497082804855932,27595,164.41717702482407
134,0.1086842105263158,0.30000000000000004,270.0,5.6254152583990376,34617,57.79354074587603
135,0.1086842105263158,0.5,30.0,7.19599827882959,4648,149.13231497418246
136,0.1086842105263158,0.5,90.0,10.95556962025315,7900,258.9639240506329
137,0.1086842105263158,0.5,150.0,11.16130180885913,14042,244.43462469733643
138,0.1086842105263158,0.5,210.0,9.875596135817055,24533,175.99095096400694
139,0.1086842105263158,0.5,270.0,5.9106124121410835,31727,62.15620764648414
140,0.1086842105263158,0.7000000000000001,30.0,6.185093874454778,5273,117.21107528920919
141,0.1086842105263158,0.7000000000000001,90.0,9.569442639989624,7697,190.49006106275198
142,0.1086842105263158,0.7000000000000001,150.0,10.081415174765569,11730,197.70017050298418
143,0.1086842105263158,0.7000000000000001,210.0,8.79062851100386,15131,136.95241557068255
144,0.1086842105263158,0.7000000000000001,270.0,5.922689075630252,8925,59.30263305322125
145,0.1086842105263158,0.9,30.0,4.017824329290678,5442,53.76571113561187
146,0.1086842105263158,0.9,90.0,6.738452063231371,4871,107.30917676041823
147,0.1086842105263158,0.9,150.0,7.107120484443501,4789,100.84025892670677
148,0.1086842105263158,0.9,210.0,6.483236621534496,3102,79.40909090909096
149,0.1086842105263158,0.9,270.0,4.938642297650124,766,41.66971279373371
150,0.13026315789473686,0.1,30.0,7.104267033723321,5812,185.6555402615281
151,0.13026315789473686,0.1,90.0,10.047915460335831,6908,243.32643312101865
152,0.13026315789473686,0.1,150.0,10.156502732240435,9150,216.38098360655678
153,0.13026315789473686,0.1,210.0,8.709743974491257,10663,144.10278533245742
154,0.13026315789473686,0.1,270.0,5.847254575707145,6010,61.48519134775382
155,0.13026315789473686,0.30000000000000004,30.0,7.527943686006813,4688,158.46395051194497
156,0.13026315789473686,0.30000000000000004,90.0,11.059792718575624,7526,279.6372575073058
157,0.13026315789473686,0.30000000000000004,150.0,11.166220050441352,12688,243.60427175283635
158,0.13026315789473686,0.30000000000000004,210.0,9.756462777228423,21237,173.48975844045816
159,0.13026315789473686,0.30000000000000004,270.0,5.739698979211715,26842,60.801840399374036
160,0.13026315789473686,0.5,30.0,7.676283024597617,3293,186.6000607348926
161,0.13026315789473686,0.5,90.0,11.096682126293233,5606,261.74348911879986
162,0.13026315789473686,0.5,150.0,11.365082709935683,9491,252.4897271098933
163,0.13026315789473686,0.5,210.0,9.72895507508258,16049,167.74453236961745
164,0.13026315789473686,0.5,270.0,6.071053858708351,17156,64.36436232221959
165,0.13026315789473686,0.7000000000000001,30.0,6.685959885386803,3490,143.0830945558737
166,0.13026315789473686,0.7000000000000001,90.0,9.84918219855454,5258,197.60003803727707
167,0.13026315789473686,0.7000000000000001,150.0,10.418925831202065,7820,211.73248081841433
168,0.13026315789473686,0.7000000000000001,210.0,8.848475578668276,9807,140.6141531559086
169,0.13026315789473686,0.7000000000000001,270.0,5.918044319380936,5686,59.418923672177236
170,0.13026315789473686,0.9,30.0,3.8728418744861526,3649,49.92052617155381
171,0.13026315789473686,0.9,90.0,6.567505720823827,3059,110.66492317750877
172,0.13026315789473686,0.9,150.0,6.6511891279728195,2649,99.61079652699127
173,0.13026315789473686,0.9,210.0,6.260450160771705,1555,79.13376205787779
174,0.13026315789473686,0.9,270.0,4.93811074918567,307,43.869706840390926
175,0.1518421052631579,0.1,30.0,6.9125504032258,3968,154.99369959677455
176,0.1518421052631579,0.1,90.0,10.54756780025824,4646,258.8949634093844
177,0.1518421052631579,0.1,150.0,10.595370370370386,6480,230.78950617283954
178,0.1518421052631579,0.1,210.0,9.208282730143305,8234,158.73900898712685
179,0.1518421052631579,0.1,270.0,5.9494634146341445,5125,64.75453658536608
180,0.1518421052631579,0.30000000000000004,30.0,7.761878453038654,3620,174.5453038674039
181,0.1518421052631579,0.30000000000000004,90.0,11.148596402756754,5949,269.6310304252822
182,0.1518421052631579,0.30000000000000004,150.0,11.42176662586698,9804,257.02641778865717
183,0.1518421052631579,0.30000000000000004,210.0,9.907754342431813,16120,178.0711538461549
184,0.1518421052631579,0.30000000000000004,270.0,5.814927685950399,19360,61.33951446280991
185,0.1518421052631579,0.5,30.0,7.188515300340019,2647,138.76161692482012
186,0.1518421052631579,0.5,90.0,10.8320575272558,4311,247.1897471584314
187,0.1518421052631579,0.5,150.0,11.152670665524091,7002,240.88560411311073
188,0.1518421052631579,0.5,210.0,9.575664989216417,11128,164.50287562904387
189,0.1518421052631579,0.5,270.0,6.126666666666673,10500,65.21257142857172
190,0.1518421052631579,0.7000000000000001,30.0,6.593618807724604,2382,144.00000000000003
191,0.1518421052631579,0.7000000000000001,90.0,10.188381274675676,3546,225.88042865200174
192,0.1518421052631579,0.7000000000000001,150.0,10.387461656441696,5216,200.8644555214718
193,0.1518421052631579,0.7000000000000001,210.0,8.989541679483207,6502,142.6782528452783
194,0.1518421052631579,0.7000000000000001,270.0,5.80808080808081,3861,73.76146076146068
195,0.1518421052631579,0.9,30.0,3.666086956521737,2300,38.97652173913052
196,0.1518421052631579,0.9,90.0,6.610294117647064,1904,109.95588235294116
197,0.1518421052631579,0.9,150.0,6.4282083862769825,1574,87.9771283354509
198,0.1518421052631579,0.9,210.0,6.0879801734820305,807,74.14993804213138
199,0.1518421052631579,0.9,270.0,4.905882352941172,170,43.65882352941176
200,0.17342105263157898,0.1,30.0,7.064037748567578,2967,168.36973373778233
201,0.17342105263157898,0.1,90.0,11.07322053675612,3428,292.1584014002333
202,0.17342105263157898,0.1,150.0,11.274738535800479,4972,249.9279967819795
203,0.17342105263157898,0.1,210.0,9.311868097682376,6429,158.30455747394623
204,0.17342105263157898,0.1,270.0,5.634151939407847,4357,56.08951113151246
205,0.17342105263157898,0.30000000000000004,30.0,8.069406077348058,2896,212.48653314917115
206,0.17342105263157898,0.30000000000000004,90.0,11.503875968992233,4644,299.88027562446024
207,0.17342105263157898,0.30000000000000004,150.0,11.611552729199754,7548,259.0090090090091
208,0.17342105263157898,0.30000000000000004,210.0,10.094482595311408,12669,185.4592311942545
209,0.17342105263157898,0.30000000000000004,270.0,5.910477362877853,14622,61.98803173300512
210,0.17342105263157898,0.5,30.0,7.707207207207214,2220,175.29369369369394
211,0.17342105263157898,0.5,90.0,10.996058558558515,3552,252.5641891891888
212,0.17342105263157898,0.5,150.0,11.12430692183863,5591,236.47612233947297
213,0.17342105263157898,0.5,210.0,9.685721325612931,8117,166.12849574966083
214,0.17342105263157898,0.5,270.0,6.168643154165993,6493,65.83874942245504
215,0.17342105263157898,0.7000000000000001,30.0,6.225074037512337,2026,139.24876604146104
216,0.17342105263157898,0.7000000000000001,90.0,9.978739276389394,2681,220.12047743379347
217,0.17342105263157898,0.7000000000000001,150.0,10.415573770491827,3660,211.70191256830626
218,0.17342105263157898,0.7000000000000001,210.0,9.003672251549222,4357,143.6899242598118
219,0.17342105263157898,0.7000000000000001,270.0,5.973981900452488,2652,59.50188536953248
220,0.17342105263157898,0.9,30.0,3.3445995591476785,1361,44.521675238794984
221,0.17342105263157898,0.9,90.0,5.4859521331945995,961,79.39021852237265
222,0.17342105263157898,0.9,150.0,5.752100840336134,714,76.96498599439788
223,0.17342105263157898,0.9,210.0,5.907801418439719,282,70.20567375886525
224,0.17342105263157898,0.9,270.0,3.888888888888888,45,25.799999999999997
225,0.195,0.1,30.0,7.786357176693511,2111,205.6707721459024
226,0.195,0.1,90.0,11.19008904374756,2583,282.0704607046058
227,0.195,0.1,150.0,11.70881820532712,3867,270.25135764158216
228,0.195,0.1,210.0,9.44636933284183,5426,162.09436048654612
229,0.195,0.1,270.0,5.8800309597523155,3876,62.10190918472655
230,0.195,0.30000000000000004,30.0,7.591673675357429,2378,163.99116904962136
231,0.195,0.30000000000000004,90.0,11.429695982627575,3684,283.84934853420134
232,0.195,0.30000000000000004,150.0,11.801629531094074,6014,274.7923179248413
233,0.195,0.30000000000000004,210.0,10.09173100365704,9844,183.8007923608292
234,0.195,0.30000000000000004,270.0,5.92483184875475,11002,63.00772586802396
235,0.195,0.5,30.0,7.4785373608902965,1887,164.85320614732353
236,0.195,0.5,90.0,11.004657351962738,3006,259.66400532268796
237,0.195,0.5,150.0,11.081985133362467,4574,238.63117621338003
238,0.195,0.5,210.0,9.467689295039177,6128,156.31135770234897
239,0.195,0.5,270.0,6.067008109261631,4686,63.308151941954684
240,0.195,0.7000000000000001,30.0,6.358527131782947,1548,126.7344961240312
241,0.195,0.7000000000000001,90.0,10.005658436213972,1944,215.72685185185168
242,0.195,0.7000000000000001,150.0,9.87575528700909,2648,195.76472809667692
243,0.195,0.7000000000000001,210.0,8.911282222966218,2987,143.32105791764366
244,0.195,0.7000000000000001,270.0,6.011778563015311,1698,61.32862190812722
245,0.195,0.9,30.0,2.5950570342205315,526,18.990494296577957
246,0.195,0.9,90.0,4.500000000000003,330,50.50000000000001
247,0.195,0.9,150.0,5.2999999999999945,190,70.17368421052637
248,0.195,0.9,210.0,4.620689655172409,58,37.827586206896534
249,0.195,0.9,270.0,1.5,2,2.5
250,0.2165789473684211,0.1,30.0,8.034965034965017,1573,183.26446280991723
251,0.2165789473684211,0.1,90.0,11.863968795709367,2051,310.3505607020953
252,0.2165789473684211,0.1,150.0,12.007597340930635,3159,283.0959164292501
253,0.2165789473684211,0.1,210.0,9.82510156082961,4677,178.69488988667953
254,0.2165789473684211,0.1,270.0,6.07498702646602,3854,66.5036325895173
255,0.2165789473684211,0.30000000000000004,30.0,8.059007832898166,1915,200.19791122715395
256,0.2165789473684211,0.30000000000000004,90.0,12.123346560846574,3024,307.41567460317503
257,0.2165789473684211,0.30000000000000004,150.0,11.679745275267013,4868,266.3066967953982
258,0.2165789473684211,0.30000000000000004,210.0,9.951139654955295,7941,177.85845611383957
259,0.2165789473684211,0.30000000000000004,270.0,5.8917940011318555,8835,63.252971137521286
260,0.2165789473684211,0.5,30.0,7.662064825930363,1666,175.42436974789922
261,0.2165789473684211,0.5,90.0,10.994828957836123,2514,262.0568814638025
262,0.2165789473684211,0.5,150.0,11.0284907597536,3896,233.9099075975357
263,0.2165789473684211,0.5,210.0,9.507519512659417,5253,164.45059965733898
264,0.2165789473684211,0.5,270.0,6.192903407490838,3551,65.64038299070653
265,0.2165789473684211,0.7000000000000001,30.0,5.1697281410727385,1361,98.68772961058043
266,0.2165789473684211,0.7000000000000001,90.0,8.7603654251581,1423,166.82361208714022
267,0.2165789473684211,0.7000000000000001,150.0,9.93483412322276,1688,195.15639810426512
268,0.2165789473684211,0.7000000000000001,210.0,8.7709497206704,1790,138.33854748603343
269,0.2165789473684211,0.7000000000000001,270.0,5.996326905417807,1089,60.288337924701516
270,0.2165789473684211,0.9,30.0,0.0,0,0.0
271,0.2165789473684211,0.9,90.0,0.0,0,0.0
272,0.2165789473684211,0.9,150.0,0.0,0,0.0
273,0.2165789473684211,0.9,210.0,0.0,0,0.0
274,0.2165789473684211,0.9,270.0,0.0,0,0.0
275,0.23815789473684212,0.1,30.0,8.51612903225807,1333,286.7906976744179
276,0.23815789473684212,0.1,90.0,11.733885274985202,1691,302.45416913069096
277,0.23815789473684212,0.1,150.0,11.621611721611742,2730,254.24505494505436
278,0.23815789473684212,0.1,210.0,10.190814393939423,4224,189.97253787878776
279,0.23815789473684212,0.1,270.0,5.918716577540105,3740,61.913368983957135
280,0.23815789473684212,0.30000000000000004,30.0,7.93575252825698,1681,200.59369422962504
281,0.23815789473684212,0.30000000000000004,90.0,12.248916896415906,2539,332.96179598266974
282,0.23815789473684212,0.30000000000000004,150.0,11.67138166203583,3959,272.6645617580189
283,0.23815789473684212,0.30000000000000004,210.0,10.081447963800901,6409,182.95584334529514
284,0.23815789473684212,0.30000000000000004,270.0,6.0086358313817305,6832,65.46326112412191
285,0.23815789473684212,0.5,30.0,7.211286992429441,1453,147.43014452856127
286,0.23815789473684212,0.5,90.0,10.520125223613602,2236,229.548747763864
287,0.23815789473684212,0.5,150.0,11.313291139240514,3160,243.80822784810152
288,0.23815789473684212,0.5,210.0,9.34633458646615,4256,154.5352443609026
289,0.23815789473684212,0.5,270.0,6.076731793960921,2815,66.06323268206046
290,0.23815789473684212,0.7000000000000001,30.0,4.9813391877058155,911,73.09330406147096
291,0.23815789473684212,0.7000000000000001,90.0,9.507231404958674,968,220.43491735537194
292,0.23815789473684212,0.7000000000000001,150.0,9.940000000000001,1050,197.45238095238065
293,0.23815789473684212,0.7000000000000001,210.0,8.456038647342977,1035,132.42512077294714
294,0.23815789473684212,0.7000000000000001,270.0,5.947546531302878,591,62.18443316412862
295,0.23815789473684212,0.9,30.0,0.0,0,0.0
296,0.23815789473684212,0.9,90.0,0.0,0,0.0
297,0.23815789473684212,0.9,150.0,0.0,0,0.0
298,0.23815789473684212,0.9,210.0,0.0,0,0.0
299,0.23815789473684212,0.9,270.0,0.0,0,0.0
300,0.25973684210526315,0.1,30.0,8.427875243664714,1026,198.1861598440547
301,0.25973684210526315,0.1,90.0,12.816862474084315,1447,371.6821008984098
302,0.25973684210526315,0.1,150.0,11.795493934142108,2308,270.9254766031196
303,0.25973684210526315,0.1,210.0,9.787545787545824,3822,170.8090005232859
304,0.25973684210526315,0.1,270.0,5.937938197870657,3851,63.01298364061273
305,0.25973684210526315,0.30000000000000004,30.0,8.446730345334315,1361,217.74577516531906
306,0.25973684210526315,0.30000000000000004,90.0,11.402260951483733,2123,283.3768252472928
307,0.25973684210526315,0.30000000000000004,150.0,11.815918958031817,3455,270.0735166425471
308,0.25973684210526315,0.30000000000000004,210.0,9.981700118063761,5082,184.10802833530047
309,0.25973684210526315,0.30000000000000004,270.0,5.477524320697755,5962,56.27155317007743
310,0.25973684210526315,0.5,30.0,7.804380664652564,1324,184.6382175226584
311,0.25973684210526315,0.5,90.0,11.075105042016816,1904,261.6391806722689
312,0.25973684210526315,0.5,150.0,10.825704225352085,2840,223.76514084506934
313,0.25973684210526315,0.5,210.0,9.300535663941364,3547,155.2108824358614
314,0.25973684210526315,0.5,270.0,6.227175310758671,2333,67.00900128589801
315,0.25973684210526315,0.7000000000000001,30.0,4.8366718027735,649,71.78890600924501
316,0.25973684210526315,0.7000000000000001,90.0,8.885950413223139,605,177.48099173553715
317,0.25973684210526315,0.7000000000000001,150.0,10.187500000000009,592,201.95439189189221
318,0.25973684210526315,0.7000000000000001,210.0,8.37636363636363,550,126.97636363636356
319,0.25973684210526315,0.7000000000000001,270.0,5.999999999999997,288,60.46527777777779
320,0.25973684210526315,0.9,30.0,0.0,0,0.0
321,0.25973684210526315,0.9,90.0,0.0,0,0.0
322,0.25973684210526315,0.9,150.0,0.0,0,0.0
323,0.25973684210526315,0.9,210.0,0.0,0,0.0
324,0.25973684210526315,0.9,270.0,0.0,0,0.0
325,0.28131578947368424,0.1,30.0,7.93548387096773,899,211.7041156840932
326,0.28131578947368424,0.1,90.0,12.718386346004646,1289,372.7044220325834
327,0.28131578947368424,0.1,150.0,11.837965143664611,2123,273.5967969853989
328,0.28131578947368424,0.1,210.0,9.708308952603868,3418,168.1342890579289
329,0.28131578947368424,0.1,270.0,5.994729542302354,3605,64.9772538141467
330,0.28131578947368424,0.30000000000000004,30.0,8.378565254969732,1157,196.5254969749348
331,0.28131578947368424,0.30000000000000004,90.0,11.90392048591936,1811,283.676421866372
332,0.28131578947368424,0.30000000000000004,150.0,11.658300466116879,2789,259.55288633918997
333,0.28131578947368424,0.30000000000000004,210.0,9.919466285441967,4197,176.16773886109053
334,0.28131578947368424,0.30000000000000004,270.0,6.135664682539678,4032,69.54290674603173
335,0.28131578947368424,0.5,30.0,7.661220980223561,1163,191.1006018916598
336,0.28131578947368424,0.5,90.0,10.757524134014725,1761,254.01022146507626
337,0.28131578947368424,0.5,150.0,11.018340975406392,2399,234.14047519799868
338,0.28131578947368424,0.5,210.0,9.413536498936919,2822,156.0854004252298
339,0.28131578947368424,0.5,270.0,6.232982844493632,1807,67.46375207526297
340,0.28131578947368424,0.7000000000000001,30.0,4.315384615384616,390,65.02307692307696
341,0.28131578947368424,0.7000000000000001,90.0,8.908839779005543,362,182.3839779005527
342,0.28131578947368424,0.7000000000000001,150.0,8.775956284152997,366,164.34426229508193
343,0.28131578947368424,0.7000000000000001,210.0,8.177049180327874,305,129.14754098360652
344,0.28131578947368424,0.7000000000000001,270.0,5.04201680672269,119,43.0588235294118
345,0.28131578947368424,0.9,30.0,0.0,0,0.0
346,0.28131578947368424,0.9,90.0,0.0,0,0.0
347,0.28131578947368424,0.9,150.0,0.0,0,0.0
348,0.28131578947368424,0.9,210.0,0.0,0,0.0
349,0.28131578947368424,0.9,270.0,0.0,0,0.0
350,0.3028947368421053,0.1,30.0,8.168269230769212,1040,179.0875
351,0.3028947368421053,0.1,90.0,11.474999999999994,1400,304.5949999999996
352,0.3028947368421053,0.1,150.0,11.613098002786796,2153,281.34928007431404
353,0.3028947368421053,0.1,210.0,9.947385103011058,3155,180.77147385102947
354,0.3028947368421053,0.1,270.0,5.83797544174903,3339,63.23420185684348
355,0.3028947368421053,0.30000000000000004,30.0,9.604743083003962,759,286.9011857707513
356,0.3028947368421053,0.30000000000000004,90.0,12.824935952177606,1171,342.4218616567032
357,0.3028947368421053,0.30000000000000004,150.0,12.381270903010014,2093,286.440516005733
358,0.3028947368421053,0.30000000000000004,210.0,10.324122236670972,3076,189.00617685305536
359,0.3028947368421053,0.30000000000000004,270.0,6.191559633027494,2725,67.7056880733945
360,0.3028947368421053,0.5,30.0,7.033934252386006,943,135.67656415694603
361,0.3028947368421053,0.5,90.0,10.932276657060546,1388,262.95100864553297
362,0.3028947368421053,0.5,150.0,10.503892060197192,1927,210.02023871302558
363,0.3028947368421053,0.5,210.0,9.298607992815448,2227,161.02379883250993
364,0.3028947368421053,0.5,270.0,5.9487999999999985,1250,61.875200000000106
365,0.3028947368421053,0.7000000000000001,30.0,5.084112149532715,321,99.55140186915888
366,0.3028947368421053,0.7000000000000001,90.0,7.936254980079685,251,147.7928286852588
367,0.3028947368421053,0.7000000000000001,150.0,8.089068825910934,247,111.17408906882592
368,0.3028947368421053,0.7000000000000001,210.0,8.07027027027027,185,115.94054054054045
369,0.3028947368421053,0.7000000000000001,270.0,6.764044943820221,89,73.03370786516852
370,0.3028947368421053,0.9,30.0,0.0,0,0.0
371,0.3028947368421053,0.9,90.0,0.0,0,0.0
372,0.3028947368421053,0.9,150.0,0.0,0,0.0
373,0.3028947368421053,0.9,210.0,0.0,0,0.0
374,0.3028947368421053,0.9,270.0,0.0,0,0.0
375,0.32447368421052636,0.1,30.0,7.702325581395352,1075,172.82976744186064
376,0.32447368421052636,0.1,90.0,11.050221565731137,1354,273.07828655834504
377,0.32447368421052636,0.1,150.0,11.451010886469668,1929,263.79937791601776
378,0.32447368421052636,0.1,210.0,9.948121645796055,2795,181.66189624329192
379,0.32447368421052636,0.1,270.0,5.85375901132854,2913,63.35187092344655
380,0.32447368421052636,0.30000000000000004,30.0,10.002141327623136,467,267.6595289079227
381,0.32447368421052636,0.30000000000000004,90.0,12.635817307692285,832,297.04447115384556
382,0.32447368421052636,0.30000000000000004,150.0,12.442779291553123,1468,303.7724795640325
383,0.32447368421052636,0.30000000000000004,210.0,10.662638956017412,2069,223.37409376510362
384,0.32447368421052636,0.30000000000000004,270.0,7.1285249457700575,1844,95.41702819956619
385,0.32447368421052636,0.5,30.0,6.905092592592599,864,129.5069444444446
386,0.32447368421052636,0.5,90.0,11.076782449725783,1094,281.1956124314445
387,0.32447368421052636,0.5,150.0,10.950732356857534,1502,220.31557922769605
388,0.32447368421052636,0.5,210.0,9.283323000619934,1613,150.72783632982012
389,0.32447368421052636,0.5,270.0,6.163763066202102,861,67.08826945412318
390,0.32447368421052636,0.7000000000000001,30.0,3.842307692307694,260,48.0884615384616
391,0.32447368421052636,0.7000000000000001,90.0,7.207070707070701,198,138.20707070707073
392,0.32447368421052636,0.7000000000000001,150.0,8.01030927835051,194,126.25773195876283
393,0.32447368421052636,0.7000000000000001,210.0,6.776978417266191,139,75.29496402877699
394,0.32447368421052636,0.7000000000000001,270.0,6.299999999999996,60,77.49999999999999
395,0.32447368421052636,0.9,30.0,0.0,0,0.0
396,0.32447368421052636,0.9,90.0,0.0,0,0.0
397,0.32447368421052636,0.9,150.0,0.0,0,0.0
398,0.32447368421052636,0.9,210.0,0.0,0,0.0
399,0.32447368421052636,0.9,270.0,0.0,0,0.0
400,0.3460526315789474,0.1,30.0,7.340606060606054,825,156.96000000000012
401,0.3460526315789474,0.1,90.0,12.143248175182487,1096,322.7217153284667
402,0.3460526315789474,0.1,150.0,11.962962962962948,1458,280.24279835390917
403,0.3460526315789474,0.1,210.0,9.951343836886014,2158,180.14226135310497
404,0.3460526315789474,0.1,270.0,5.999072786277221,2157,65.88966156699136
405,0.3460526315789474,0.30000000000000004,30.0,9.901376146788987,436,236.25458715596335
406,0.3460526315789474,0.30000000000000004,90.0,12.998593530239104,711,336.17440225035176
407,0.3460526315789474,0.30000000000000004,150.0,12.304817275747517,1204,294.9825581395356
408,0.3460526315789474,0.30000000000000004,210.0,10.187725631768952,1662,190.5956678700359
409,0.3460526315789474,0.30000000000000004,270.0,6.433890577507596,1316,74.72568389057753
410,0.3460526315789474,0.5,30.0,6.902298850574714,696,137.31321839080454
411,0.3460526315789474,0.5,90.0,10.553881807647738,863,224.63731170336075
412,0.3460526315789474,0.5,150.0,11.04212454212454,1092,241.62454212454216
413,0.3460526315789474,0.5,210.0,8.882556131260804,1158,146.09499136442145
414,0.3460526315789474,0.5,270.0,6.2349102773246345,613,74.42088091353989
415,0.3460526315789474,0.7000000000000001,30.0,3.7675675675675664,185,53.313513513513556
416,0.3460526315789474,0.7000000000000001,90.0,9.700680272108846,147,328.0544217687072
417,0.3460526315789474,0.7000000000000001,150.0,8.828767123287665,146,158.0890410958904
418,0.3460526315789474,0.7000000000000001,210.0,6.39285714285714,112,73.4107142857143
419,0.3460526315789474,0.7000000000000001,270.0,6.1842105263157885,38,70.6578947368421
420,0.3460526315789474,0.9,30.0,0.0,0,0.0
421,0.3460526315789474,0.9,90.0,0.0,0,0.0
422,0.3460526315789474,0.9,150.0,0.0,0,0.0
423,0.3460526315789474,0.9,210.0,0.0,0,0.0
424,0.3460526315789474,0.9,270.0,0.0,0,0.0
425,0.3676315789473684,0.1,30.0,8.109500805152972,621,209.38164251207735
426,0.3676315789473684,0.1,90.0,12.443428571428578,875,351.63885714285755
427,0.3676315789473684,0.1,150.0,11.49686660698296,1117,289.9122649955234
428,0.3676315789473684,0.1,210.0,10.068424356559959,1593,185.1556811048336
429,0.3676315789473684,0.1,270.0,6.1177347242921005,1342,67.83010432190743
430,0.3676315789473684,0.30000000000000004,30.0,9.058651026392962,341,210.51906158357784
431,0.3676315789473684,0.30000000000000004,90.0,12.853618421052632,608,316.1661184210525
432,0.3676315789473684,0.30000000000000004,150.0,12.429621848739487,952,289.0556722689073
433,0.3676315789473684,0.30000000000000004,210.0,10.01931649331353,1346,182.02971768202076
434,0.3676315789473684,0.30000000000000004,270.0,6.391908975979773,791,70.4323640960809
435,0.3676315789473684,0.5,30.0,7.608455882352937,544,150.39889705882368
436,0.3676315789473684,0.5,90.0,10.90867579908677,657,242.69558599695586
437,0.3676315789473684,0.5,150.0,10.400228050171041,877,209.51767388825564
438,0.3676315789473684,0.5,210.0,9.120317820658338,881,155.4267877412032
439,0.3676315789473684,0.5,270.0,5.3952879581151825,382,51.18586387434554
440,0.3676315789473684,0.7000000000000001,30.0,4.522935779816514,109,50.321100917431224
441,0.3676315789473684,0.7000000000000001,90.0,8.305555555555557,72,228.02777777777771
442,0.3676315789473684,0.7000000000000001,150.0,8.515151515151516,99,165.20202020202015
443,0.3676315789473684,0.7000000000000001,210.0,7.373333333333331,75,105.61333333333333
444,0.3676315789473684,0.7000000000000001,270.0,4.588235294117647,17,27.41176470588235
445,0.3676315789473684,0.9,30.0,0.0,0,0.0
446,0.3676315789473684,0.9,90.0,0.0,0,0.0
447,0.3676315789473684,0.9,150.0,0.0,0,0.0
448,0.3676315789473684,0.9,210.0,0.0,0,0.0
449,0.3676315789473684,0.9,270.0,0.0,0,0.0
450,0.3892105263157895,0.1,30.0,7.625475285171085,526,154.88783269961974
451,0.3892105263157895,0.1,90.0,12.331851851851862,675,306.06814814814805
452,0.3892105263157895,0.1,150.0,11.753699788583516,946,256.3118393234672
453,0.3892105263157895,0.1,210.0,10.30079858030168,1127,184.21916592724014
454,0.3892105263157895,0.1,270.0,6.297631307929972,971,74.45005149330574
455,0.3892105263157895,0.30000000000000004,30.0,9.724683544303812,316,259.9778481012658
456,0.3892105263157895,0.30000000000000004,90.0,12.587921847246879,563,324.64120781527487
457,0.3892105263157895,0.30000000000000004,150.0,11.918263090676884,783,257.4865900383144
458,0.3892105263157895,0.30000000000000004,210.0,10.439158279963394,1093,202.6587374199449
459,0.3892105263157895,0.30000000000000004,270.0,5.903061224489794,588,59.566326530612315
460,0.3892105263157895,0.5,30.0,7.20642201834862,436,247.05045871559622
461,0.3892105263157895,0.5,90.0,10.69741697416972,542,241.3062730627307
462,0.3892105263157895,0.5,150.0,10.324534161490682,644,182.77173913043455
463,0.3892105263157895,0.5,210.0,8.74842767295596,636,141.67295597484252
464,0.3892105263157895,0.5,270.0,5.880149812734076,267,57.99250936329594
465,0.3892105263157895,0.7000000000000001,30.0,3.5964912280701733,57,37.17543859649122
466,0.3892105263157895,0.7000000000000001,90.0,4.586956521739127,46,56.84782608695654
467,0.3892105263157895,0.7000000000000001,150.0,3.4166666666666665,24,17.250000000000004
468,0.3892105263157895,0.7000000000000001,210.0,7.777777777777778,9,127.55555555555554
469,0.3892105263157895,0.7000000000000001,270.0,3.0,1,9.0
470,0.3892105263157895,0.9,30.0,0.0,0,0.0
471,0.3892105263157895,0.9,90.0,0.0,0,0.0
472,0.3892105263157895,0.9,150.0,0.0,0,0.0
473,0.3892105263157895,0.9,210.0,0.0,0,0.0
474,0.3892105263157895,0.9,270.0,0.0,0,0.0
475,0.7,0.1,30.0,8.375213466699133,4099,197.4901195413512
476,0.7,0.1,90.0,11.922543823889079,4906,308.7574398695474
477,0.7,0.1,150.0,11.482067166612314,6134,269.2557874144112
478,0.7,0.1,210.0,9.305318221447267,5735,168.21272885789028
479,0.7,0.1,270.0,6.347778587035676,2746,72.24144209759636
480,0.7,0.30000000000000004,30.0,8.488519398258111,2526,206.5716547901819
481,0.7,0.30000000000000004,90.0,11.735483870967741,3565,288.57307152875217
482,0.7,0.30000000000000004,150.0,11.233893557422912,4998,242.36234493797465
483,0.7,0.30000000000000004,210.0,9.174036819130707,5269,151.1698614537856
484,0.7,0.30000000000000004,270.0,6.150406504065036,2214,68.00858175248449
485,0.7,0.5,30.0,4.939645825804116,2767,91.86989519335015
486,0.7,0.5,90.0,8.300904003443812,2323,166.56349547998295
487,0.7,0.5,150.0,8.32569478303266,2051,146.7313505607017
488,0.7,0.5,210.0,8.0027972027972,1430,128.8909090909093
489,0.7,0.5,270.0,5.815573770491802,488,62.663934426229545
490,0.7,0.7000000000000001,30.0,0.0,0,0.0
491,0.7,0.7000000000000001,90.0,0.0,0,0.0
492,0.7,0.7000000000000001,150.0,0.0,0,0.0
493,0.7,0.7000000000000001,210.0,0.0,0,0.0
494,0.7,0.7000000000000001,270.0,0.0,0,0.0
495,0.7,0.9,30.0,0.0,0,0.0
496,0.7,0.9,90.0,0.0,0,0.0
497,0.7,0.9,150.0,0.0,0,0.0
498,0.7,0.9,210.0,0.0,0,0.0
499,0.7,0.9,270.0,0.0,0,0.0
