,voc_bin,rtmean,rtcount,rt_squaredmean
0,0.0007894736842105274,6.22510245959287,3732447,89.21075182045422
1,0.022368421052631583,7.2973447462853125,906806,111.9777747390294
2,0.04394736842105264,7.790170470468283,503137,126.01166083989081
3,0.0655263157894737,8.15216238786111,288593,137.1454574435284
4,0.08710526315789476,8.38830195658631,178423,145.16608284806404
5,0.1086842105263158,8.64982335480451,116901,156.70248329783354
6,0.13026315789473686,8.866167050035875,80862,161.02616803937642
7,0.1518421052631579,9.00674296106927,58283,166.27452258806179
8,0.17342105263157898,9.194790019932638,43647,174.07370495108526
9,0.195,9.342308377367454,33686,179.77542599299397
10,0.2165789473684211,9.221494877769056,27039,171.24590406449923
11,0.23815789473684212,9.401473379734222,22126,182.76249661032276
12,0.25973684210526315,9.513311688311722,18480,185.48506493506528
13,0.28131578947368424,9.383263102449286,15188,179.63267052936484
14,0.3028947368421053,9.559430894308893,12300,186.95894308943136
15,0.32447368421052636,9.479830148619948,9891,184.05510059650194
16,0.3460526315789474,9.637138670574135,7507,191.36006394032285
17,0.3676315789473684,9.893050054015132,5554,202.5700396110902
18,0.3892105263157895,9.526417838099869,4126,691.9835191468736
19,0.7,9.707000682737315,19041,198.09910193792345
