,voc_bin,rtmean,rtcount,rt_squaredmean
0,0.0007894736842105274,10.783348545523511,9017987,303.7342895925673
1,0.022368421052631583,12.783864758099117,2192220,375.78314129056406
2,0.04394736842105264,13.58493153838818,1216156,418.2331263423446
3,0.0655263157894737,14.192892813014826,699264,454.52884604384104
4,0.08710526315789476,14.71125983586544,425992,483.70749920186375
5,0.1086842105263158,15.133068939634567,277112,581.3785509108229
6,0.13026315789473686,15.505956681556148,189619,535.2685332166067
7,0.1518421052631579,15.8098873083318,135325,548.0775983742844
8,0.17342105263157898,16.04052239837318,101302,574.735691299286
9,0.195,16.388915847273626,78310,590.8592006129486
10,0.2165789473684211,16.44721054826602,62342,593.0628147958029
11,0.23815789473684212,16.49491445241657,50732,596.2928329259627
12,0.25973684210526315,16.52318403674997,41796,583.7676571920779
13,0.28131578947368424,16.71578220329225,34748,610.0257280994601
14,0.3028947368421053,16.56507378777222,28460,599.1644413211526
15,0.32447368421052636,16.931231571785002,22045,646.650442277162
16,0.3460526315789474,17.16788106710538,17018,656.0118110236217
17,0.3676315789473684,17.23629926108376,12992,665.2443041871911
18,0.3892105263157895,17.582497995188447,9976,706.8774057738573
19,0.7,17.63188528943169,47075,697.0400212426962
