,voc_bin,elo_bin,rtmean,rtcount,rt_squaredmean
0,0.0007894736842105274,625.0,9.687749693900441,1217741,207.95920314746775
1,0.0007894736842105274,1387.5,9.636728813537085,1520806,212.57189214140416
2,0.0007894736842105274,1662.5,9.646772399303686,1129957,222.01200045665524
3,0.0007894736842105274,2400.0,9.649625111610307,490546,233.63238309964845
4,0.022368421052631583,625.0,11.39625214163331,280160,259.445152769846
5,0.022368421052631583,1387.5,11.357481617199982,370047,265.881890678751
6,0.022368421052631583,1662.5,11.58140843881261,284258,287.52309521631724
7,0.022368421052631583,2400.0,11.80443616000747,128219,311.1236010263682
8,0.04394736842105264,625.0,11.898829757040922,151507,280.881781039821
9,0.04394736842105264,1387.5,12.037573108624764,206371,295.85114187555445
10,0.04394736842105264,1662.5,12.328846535390088,161288,318.6164314766128
11,0.04394736842105264,2400.0,12.732952590655728,72665,353.1308332759923
12,0.0655263157894737,625.0,12.33390390744894,84710,301.49249203163737
13,0.0655263157894737,1387.5,12.469633989022213,118603,315.8980970127229
14,0.0655263157894737,1662.5,12.950676858692388,93668,349.2645086902685
15,0.0655263157894737,2400.0,13.40174361097697,43473,396.0999240908161
16,0.08710526315789476,625.0,12.612832163018037,50841,318.97195177120796
17,0.08710526315789476,1387.5,12.85323213963619,72073,330.84002330970065
18,0.08710526315789476,1662.5,13.36677993886713,58561,373.00186130701144
19,0.08710526315789476,2400.0,13.851538573720276,27428,417.2694326965148
20,0.1086842105263158,625.0,12.909605743640526,32314,329.1462214520027
21,0.1086842105263158,1387.5,13.25157205982323,47072,352.93342114208014
22,0.1086842105263158,1662.5,13.673222546713882,38693,384.6415630734248
23,0.1086842105263158,2400.0,14.233973655323824,18220,439.94989023051545
24,0.13026315789473686,625.0,13.277274206293837,21513,341.82271184864817
25,0.13026315789473686,1387.5,13.524965800273625,32164,367.16742320606903
26,0.13026315789473686,1662.5,14.071170264325415,26823,414.1304477500654
27,0.13026315789473686,2400.0,14.319914445038624,13091,439.5184477885562
28,0.1518421052631579,625.0,13.424429689040782,15211,346.4120044704481
29,0.1518421052631579,1387.5,13.739518134270748,23326,379.7374603446789
30,0.1518421052631579,1662.5,14.268626040489174,19462,423.5395128969266
31,0.1518421052631579,2400.0,14.71508379888269,9487,464.83756719721686
32,0.17342105263157898,625.0,13.568293335712353,11209,345.5545543759482
33,0.17342105263157898,1387.5,14.011524568545386,17441,391.5159107849332
34,0.17342105263157898,1662.5,14.6419719460711,14686,444.7419310908344
35,0.17342105263157898,2400.0,14.817317246273962,7045,475.7762952448538
36,0.195,625.0,13.935323383084597,8844,373.18046132971483
37,0.195,1387.5,14.22552149060948,13471,396.86838393586186
38,0.195,1662.5,14.704930931981153,11438,452.53444658157065
39,0.195,2400.0,15.199494036863022,5534,499.60281893747685
40,0.2165789473684211,625.0,13.927044742091743,7018,365.48446850954656
41,0.2165789473684211,1387.5,14.324653428250251,10676,414.1588609966281
42,0.2165789473684211,1662.5,14.900619767315483,9197,463.24768946395517
43,0.2165789473684211,2400.0,14.768273716951782,4501,450.0653188180405
44,0.23815789473684212,625.0,13.94409393620748,5706,375.27812828601463
45,0.23815789473684212,1387.5,14.266255285110278,8751,398.426694092103
46,0.23815789473684212,1662.5,14.553082864249268,7639,421.1508050791993
47,0.23815789473684212,2400.0,15.16557161629438,3805,489.2917214191842
48,0.25973684210526315,625.0,14.20029768233044,4703,387.4356793536041
49,0.25973684210526315,1387.5,14.48755449303893,7111,402.12951764871394
50,0.25973684210526315,1662.5,15.03427839179882,6243,467.17843985263545
51,0.25973684210526315,2400.0,15.078822412155747,3159,479.91073124406273
52,0.28131578947368424,625.0,14.289292103245593,3913,379.19652440582485
53,0.28131578947368424,1387.5,14.825475741470957,5833,437.10560603463097
54,0.28131578947368424,1662.5,14.56634304207123,5253,449.3674090995627
55,0.28131578947368424,2400.0,15.15625,2560,486.7328125000002
56,0.3028947368421053,625.0,14.173197234112632,3037,382.4148831083304
57,0.3028947368421053,1387.5,14.413025210084028,4760,419.398739495799
58,0.3028947368421053,1662.5,15.551895734597162,4220,498.00592417061534
59,0.3028947368421053,2400.0,15.31283817019185,2033,512.9842597147073
60,0.32447368421052636,625.0,13.839951377633728,2468,352.40559157212334
61,0.32447368421052636,1387.5,15.031559240438598,3739,451.2123562449847
62,0.32447368421052636,1662.5,14.959152334152309,3256,469.5089066339052
63,0.32447368421052636,2400.0,15.18181818181816,1705,473.97478005865025
64,0.3460526315789474,625.0,14.041666666666679,1896,375.9530590717294
65,0.3460526315789474,1387.5,14.594678645473408,2894,410.09087767795444
66,0.3460526315789474,1662.5,14.745624745624767,2457,475.91371591371535
67,0.3460526315789474,2400.0,14.855345911949662,1272,471.04559748427624
68,0.3676315789473684,625.0,14.5945945945946,1480,419.7283783783786
69,0.3676315789473684,1387.5,15.320530406950173,2187,453.7155921353445
70,0.3676315789473684,1662.5,16.0078212290503,1790,531.5564245810062
71,0.3676315789473684,2400.0,14.838452787258248,879,504.26279863481193
72,0.3892105263157895,625.0,13.997398091934075,1153,385.8620988725059
73,0.3892105263157895,1387.5,14.628340584213769,1609,410.7215661901802
74,0.3892105263157895,1662.5,16.414961185603385,1417,542.0988002822878
75,0.3892105263157895,2400.0,15.037790697674405,688,488.273255813953
76,0.7,625.0,13.816168327796198,5418,384.22037652270257
77,0.7,1387.5,14.49438499141237,7569,432.77658871713595
78,0.7,1662.5,15.477763858440298,6386,515.507203257126
79,0.7,2400.0,15.19757785467128,2890,516.2446366782009
