,voc_bin,U_bin,clock_bin,rtmean,rtcount,rt_squaredmean
0,0.0007894736842105274,0.1,30.0,1.6353247213928852,2029740,5.141260457004325
1,0.0007894736842105274,0.30000000000000004,30.0,1.753730101445444,961502,5.779487718174265
2,0.0007894736842105274,0.5,30.0,1.3659643355699533,4764467,3.8064786680231046
3,0.0007894736842105274,0.7000000000000001,30.0,1.7827191159668379,1327733,5.503575643597015
4,0.0007894736842105274,0.9,30.0,1.6482089720737056,2648507,4.61389945354116
5,0.022368421052631583,0.1,30.0,1.8591737461128213,575610,6.301990931359751
6,0.022368421052631583,0.30000000000000004,30.0,1.8389435015494404,243635,6.111868163441216
7,0.022368421052631583,0.5,30.0,1.5143813649554105,1081017,4.362725100530345
8,0.022368421052631583,0.7000000000000001,30.0,1.8656083359356785,252977,5.77504674337985
9,0.022368421052631583,0.9,30.0,1.8250433721617423,472077,5.398511259815667
10,0.04394736842105264,0.1,30.0,1.919078725888363,279222,6.817997865497682
11,0.04394736842105264,0.30000000000000004,30.0,1.9115205620441178,178776,6.58547008547006
12,0.04394736842105264,0.5,30.0,1.7272395368114632,435503,5.359159408775594
13,0.04394736842105264,0.7000000000000001,30.0,1.9415032456863643,161291,6.204270542063724
14,0.04394736842105264,0.9,30.0,1.8182798996681175,182594,5.479134035072378
15,0.0655263157894737,0.1,30.0,1.9870512494089447,137465,7.370792565380277
16,0.0655263157894737,0.30000000000000004,30.0,1.9522728720693154,125568,6.793076261467902
17,0.0655263157894737,0.5,30.0,1.8728009602201656,199121,6.170208064443204
18,0.0655263157894737,0.7000000000000001,30.0,2.0038263384652404,99573,6.689594568808831
19,0.0655263157894737,0.9,30.0,1.8282292807594007,68475,5.567667031763409
20,0.08710526315789476,0.1,30.0,2.0077293496402175,73098,7.657760814249388
21,0.08710526315789476,0.30000000000000004,30.0,2.010251204711777,89648,7.156155184722487
22,0.08710526315789476,0.5,30.0,1.9593839262837256,105377,6.625715288915031
23,0.08710526315789476,0.7000000000000001,30.0,2.039385032036456,60556,6.873555056476658
24,0.08710526315789476,0.9,30.0,1.7672446351931326,29125,5.313613733905548
25,0.1086842105263158,0.1,30.0,2.058500695010309,41726,8.093395005512166
26,0.1086842105263158,0.30000000000000004,30.0,2.0281351785530046,67851,7.332257446463559
27,0.1086842105263158,0.5,30.0,2.0454376352813886,59136,7.111556412337634
28,0.1086842105263158,0.7000000000000001,30.0,2.0788156466008085,37759,7.195423607616696
29,0.1086842105263158,0.9,30.0,1.6763482394889262,13462,4.888649532016022
30,0.13026315789473686,0.1,30.0,2.1521454000374782,26685,9.030091811879299
31,0.13026315789473686,0.30000000000000004,30.0,2.0714013441669086,49845,7.585214163908126
32,0.13026315789473686,0.5,30.0,2.1024480959253746,36028,7.5131286776951365
33,0.13026315789473686,0.7000000000000001,30.0,2.10440689337079,23849,7.468405383873549
34,0.13026315789473686,0.9,30.0,1.5625264942772346,7077,4.428712731383335
35,0.1518421052631579,0.1,30.0,2.1850267379679322,18700,8.94139037433153
36,0.1518421052631579,0.30000000000000004,30.0,2.0839858036899583,36911,7.610089133320686
37,0.1518421052631579,0.5,30.0,2.134480128802648,23602,7.70155071604099
38,0.1518421052631579,0.7000000000000001,30.0,2.1439104844447177,15461,7.766962033503616
39,0.1518421052631579,0.9,30.0,1.5544121430409021,3887,4.540776948803711
40,0.17342105263157898,0.1,30.0,2.2043581505797016,14318,8.864785584578858
41,0.17342105263157898,0.30000000000000004,30.0,2.1471071428571276,28000,8.18746428571426
42,0.17342105263157898,0.5,30.0,2.157888637812159,17259,8.08291326264557
43,0.17342105263157898,0.7000000000000001,30.0,2.0965575940987295,10574,7.332797427652736
44,0.17342105263157898,0.9,30.0,1.367781155015196,1645,3.4468085106382937
45,0.195,0.1,30.0,2.290591675266591,11628,10.129772961816268
46,0.195,0.30000000000000004,30.0,2.1623010459299743,21990,8.248431105047723
47,0.195,0.5,30.0,2.1948110717248634,13259,8.269628177087212
48,0.195,0.7000000000000001,30.0,2.1116396194739724,7148,7.42137660884162
49,0.195,0.9,30.0,1.0792079207920793,505,2.596039603960395
50,0.2165789473684211,0.1,30.0,2.287906137184106,9972,9.597773766546318
51,0.2165789473684211,0.30000000000000004,30.0,2.1672196030498707,17181,8.294685990338149
52,0.2165789473684211,0.5,30.0,2.1599192141742223,10893,7.964748003304847
53,0.2165789473684211,0.7000000000000001,30.0,2.078540507111929,4851,7.641517212945772
54,0.2165789473684211,0.9,30.0,0.0,0,0.0
55,0.23815789473684212,0.1,30.0,2.223916258960065,8789,9.125725338491328
56,0.23815789473684212,0.30000000000000004,30.0,2.188683399383549,13626,8.576324673418464
57,0.23815789473684212,0.5,30.0,2.212217554218245,8807,8.246054275008479
58,0.23815789473684212,0.7000000000000001,30.0,2.0614383809179624,2767,7.801228767618357
59,0.23815789473684212,0.9,30.0,0.0,0,0.0
60,0.25973684210526315,0.1,30.0,2.238182484426524,8187,9.31012580920972
61,0.25973684210526315,0.30000000000000004,30.0,2.176429988784406,11591,8.459408161504635
62,0.25973684210526315,0.5,30.0,2.2379733189597117,7421,8.881821856892598
63,0.25973684210526315,0.7000000000000001,30.0,2.0656779661016933,1416,7.783192090395471
64,0.25973684210526315,0.9,30.0,0.0,0,0.0
65,0.28131578947368424,0.1,30.0,2.221702654380418,7271,9.003988447256223
66,0.28131578947368424,0.30000000000000004,30.0,2.2059310018903586,8464,8.441517013232499
67,0.28131578947368424,0.5,30.0,2.2250656167978953,6096,8.307742782152223
68,0.28131578947368424,0.7000000000000001,30.0,1.841763942931259,771,5.62905317769131
69,0.28131578947368424,0.9,30.0,0.0,0,0.0
70,0.3028947368421053,0.1,30.0,2.1932072098912574,6713,8.649337107105621
71,0.3028947368421053,0.30000000000000004,30.0,2.2746675422754823,6091,9.198653751436535
72,0.3028947368421053,0.5,30.0,2.1875136433093165,4581,8.086225714909427
73,0.3028947368421053,0.7000000000000001,30.0,1.8864864864864852,555,6.682882882882878
74,0.3028947368421053,0.9,30.0,0.0,0,0.0
75,0.32447368421052636,0.1,30.0,2.2003305785123892,6050,8.682644628099181
76,0.32447368421052636,0.30000000000000004,30.0,2.3543134872417952,4115,9.764763061968363
77,0.32447368421052636,0.5,30.0,2.248531139835488,3404,8.629259694477112
78,0.32447368421052636,0.7000000000000001,30.0,1.8437500000000002,352,6.741477272727264
79,0.32447368421052636,0.9,30.0,0.0,0,0.0
80,0.3460526315789474,0.1,30.0,2.2039930555555602,4608,8.81467013888887
81,0.3460526315789474,0.30000000000000004,30.0,2.346047370039983,3251,9.509996924023374
82,0.3460526315789474,0.5,30.0,2.2746365105008026,2476,9.03957996768984
83,0.3460526315789474,0.7000000000000001,30.0,1.8355263157894726,304,6.111842105263157
84,0.3460526315789474,0.9,30.0,0.0,0,0.0
85,0.3676315789473684,0.1,30.0,2.216406939135555,3401,8.709203175536567
86,0.3676315789473684,0.30000000000000004,30.0,2.326756116811367,2534,9.334648776637717
87,0.3676315789473684,0.5,30.0,2.308446866485017,1835,9.589100817438672
88,0.3676315789473684,0.7000000000000001,30.0,1.8986486486486482,148,6.412162162162162
89,0.3676315789473684,0.9,30.0,0.0,0,0.0
90,0.3892105263157895,0.1,30.0,2.2977883096366427,2532,9.36887835703
91,0.3892105263157895,0.30000000000000004,30.0,2.3951771653543323,2032,9.962106299212584
92,0.3892105263157895,0.5,30.0,2.150513950073421,1362,8.013950073421421
93,0.3892105263157895,0.7000000000000001,30.0,1.1562500000000002,32,2.7812499999999996
94,0.3892105263157895,0.9,30.0,0.0,0,0.0
95,0.7,0.1,30.0,2.4254916481527222,12153,10.993252694807827
96,0.7,0.30000000000000004,30.0,2.309738809593161,10299,8.986697737644404
97,0.7,0.5,30.0,1.9518042511122107,4046,8.041275333662856
98,0.7,0.7000000000000001,30.0,0.0,0,0.0
99,0.7,0.9,30.0,0.0,0,0.0
