,voc_bin,elo_bin,rtmean,rtcount,rt_squaredmean
0,0.0007894736842105274,625.0,20.407807892149997,7121,1235.8955202920963
1,0.0007894736842105274,1387.5,20.913221118559466,40874,1421.3783089494545
2,0.0007894736842105274,1662.5,23.43667992359,63866,1801.2438073466317
3,0.0007894736842105274,2400.0,27.287999498149425,31882,2499.678564707363
4,0.022368421052631583,625.0,23.829976303317544,1688,1360.373815165876
5,0.022368421052631583,1387.5,25.27762883526959,10071,1870.7088670439841
6,0.022368421052631583,1662.5,28.04046589817478,16656,2272.606868395764
7,0.022368421052631583,2400.0,33.56253000480068,8332,3168.806889102246
8,0.04394736842105264,625.0,26.383254716981128,848,2993.1474056603774
9,0.04394736842105264,1387.5,26.87103283801143,5451,2049.027334434051
10,0.04394736842105264,1662.5,30.74936931008008,9117,2739.893385982231
11,0.04394736842105264,2400.0,35.38350031976121,4691,3226.0068215732294
12,0.0655263157894737,625.0,27.775257731958774,485,1885.9567010309295
13,0.0655263157894737,1387.5,27.981981981981953,3219,2177.6800248524346
14,0.0655263157894737,1662.5,31.10410094637235,5072,2621.466088328073
15,0.0655263157894737,2400.0,38.171358198451784,2842,3723.799788881068
16,0.08710526315789476,625.0,26.950000000000006,280,1669.6071428571424
17,0.08710526315789476,1387.5,30.25105485232064,1896,2574.6835443038017
18,0.08710526315789476,1662.5,32.52183338494894,3229,2941.8163518117044
19,0.08710526315789476,2400.0,38.957066189624264,1677,4190.037567084073
20,0.1086842105263158,625.0,29.54430379746835,158,2353.6582278481023
21,0.1086842105263158,1387.5,27.53057851239671,1210,1680.3239669421478
22,0.1086842105263158,1662.5,33.41000962463903,2078,2903.493743984596
23,0.1086842105263158,2400.0,38.779891304347856,1104,4139.629528985506
24,0.13026315789473686,625.0,28.51304347826088,115,2182.8608695652183
25,0.13026315789473686,1387.5,29.67564259485922,817,2348.720930232555
26,0.13026315789473686,1662.5,34.46970776906634,1403,3259.63292943692
27,0.13026315789473686,2400.0,40.643958868894686,778,4447.618251928019
28,0.1518421052631579,625.0,28.371794871794865,78,1897.9102564102564
29,0.1518421052631579,1387.5,28.961666666666694,600,2036.508333333333
30,0.1518421052631579,1662.5,33.30616302186878,1006,2774.9125248509
31,0.1518421052631579,2400.0,42.78846153846156,572,4622.7709790209765
32,0.17342105263157898,625.0,30.086206896551708,58,1560.1206896551726
33,0.17342105263157898,1387.5,31.80405405405405,444,2337.1238738738753
34,0.17342105263157898,1662.5,32.90184921763872,703,2839.504978662872
35,0.17342105263157898,2400.0,42.984054669703866,439,4543.271070615034
36,0.195,625.0,36.31249999999999,32,3388.0625
37,0.195,1387.5,27.749999999999986,340,1981.2558823529373
38,0.195,1662.5,34.48327759197317,598,2798.9515050167224
39,0.195,2400.0,42.32831325301204,332,4091.5150602409676
40,0.2165789473684211,625.0,37.11428571428572,35,3065.457142857143
41,0.2165789473684211,1387.5,31.903973509933834,302,2750.983443708611
42,0.2165789473684211,1662.5,33.964999999999975,400,3158.905000000002
43,0.2165789473684211,2400.0,48.19354838709674,279,8355.870967741936
44,0.23815789473684212,625.0,32.38709677419354,31,2318.903225806451
45,0.23815789473684212,1387.5,27.557446808510637,235,1759.6425531914895
46,0.23815789473684212,1662.5,36.26420454545455,352,3494.3721590909117
47,0.23815789473684212,2400.0,47.96475770925106,227,6101.057268722468
48,0.25973684210526315,625.0,28.629629629629626,27,1647.8148148148148
49,0.25973684210526315,1387.5,27.518918918918907,185,1756.502702702704
50,0.25973684210526315,1662.5,37.460207612456784,289,3124.4567474048413
51,0.25973684210526315,2400.0,40.51322751322754,189,3856.1534391534387
52,0.28131578947368424,625.0,26.093750000000004,32,1851.0312500000002
53,0.28131578947368424,1387.5,23.605633802816904,142,1239.2394366197186
54,0.28131578947368424,1662.5,39.570247933884346,242,4602.619834710745
55,0.28131578947368424,2400.0,46.68292682926828,164,5886.987804878046
56,0.3028947368421053,625.0,31.6875,16,3089.937500000001
57,0.3028947368421053,1387.5,30.98,100,1737.6000000000008
58,0.3028947368421053,1662.5,40.73096446700509,197,5403.015228426397
59,0.3028947368421053,2400.0,52.30821917808221,146,10421.5
60,0.32447368421052636,625.0,29.533333333333328,15,1562.0666666666668
61,0.32447368421052636,1387.5,32.10714285714287,84,2231.3690476190486
62,0.32447368421052636,1662.5,39.251572327044045,159,4891.113207547174
63,0.32447368421052636,2400.0,39.66037735849057,106,3593.7358490566035
64,0.3460526315789474,625.0,25.333333333333336,6,935.0
65,0.3460526315789474,1387.5,31.987341772151904,79,2981.405063291139
66,0.3460526315789474,1662.5,46.71212121212123,132,6479.196969696973
67,0.3460526315789474,2400.0,30.5897435897436,78,1597.6410256410247
68,0.3676315789473684,625.0,17.857142857142858,7,408.1428571428571
69,0.3676315789473684,1387.5,31.416666666666664,48,2459.1250000000005
70,0.3676315789473684,1662.5,34.682926829268276,82,2429.170731707317
71,0.3676315789473684,2400.0,52.90909090909093,44,6161.590909090912
72,0.3892105263157895,625.0,84.6,5,20015.800000000003
73,0.3892105263157895,1387.5,32.87878787878786,33,2774.4545454545446
74,0.3892105263157895,1662.5,46.71014492753622,69,5602.304347826087
75,0.3892105263157895,2400.0,33.90476190476191,42,3432.1904761904766
76,0.7,625.0,30.428571428571434,21,1665.8571428571427
77,0.7,1387.5,34.11428571428567,175,2713.9428571428566
78,0.7,1662.5,36.079470198675544,302,3334.7880794702005
79,0.7,2400.0,48.99468085106386,188,5328.601063829788
