,voc_bin,elo_bin,rtmean,rtcount,rt_squaredmean
0,0.0007894736842105274,625.0,7.00953446125005,2572353,111.27865537894651
1,0.0007894736842105274,1387.5,6.486644100841284,2445586,96.29313056257296
2,0.0007894736842105274,1662.5,6.226347615999448,1993372,92.96773055907296
3,0.0007894736842105274,2400.0,6.054881715931474,1338515,92.22833662678393
4,0.022368421052631583,625.0,8.16115731604165,567520,132.38801099520717
5,0.022368421052631583,1387.5,7.531858162568231,589943,117.37402257506217
6,0.022368421052631583,1662.5,7.240459037628134,500264,112.62452025330606
7,0.022368421052631583,2400.0,7.239281914970284,346867,118.35438943456724
8,0.04394736842105264,625.0,8.490953463755003,306084,143.02070346702257
9,0.04394736842105264,1387.5,7.980323366965937,324090,129.79119071862775
10,0.04394736842105264,1662.5,7.7961696355263355,280130,129.49880769642695
11,0.04394736842105264,2400.0,7.854184174555738,197530,136.90351339037085
12,0.0655263157894737,625.0,8.799720346294636,168065,151.45798946836072
13,0.0655263157894737,1387.5,8.280993761747801,183545,140.11979078699989
14,0.0655263157894737,1662.5,8.216167852464942,162619,143.23041588006265
15,0.0655263157894737,2400.0,8.312119869840002,117394,152.07536160280773
16,0.08710526315789476,625.0,8.990620817357563,99369,220.34438305708989
17,0.08710526315789476,1387.5,8.546950900193183,110754,148.86345414161084
18,0.08710526315789476,1662.5,8.506309667508027,100243,150.92429396566345
19,0.08710526315789476,2400.0,8.691051962455001,73938,166.42258378641617
20,0.1086842105263158,625.0,9.20912853714712,62091,163.28279460791347
21,0.1086842105263158,1387.5,8.778201627206405,71042,152.90530953520383
22,0.1086842105263158,1662.5,8.82728524104133,66109,166.55355549168826
23,0.1086842105263158,2400.0,8.968872384894752,49281,177.01249974635166
24,0.13026315789473686,625.0,9.398428197189798,41990,170.73584186711184
25,0.13026315789473686,1387.5,9.06553770804798,48186,168.41991449798746
26,0.13026315789473686,1662.5,9.135915754517075,45771,175.7469139848375
27,0.13026315789473686,2400.0,9.20098081638536,34665,185.2345016587334
28,0.1518421052631579,625.0,9.581537940379361,29520,177.45172764227584
29,0.1518421052631579,1387.5,9.21223538886335,34768,170.36145306028425
30,0.1518421052631579,1662.5,9.167640204594333,33041,176.6168699494572
31,0.1518421052631579,2400.0,9.406691185193953,25287,190.26420690473418
32,0.17342105263157898,625.0,9.820883937539959,21902,188.07483334855243
33,0.17342105263157898,1387.5,9.350984305898026,25551,172.1464913310637
34,0.17342105263157898,1662.5,9.470180978987013,24699,189.1798048503977
35,0.17342105263157898,2400.0,9.633699633699637,19110,205.9968602825753
36,0.195,625.0,9.813108254235201,16646,185.28769674396213
37,0.195,1387.5,9.434420789299,19587,173.63720835247784
38,0.195,1662.5,9.555964653902794,19012,192.5267199663367
39,0.195,2400.0,9.719997312189221,14882,204.78342964655283
40,0.2165789473684211,625.0,9.882115677321224,13140,184.6711567732113
41,0.2165789473684211,1387.5,9.605318943919793,15567,181.54159439840694
42,0.2165789473684211,1662.5,9.516116326396663,15233,187.13497013063653
43,0.2165789473684211,2400.0,9.944686922947824,11914,222.72796709753183
44,0.23815789473684212,625.0,10.17457786116327,10660,202.15919324577843
45,0.23815789473684212,1387.5,9.488682716148126,12503,181.21466847956503
46,0.23815789473684212,1662.5,9.627658726997527,12553,191.8186887596587
47,0.23815789473684212,2400.0,9.754039680916353,9778,211.32736755982825
48,0.25973684210526315,625.0,9.954323926102244,8823,192.83384336393476
49,0.25973684210526315,1387.5,9.621511296753352,10534,191.20818302639103
50,0.25973684210526315,1662.5,9.839984350547697,10224,196.8679577464786
51,0.25973684210526315,2400.0,9.727295102141289,8126,203.0703913364507
52,0.28131578947368424,625.0,9.98840661671141,7073,186.6469673405901
53,0.28131578947368424,1387.5,9.652686465654016,8822,182.29063704375392
54,0.28131578947368424,1662.5,9.790034762456525,8630,203.10173812282764
55,0.28131578947368424,2400.0,9.74923099458031,6827,209.44455837117312
56,0.3028947368421053,625.0,10.219765031098829,5788,203.0276434001378
57,0.3028947368421053,1387.5,9.795294792712733,6971,184.2362645244593
58,0.3028947368421053,1662.5,9.748282770463634,6988,194.51473955351995
59,0.3028947368421053,2400.0,10.023932845150894,5599,223.909269512413
60,0.32447368421052636,625.0,10.165385460136164,4553,192.79617834394872
61,0.32447368421052636,1387.5,9.835025832887936,5613,188.30179939426313
62,0.32447368421052636,1662.5,9.813492805083156,5351,202.75948420855843
63,0.32447368421052636,2400.0,9.714616631920286,4317,203.16099142923338
64,0.3460526315789474,625.0,10.341024198086673,3554,200.35734383792905
65,0.3460526315789474,1387.5,10.064708691499487,4188,213.88228271251145
66,0.3460526315789474,1662.5,10.08955582232891,4165,203.22088835534214
67,0.3460526315789474,2400.0,10.162676488643339,3258,222.71270718232037
68,0.3676315789473684,625.0,10.255208333333282,2688,195.15922619047592
69,0.3676315789473684,1387.5,10.147040690505529,3244,205.50647348951827
70,0.3676315789473684,1662.5,10.254040077569464,3094,220.14027149321203
71,0.3676315789473684,2400.0,10.546798029556681,2436,253.11330049261065
72,0.3892105263157895,625.0,10.695815702867908,2127,210.2529384109071
73,0.3892105263157895,1387.5,10.465006440532427,2329,227.38471446972906
74,0.3892105263157895,1662.5,10.481120067882905,2357,221.04369961815843
75,0.3892105263157895,2400.0,10.143241787829815,1857,215.64566505115712
76,0.7,625.0,10.02084461288575,11082,192.17352463454256
77,0.7,1387.5,10.377910901113726,11852,221.36356733040788
78,0.7,1662.5,10.59622845799873,11083,241.3748984931871
79,0.7,2400.0,10.445699391833209,8057,248.03884820652792
