,voc_bin,rtmean,rtcount,rt_squaredmean
0,0.0007894736842105274,23.423290177608614,143743,1820.1318881615066
1,0.022368421052631583,28.341932674776235,36747,2323.7613682749584
2,0.04394736842105264,30.594966926940963,20107,2676.691848609937
3,0.0655263157894737,31.828886211051838,11618,2737.455327939405
4,0.08710526315789476,33.21745269697811,7082,3088.8037277605195
5,0.1086842105263158,33.01516483516482,4550,2859.0507692307706
6,0.13026315789473686,34.534532605204,3113,3277.6890459363963
7,0.1518421052631579,34.38430851063833,2256,3016.7238475177355
8,0.17342105263157898,35.19829683698296,1644,3113.648418491474
9,0.195,34.77035330261137,1302,2929.4938556067536
10,0.2165789473684211,37.3681102362205,1016,4461.553149606298
11,0.23815789473684212,36.84378698224854,845,3669.0662721893473
12,0.25973684210526315,35.285507246376845,690,2900.326086956525
13,0.28131578947368424,36.929310344827584,580,3990.5258620689656
14,0.3028947368421053,41.973856209150284,459,6120.113289760345
15,0.32447368421052636,37.32142857142858,364,3762.332417582411
16,0.3460526315789474,38.07118644067796,295,4139.020338983054
17,0.3676315789473684,37.59668508287291,181,3266.2817679557998
18,0.3892105263157895,41.30872483221482,149,4847.966442953019
19,0.7,38.94460641399419,686,3671.7288629737573
