,voc_bin,rtmean,rtcount,rt_squaredmean
0,0.0007894736842105274,4.129007896253847,2685324,39.23431287993538
1,0.022368421052631583,4.739489240374105,650952,44.694204795438026
2,0.04394736842105264,5.0332539159527245,355086,50.15700985113459
3,0.0655263157894737,5.290269184171027,200569,55.43051019848524
4,0.08710526315789476,5.492263063973332,122723,59.826511737815984
5,0.1086842105263158,5.662308294802798,79158,62.87656332903805
6,0.13026315789473686,5.791704023566878,54653,66.02978793478862
7,0.1518421052631579,5.8926295937611695,39238,68.8459911310464
8,0.17342105263157898,5.98788310762648,29463,70.54417404880661
9,0.195,6.053908117199237,22594,72.00451447286906
10,0.2165789473684211,6.134856505990555,17945,74.25355252159348
11,0.23815789473684212,6.158106680749937,15148,75.77944283073688
12,0.25973684210526315,6.168525504346397,12194,75.23249138920778
13,0.28131578947368424,6.121788387618868,9886,72.62290107222319
14,0.3028947368421053,6.1882601141722535,8058,75.39029535865022
15,0.32447368421052636,6.2758512964698525,6402,77.66385504529836
16,0.3460526315789474,6.307468275431632,4807,77.58893280632425
17,0.3676315789473684,6.3467854160868455,3593,81.06651822989149
18,0.3892105263157895,6.479298769115988,2681,78.97314434912353
19,0.7,6.281699137655702,12524,80.69274992015339
