,voc_bin,rtmean,rtcount,rt_squaredmean
0,0.0007894736842105274,6.409069570892902,7148938,95.64175616014555
1,0.022368421052631583,7.457947314458087,1739984,117.63576389208188
2,0.04394736842105264,7.943680315901229,964352,132.05365882997037
3,0.0655263157894737,8.323352044849623,551532,144.36745465358229
4,0.08710526315789476,8.604775544647412,336548,153.75788891926246
5,0.1086842105263158,8.837714545868398,219650,161.68423400865007
6,0.13026315789473686,9.09287324524363,150377,171.15147263211765
7,0.1518421052631579,9.277447754969634,107905,176.69174737037264
8,0.17342105263157898,9.451119796513456,80595,184.18014765183975
9,0.195,9.51536567426685,62542,186.46794154328344
10,0.2165789473684211,9.64667649017982,49541,189.79693587129827
11,0.23815789473684212,9.702692623256482,40221,193.82511623281385
12,0.25973684210526315,9.643345168123647,33517,191.18447355073508
13,0.28131578947368424,9.788638838475508,27550,195.8848275862063
14,0.3028947368421053,9.83887110590146,22181,198.64217122762693
15,0.32447368421052636,9.766588558038498,17497,197.79916557124062
16,0.3460526315789474,9.86943598127367,13457,196.06858883852257
17,0.3676315789473684,10.186853552440773,10345,211.66505558240732
18,0.3892105263157895,10.465395664664399,7658,225.19221728910898
19,0.7,10.34974904204222,37058,223.4720438231966
