,voc_bin,elo_bin,rtmean,rtcount,rt_squaredmean
0,0.0007894736842105274,625.0,1.9811189416677801,2344519,6.806041239162487
1,0.0007894736842105274,1387.5,1.7477646403901517,2550820,5.365616938866721
2,0.0007894736842105274,1662.5,1.618332533622413,2025732,4.679265569186844
3,0.0007894736842105274,2400.0,1.4373957253885978,1544000,4.173325777202068
4,0.022368421052631583,625.0,2.159113168204222,506432,7.886519809174766
5,0.022368421052631583,1387.5,1.8882041482279883,604933,5.901002259754386
6,0.022368421052631583,1662.5,1.7480397302384716,506818,5.204799355981838
7,0.022368421052631583,2400.0,1.5646626913714778,400138,4.443319554753613
8,0.04394736842105264,625.0,2.2268188011454972,245134,8.349755643851946
9,0.04394736842105264,1387.5,1.9658075771041115,303810,6.406141996642639
10,0.04394736842105264,1662.5,1.8335188884991378,262276,5.736201558663393
11,0.04394736842105264,2400.0,1.6748892205257726,217775,5.052099644128117
12,0.0655263157894737,625.0,2.2878261924990912,123585,8.686806651292628
13,0.0655263157894737,1387.5,2.026356121705488,159204,6.872101203487359
14,0.0655263157894737,1662.5,1.899629222353804,141864,6.134812214515325
15,0.0655263157894737,2400.0,1.7597798213089841,122446,5.584894565767768
16,0.08710526315789476,625.0,2.3358917538633124,68141,9.242541201332529
17,0.08710526315789476,1387.5,2.077156730150989,90206,7.243797530097779
18,0.08710526315789476,1662.5,1.9566462512183072,83107,6.569278159481147
19,0.08710526315789476,2400.0,1.8337804151086545,73812,6.154514171137483
20,0.1086842105263158,625.0,2.3781330813606476,40216,9.863512035010942
21,0.1086842105263158,1387.5,2.114291958041956,54912,7.505390442890442
22,0.1086842105263158,1662.5,2.0140130371989584,51238,6.977711854482993
23,0.1086842105263158,2400.0,1.8853481917402266,47919,6.446879108495584
24,0.13026315789473686,625.0,2.411739619276551,25793,9.62920172139728
25,0.13026315789473686,1387.5,2.1558544080746596,35469,7.8125687219825775
26,0.13026315789473686,1662.5,2.048245484376385,33827,7.235935790936237
27,0.13026315789473686,2400.0,1.9216523781920245,32777,6.640205021814073
28,0.1518421052631579,625.0,2.4729135316587567,17278,10.358316934830432
29,0.1518421052631579,1387.5,2.19848779076974,24203,8.150973019873554
30,0.1518421052631579,1662.5,2.098514789699216,24037,7.547863710113573
31,0.1518421052631579,2400.0,1.976346574109782,23337,7.019668337832615
32,0.17342105263157898,625.0,2.502220427937019,12385,10.310698425514751
33,0.17342105263157898,1387.5,2.238776433337106,17686,8.408289042180256
34,0.17342105263157898,1662.5,2.1128210996052355,17479,7.683620344413295
35,0.17342105263157898,2400.0,2.0145002292526395,17448,7.447099954149474
36,0.195,625.0,2.496451577683161,9159,10.412599628780441
37,0.195,1387.5,2.28424297098181,13302,8.770786347917618
38,0.195,1662.5,2.145979763651812,12947,7.97003166756777
39,0.195,2400.0,2.061281337047354,13642,7.794604896642715
40,0.2165789473684211,625.0,2.5777134188387825,7251,10.920011032960979
41,0.2165789473684211,1387.5,2.2685719878633708,10217,8.581383967896631
42,0.2165789473684211,1662.5,2.1693306209435232,10323,8.302043979463349
43,0.2165789473684211,2400.0,2.0756538858160676,10667,7.640854973282078
44,0.23815789473684212,625.0,2.5815454386882974,5733,11.393685679399981
45,0.23815789473684212,1387.5,2.2998294346978585,8208,8.568591617933727
46,0.23815789473684212,1662.5,2.1805622879302025,8252,8.384391662627243
47,0.23815789473684212,2400.0,2.0919126191029496,8606,8.089123867069478
48,0.25973684210526315,625.0,2.56448801742919,4590,10.891285403050093
49,0.25973684210526315,1387.5,2.299089144393015,6697,8.828281319994025
50,0.25973684210526315,1662.5,2.2049228944246746,6744,8.713226571767493
51,0.25973684210526315,2400.0,2.1039941902686974,6885,7.989542483660139
52,0.28131578947368424,625.0,2.5548993288590633,3725,10.700939597315422
53,0.28131578947368424,1387.5,2.380714417915967,5403,9.618915417360702
54,0.28131578947368424,1662.5,2.179380322522194,5519,8.30693966298244
55,0.28131578947368424,2400.0,2.1119183532260797,5781,8.30773222625842
56,0.3028947368421053,625.0,2.557685839219649,2973,10.64177598385471
57,0.3028947368421053,1387.5,2.3076216712580337,4356,8.853535353535348
58,0.3028947368421053,1662.5,2.235667346476318,4413,8.734647631996388
59,0.3028947368421053,2400.0,2.125397835773397,4713,8.85953744960747
60,0.32447368421052636,625.0,2.5192131747483986,2186,10.19990850869167
61,0.32447368421052636,1387.5,2.3649769585253426,3255,8.906912442396314
62,0.32447368421052636,1662.5,2.249854904236803,3446,8.814567614625648
63,0.32447368421052636,2400.0,2.062248457204191,3727,7.555674805473589
64,0.3460526315789474,625.0,2.670175438596492,1710,11.502923976608203
65,0.3460526315789474,1387.5,2.342857142857147,2485,8.97625754527163
66,0.3460526315789474,1662.5,2.291153846153845,2600,8.905000000000014
67,0.3460526315789474,2400.0,2.1393177737881506,2785,8.152962298025127
68,0.3676315789473684,625.0,2.6488609583660616,1273,11.885310290652
69,0.3676315789473684,1387.5,2.3456340956340966,1924,8.781185031185034
70,0.3676315789473684,1662.5,2.2894873122734323,1931,9.07975142413257
71,0.3676315789473684,2400.0,2.1948790896159314,2109,8.497392128971068
72,0.3892105263157895,625.0,2.5630498533724366,1023,10.739002932551328
73,0.3892105263157895,1387.5,2.4037089871611963,1402,10.152639087018558
74,0.3892105263157895,1662.5,2.2995951417004044,1482,8.943319838056667
75,0.3892105263157895,2400.0,2.1668806161745797,1558,9.05776636713736
76,0.7,625.0,2.580910099889011,4505,11.48435072142066
77,0.7,1387.5,2.43981257068993,6189,10.694781063176594
78,0.7,1662.5,2.3880393641180917,6605,10.918849356548066
79,0.7,2400.0,2.3310630737340845,6754,10.590761030500445
