,voc_bin,U_bin,clock_bin,rtmean,rtcount,rt_squaredmean
0,0.0007894736842105274,0.1,30.0,2.827683650526475,488346,29.25947176796778
1,0.0007894736842105274,0.1,90.0,3.951125082059405,446323,36.36669407581509
2,0.0007894736842105274,0.1,150.0,3.1750486161753058,230376,20.54835139077003
3,0.0007894736842105274,0.30000000000000004,30.0,3.59234729447096,186470,41.26619295329002
4,0.0007894736842105274,0.30000000000000004,90.0,4.860379938116139,277940,53.42542275311212
5,0.0007894736842105274,0.30000000000000004,150.0,3.470602865406939,325678,24.688235005127776
6,0.0007894736842105274,0.5,30.0,2.960246367577429,400215,33.49284509576102
7,0.0007894736842105274,0.5,90.0,4.846473544615349,627755,58.48641587880631
8,0.0007894736842105274,0.5,150.0,2.5702993406804913,3324640,15.695300543818224
9,0.0007894736842105274,0.7000000000000001,30.0,3.5681242294677795,190615,38.6393935419565
10,0.0007894736842105274,0.7000000000000001,90.0,4.959903037464374,345288,53.325754153054795
11,0.0007894736842105274,0.7000000000000001,150.0,3.6674827104394905,511002,25.907704862211816
12,0.0007894736842105274,0.9,30.0,2.5363825539690024,591080,20.923179603437813
13,0.0007894736842105274,0.9,90.0,4.020104104124636,584607,34.19798086577825
14,0.0007894736842105274,0.9,150.0,3.324028613233626,369060,20.377179862352964
15,0.022368421052631583,0.1,30.0,3.959862098531678,111964,46.030045371726565
16,0.022368421052631583,0.1,90.0,5.010088893648921,140055,52.329085002320475
17,0.022368421052631583,0.1,150.0,3.7119509826256896,83399,26.83532176644807
18,0.022368421052631583,0.30000000000000004,30.0,4.034831974212757,41571,48.75355416035225
19,0.022368421052631583,0.30000000000000004,90.0,5.661552125444069,65304,66.29312140144513
20,0.022368421052631583,0.30000000000000004,150.0,3.8858208717278324,94089,28.865595340581823
21,0.022368421052631583,0.5,30.0,4.145453946175756,60679,54.17145964831325
22,0.022368421052631583,0.5,90.0,5.900418633026416,142607,75.71442495810156
23,0.022368421052631583,0.5,150.0,3.046367262138506,797071,20.278648953480868
24,0.022368421052631583,0.7000000000000001,30.0,3.7117993824272437,42748,36.70038364367942
25,0.022368421052631583,0.7000000000000001,90.0,5.442524747567704,70613,58.6265276932008
26,0.022368421052631583,0.7000000000000001,150.0,4.082915537069349,80781,29.885591908988452
27,0.022368421052631583,0.9,30.0,3.4435921374681517,79262,32.75430849587435
28,0.022368421052631583,0.9,90.0,4.893351748852133,107156,45.61094105789681
29,0.022368421052631583,0.9,150.0,3.73050096054382,67670,24.273636766661774
30,0.04394736842105264,0.1,30.0,4.145354984298312,63369,51.44977828275643
31,0.04394736842105264,0.1,90.0,5.388298147573221,77304,61.06997050605409
32,0.04394736842105264,0.1,150.0,3.9083194710576774,47491,29.10736771177684
33,0.04394736842105264,0.30000000000000004,30.0,4.4709763019201585,27133,55.92470423469575
34,0.04394736842105264,0.30000000000000004,90.0,6.125436327050219,48702,76.42320643916048
35,0.04394736842105264,0.30000000000000004,150.0,4.007196652719655,77675,30.659066623752786
36,0.04394736842105264,0.5,30.0,4.67649296310384,31548,60.88601496132881
37,0.04394736842105264,0.5,90.0,6.406297207206061,80099,85.0476784978588
38,0.04394736842105264,0.5,150.0,3.575450870293943,308459,26.211457600523918
39,0.04394736842105264,0.7000000000000001,30.0,4.068766496568703,28415,44.72996656695418
40,0.04394736842105264,0.7000000000000001,90.0,5.695013703112857,48894,63.43547265513161
41,0.04394736842105264,0.7000000000000001,150.0,4.263156826530824,49271,32.27318300826048
42,0.04394736842105264,0.9,30.0,3.2439250512345077,40988,30.696886893725036
43,0.04394736842105264,0.9,90.0,4.889729824870208,45452,46.59218516236906
44,0.04394736842105264,0.9,150.0,3.8354420275394157,25055,25.602115346238328
45,0.0655263157894737,0.1,30.0,4.617415121598844,33224,62.95434023597423
46,0.0655263157894737,0.1,90.0,5.700253117525481,43063,67.63054129995565
47,0.0655263157894737,0.1,150.0,4.0231245648110745,27287,31.159783046872164
48,0.0655263157894737,0.30000000000000004,30.0,4.905164014290356,18474,66.44494965897994
49,0.0655263157894737,0.30000000000000004,90.0,6.37823357053159,35835,81.21903167294562
50,0.0655263157894737,0.30000000000000004,150.0,4.091518307020482,59540,32.191182398387696
51,0.0655263157894737,0.5,30.0,4.981898085173167,19114,68.42168044365394
52,0.0655263157894737,0.5,90.0,6.602344874291054,47252,87.60831287564547
53,0.0655263157894737,0.5,150.0,3.9892801533117748,133584,31.58197089471792
54,0.0655263157894737,0.7000000000000001,30.0,4.27955758962623,18354,48.582815734989566
55,0.0655263157894737,0.7000000000000001,90.0,5.8703916871480555,32143,66.57555299754226
56,0.0655263157894737,0.7000000000000001,150.0,4.333122313664059,30013,32.99130376836693
57,0.0655263157894737,0.9,30.0,3.4671067607557386,17572,32.536080127475444
58,0.0655263157894737,0.9,90.0,4.901797077839416,19643,47.733238303721436
59,0.0655263157894737,0.9,150.0,3.7706342311033834,9208,25.146394439617637
60,0.08710526315789476,0.1,30.0,4.801684001981187,20190,71.56414066369491
61,0.08710526315789476,0.1,90.0,5.907660984470441,25049,72.81085073256448
62,0.08710526315789476,0.1,150.0,4.233009708737842,16583,34.375082916239364
63,0.08710526315789476,0.30000000000000004,30.0,5.127914017559794,13212,74.06584922797423
64,0.08710526315789476,0.30000000000000004,90.0,6.695924536548057,27457,89.51859270859936
65,0.08710526315789476,0.30000000000000004,150.0,4.238745060782071,46313,34.80506553235593
66,0.08710526315789476,0.5,30.0,5.164333683955006,12359,70.49340561534093
67,0.08710526315789476,0.5,90.0,6.771886687906908,28876,90.99082282864627
68,0.08710526315789476,0.5,150.0,4.1469514528807245,67934,33.52873377101308
69,0.08710526315789476,0.7000000000000001,30.0,4.463636363636369,11880,53.28888888888881
70,0.08710526315789476,0.7000000000000001,90.0,6.050639039504272,20656,72.04947714949635
71,0.08710526315789476,0.7000000000000001,150.0,4.41688524590163,18300,34.0913114754097
72,0.08710526315789476,0.9,30.0,3.254620329449575,9956,29.526416231418224
73,0.08710526315789476,0.9,90.0,4.79386448907525,9062,46.69675568307217
74,0.08710526315789476,0.9,150.0,3.7374810318664595,3295,26.41122913505312
75,0.1086842105263158,0.1,30.0,4.859193384819397,12819,71.93618847023963
76,0.1086842105263158,0.1,90.0,6.212409274841036,15569,80.5582246772434
77,0.1086842105263158,0.1,150.0,4.441432177245988,10697,38.176685051883815
78,0.1086842105263158,0.30000000000000004,30.0,5.40763168012303,10404,83.82054978854269
79,0.1086842105263158,0.30000000000000004,90.0,6.876505600599896,21337,93.732670947181
80,0.1086842105263158,0.30000000000000004,150.0,4.269430604033997,37531,35.509259012549705
81,0.1086842105263158,0.5,30.0,5.397300394753615,7853,81.02241181714011
82,0.1086842105263158,0.5,90.0,6.919734748010611,18850,95.06551724137907
83,0.1086842105263158,0.5,150.0,4.397027906574896,34723,37.28698557152325
84,0.1086842105263158,0.7000000000000001,30.0,4.729509225555417,7967,58.052215388477606
85,0.1086842105263158,0.7000000000000001,90.0,6.200605210716628,13549,74.62189091445858
86,0.1086842105263158,0.7000000000000001,150.0,4.49005392980285,11311,37.02599239678198
87,0.1086842105263158,0.9,30.0,3.020084732465098,6373,27.963753334379376
88,0.1086842105263158,0.9,90.0,4.540462427745663,4844,42.77291494632552
89,0.1086842105263158,0.9,150.0,3.5761973875181403,1378,27.666182873730055
90,0.13026315789473686,0.1,30.0,5.101789311529793,8439,78.41687403720819
91,0.13026315789473686,0.1,90.0,6.680897182169453,10611,93.80369427952105
92,0.13026315789473686,0.1,150.0,4.566577642121338,7863,39.871931832633855
93,0.13026315789473686,0.30000000000000004,30.0,5.47717945529164,8041,82.90635493097867
94,0.13026315789473686,0.30000000000000004,90.0,6.989714764097343,16723,97.90677510016134
95,0.13026315789473686,0.30000000000000004,150.0,4.369469563108477,28863,37.29695457852603
96,0.13026315789473686,0.5,30.0,5.338110403397006,5652,78.5461783439491
97,0.13026315789473686,0.5,90.0,6.958604091456097,12465,93.90493381468134
98,0.13026315789473686,0.5,150.0,4.59798739581216,19676,39.0623094124821
99,0.13026315789473686,0.7000000000000001,30.0,4.728666035950807,5285,59.34891201513724
100,0.13026315789473686,0.7000000000000001,90.0,6.204705095328337,8969,72.5985059649905
101,0.13026315789473686,0.7000000000000001,150.0,4.673357162496566,7274,38.85235083860324
102,0.13026315789473686,0.9,30.0,2.6757505773671992,4330,20.925635103926147
103,0.13026315789473686,0.9,90.0,4.234050179211462,2790,35.36881720430098
104,0.13026315789473686,0.9,150.0,3.7779411764705837,680,30.995588235294132
105,0.1518421052631579,0.1,30.0,5.326997476871309,5945,87.70243902439003
106,0.1518421052631579,0.1,90.0,6.903281064698891,7589,98.22862037159021
107,0.1518421052631579,0.1,150.0,4.638840487882147,6313,40.26247425946463
108,0.1518421052631579,0.30000000000000004,30.0,5.664113610978153,6267,83.5632679112814
109,0.1518421052631579,0.30000000000000004,90.0,7.06259842519686,12700,98.80622047244097
110,0.1518421052631579,0.30000000000000004,150.0,4.471703296703295,21840,38.78040293040291
111,0.1518421052631579,0.5,30.0,5.547305112190613,4323,71.56257228776322
112,0.1518421052631579,0.5,90.0,6.8727861771058105,9260,90.7047516198704
113,0.1518421052631579,0.5,150.0,4.6836251971117875,12049,40.13436799734416
114,0.1518421052631579,0.7000000000000001,30.0,4.990602542841333,3618,69.99060254284097
115,0.1518421052631579,0.7000000000000001,90.0,6.337701612903223,5952,76.48756720430079
116,0.1518421052631579,0.7000000000000001,150.0,4.5892634207240866,4806,37.45068664169793
117,0.1518421052631579,0.9,30.0,2.753265602322203,2756,24.09724238026126
118,0.1518421052631579,0.9,90.0,4.249686323713926,1594,36.90213299874544
119,0.1518421052631579,0.9,150.0,3.3994082840236715,338,22.19230769230769
120,0.17342105263157898,0.1,30.0,5.4794425087107825,4305,87.21277584204402
121,0.17342105263157898,0.1,90.0,7.194315245478033,5805,103.28802756244619
122,0.17342105263157898,0.1,150.0,4.896727822961974,5287,45.099867599773
123,0.17342105263157898,0.30000000000000004,30.0,5.772933884297499,4840,90.50599173553724
124,0.17342105263157898,0.30000000000000004,90.0,7.298520798173331,10073,108.25732155266549
125,0.17342105263157898,0.30000000000000004,150.0,4.547330748583362,16765,39.41747688637039
126,0.17342105263157898,0.5,30.0,5.414477361654527,3578,74.82308552263827
127,0.17342105263157898,0.5,90.0,6.910052910052917,6993,93.6396396396396
128,0.17342105263157898,0.5,150.0,4.792441140024766,8070,42.099008674101626
129,0.17342105263157898,0.7000000000000001,30.0,4.60383824537353,2918,56.83755997258393
130,0.17342105263157898,0.7000000000000001,90.0,6.254593175853012,4191,74.24170842281089
131,0.17342105263157898,0.7000000000000001,150.0,4.618578898800368,3251,39.60535219932323
132,0.17342105263157898,0.9,30.0,2.230040595399188,1478,16.47631935047361
133,0.17342105263157898,0.9,90.0,3.9969969969970025,666,35.66066066066069
134,0.17342105263157898,0.9,150.0,3.209523809523809,105,16.009523809523806
135,0.195,0.1,30.0,5.691453255168166,3241,93.32921937673567
136,0.195,0.1,90.0,7.351958895311486,4671,109.94112609719565
137,0.195,0.1,150.0,4.619496855345915,4770,40.016561844863844
138,0.195,0.30000000000000004,30.0,5.803319919517098,3976,92.89889336016101
139,0.195,0.30000000000000004,90.0,7.300037551633512,7989,102.53298285142064
140,0.195,0.30000000000000004,150.0,4.5877544725478066,12968,40.64990746452787
141,0.195,0.5,30.0,5.372814252721849,3031,76.53810623556552
142,0.195,0.5,90.0,6.942820838627696,5509,95.17843528771094
143,0.195,0.5,150.0,4.821428571428562,5684,42.52234342012645
144,0.195,0.7000000000000001,30.0,4.426690876078077,2203,58.089877439854774
145,0.195,0.7000000000000001,90.0,6.524973432518597,2823,84.21749911441731
146,0.195,0.7000000000000001,150.0,4.3970377448638285,2093,33.81605351170566
147,0.195,0.9,30.0,1.9810017271157163,579,11.38687392055268
148,0.195,0.9,90.0,3.1989528795811504,191,23.261780104712056
149,0.195,0.9,150.0,3.4666666666666663,15,19.599999999999998
150,0.2165789473684211,0.1,30.0,5.750200160128113,2498,88.23698959167322
151,0.2165789473684211,0.1,90.0,7.476490547745967,4126,109.90935530780419
152,0.2165789473684211,0.1,150.0,4.8083458808345885,4649,43.74575177457513
153,0.2165789473684211,0.30000000000000004,30.0,6.046177370030577,3270,94.10978593272164
154,0.2165789473684211,0.30000000000000004,90.0,7.398151001540846,6490,108.08412942989217
155,0.2165789473684211,0.30000000000000004,150.0,4.614078146475546,10186,40.833202434714266
156,0.2165789473684211,0.5,30.0,5.4461891995404255,2611,77.47070088088853
157,0.2165789473684211,0.5,90.0,6.828619670747133,4738,90.766990291262
158,0.2165789473684211,0.5,150.0,4.826860841423957,4326,42.06264447526581
159,0.2165789473684211,0.7000000000000001,30.0,3.661449275362322,1725,37.98260869565222
160,0.2165789473684211,0.7000000000000001,90.0,5.979824107604768,1933,71.11381272633221
161,0.2165789473684211,0.7000000000000001,150.0,4.602184087363496,1282,38.71918876755068
162,0.2165789473684211,0.9,30.0,0.0,0,0.0
163,0.2165789473684211,0.9,90.0,0.0,0,0.0
164,0.2165789473684211,0.9,150.0,0.0,0,0.0
165,0.23815789473684212,0.1,30.0,6.498191214470279,1935,114.74418604651156
166,0.23815789473684212,0.1,90.0,7.4923121554975385,3447,110.73571221351898
167,0.23815789473684212,0.1,150.0,4.792174320524828,4268,44.63003748828474
168,0.23815789473684212,0.30000000000000004,30.0,6.015168331483533,2703,91.33222345541992
169,0.23815789473684212,0.30000000000000004,90.0,7.420956553486661,5478,109.43629061701351
170,0.23815789473684212,0.30000000000000004,150.0,4.664475347661184,7910,41.90796460176995
171,0.23815789473684212,0.5,30.0,5.557081545064376,2330,83.30128755364807
172,0.23815789473684212,0.5,90.0,6.802887008461894,4018,87.144848183176
173,0.23815789473684212,0.5,150.0,4.754695822820302,3567,39.27950658816933
174,0.23815789473684212,0.7000000000000001,30.0,3.445876288659797,1164,31.459621993127136
175,0.23815789473684212,0.7000000000000001,90.0,6.400888888888887,1125,89.05511111111107
176,0.23815789473684212,0.7000000000000001,150.0,4.489655172413796,725,37.394482758620775
177,0.23815789473684212,0.9,30.0,0.0,0,0.0
178,0.23815789473684212,0.9,90.0,0.0,0,0.0
179,0.23815789473684212,0.9,150.0,0.0,0,0.0
180,0.25973684210526315,0.1,30.0,6.144752714113389,1658,100.23039806996366
181,0.25973684210526315,0.1,90.0,7.80950808847804,3029,121.50445691647413
182,0.25973684210526315,0.1,150.0,4.5838323353293395,4342,41.184016582220146
183,0.25973684210526315,0.30000000000000004,30.0,6.002547770700632,2355,97.56433121019087
184,0.25973684210526315,0.30000000000000004,90.0,7.487379531895355,4358,109.40293712712251
185,0.25973684210526315,0.30000000000000004,150.0,4.397486482536914,6843,37.640216279409586
186,0.25973684210526315,0.5,30.0,5.435206688341843,2153,82.20901068276808
187,0.25973684210526315,0.5,90.0,6.722172217221718,3333,89.07200720071992
188,0.25973684210526315,0.5,150.0,4.721777130371446,2746,39.61179898033501
189,0.25973684210526315,0.7000000000000001,30.0,3.74771241830065,765,36.15032679738563
190,0.25973684210526315,0.7000000000000001,90.0,6.250000000000002,704,76.88920454545456
191,0.25973684210526315,0.7000000000000001,150.0,4.772861356932152,339,38.96165191740413
192,0.25973684210526315,0.9,30.0,0.0,0,0.0
193,0.25973684210526315,0.9,90.0,0.0,0,0.0
194,0.25973684210526315,0.9,150.0,0.0,0,0.0
195,0.28131578947368424,0.1,30.0,6.644823066841409,1526,126.06290956749653
196,0.28131578947368424,0.1,90.0,7.634682484298686,2866,118.48674110258197
197,0.28131578947368424,0.1,150.0,4.6250305548765605,4091,41.16279638230265
198,0.28131578947368424,0.30000000000000004,30.0,5.895888948211415,1873,85.35344367325114
199,0.28131578947368424,0.30000000000000004,90.0,7.46602475928474,3635,109.022008253095
200,0.28131578947368424,0.30000000000000004,150.0,4.839709339602475,4679,44.739260525753345
201,0.28131578947368424,0.5,30.0,5.317895940537445,1749,72.494568324757
202,0.28131578947368424,0.5,90.0,6.89118406492069,2711,89.96975285872371
203,0.28131578947368424,0.5,150.0,4.7763099955966455,2271,41.97402025539417
204,0.28131578947368424,0.7000000000000001,30.0,3.398897058823523,544,30.722426470588207
205,0.28131578947368424,0.7000000000000001,90.0,6.18372703412074,381,83.69553805774278
206,0.28131578947368424,0.7000000000000001,150.0,5.018072289156631,166,44.99397590361451
207,0.28131578947368424,0.9,30.0,0.0,0,0.0
208,0.28131578947368424,0.9,90.0,0.0,0,0.0
209,0.28131578947368424,0.9,150.0,0.0,0,0.0
210,0.3028947368421053,0.1,30.0,5.831094049904029,1563,88.35060780550202
211,0.3028947368421053,0.1,90.0,7.598555956678707,2770,119.90613718411556
212,0.3028947368421053,0.1,150.0,4.656151419558344,3804,43.2013669821242
213,0.3028947368421053,0.30000000000000004,30.0,6.557722308892363,1282,108.80577223088926
214,0.3028947368421053,0.30000000000000004,90.0,7.411947245927079,2578,104.26454615981383
215,0.3028947368421053,0.30000000000000004,150.0,4.674474474474459,3330,40.91891891891872
216,0.3028947368421053,0.5,30.0,5.6557591623036645,1528,74.7722513089005
217,0.3028947368421053,0.5,90.0,6.712127943136363,2251,85.58462905375364
218,0.3028947368421053,0.5,150.0,4.7257668711656295,1630,39.400613496932415
219,0.3028947368421053,0.7000000000000001,30.0,3.5282051282051268,390,42.75384615384614
220,0.3028947368421053,0.7000000000000001,90.0,6.0326530612244875,245,77.02857142857138
221,0.3028947368421053,0.7000000000000001,150.0,4.714285714285715,126,43.920634920634924
222,0.3028947368421053,0.9,30.0,0.0,0,0.0
223,0.3028947368421053,0.9,90.0,0.0,0,0.0
224,0.3028947368421053,0.9,150.0,0.0,0,0.0
225,0.32447368421052636,0.1,30.0,5.681598062953992,1652,89.13680387409174
226,0.32447368421052636,0.1,90.0,7.672340425531925,2585,122.34003868471969
227,0.32447368421052636,0.1,150.0,4.473902728351122,3372,37.32087781731909
228,0.32447368421052636,0.30000000000000004,30.0,6.986376021798369,734,149.36239782016335
229,0.32447368421052636,0.30000000000000004,90.0,7.395633652822137,1878,105.686368477103
230,0.32447368421052636,0.30000000000000004,150.0,5.082729211087418,2345,50.82089552238807
231,0.32447368421052636,0.5,30.0,4.865123703112529,1253,58.09098164405427
232,0.32447368421052636,0.5,90.0,6.833924349881795,1692,93.4213947990541
233,0.32447368421052636,0.5,150.0,4.7232597623090005,1178,39.85738539898127
234,0.32447368421052636,0.7000000000000001,30.0,3.873417721518984,316,47.35443037974683
235,0.32447368421052636,0.7000000000000001,90.0,5.724137931034481,203,65.92118226600988
236,0.32447368421052636,0.7000000000000001,150.0,3.928571428571427,84,22.64285714285713
237,0.32447368421052636,0.9,30.0,0.0,0,0.0
238,0.32447368421052636,0.9,90.0,0.0,0,0.0
239,0.32447368421052636,0.9,150.0,0.0,0,0.0
240,0.3460526315789474,0.1,30.0,5.616615853658543,1312,92.4245426829267
241,0.3460526315789474,0.1,90.0,7.562594268476605,1989,119.97687280040203
242,0.3460526315789474,0.1,150.0,4.482446206115523,2649,38.88863722159304
243,0.3460526315789474,0.30000000000000004,30.0,7.308605341246298,674,128.9970326409497
244,0.3460526315789474,0.30000000000000004,90.0,7.52569444444444,1440,110.02291666666667
245,0.3460526315789474,0.30000000000000004,150.0,4.840597014925376,1675,42.22925373134319
246,0.3460526315789474,0.5,30.0,4.980830670926519,939,77.20873269435572
247,0.3460526315789474,0.5,90.0,6.96125907990314,1239,87.5552865213881
248,0.3460526315789474,0.5,150.0,4.740359897172233,778,39.899742930591245
249,0.3460526315789474,0.7000000000000001,30.0,3.532110091743117,218,44.60550458715598
250,0.3460526315789474,0.7000000000000001,90.0,5.422360248447205,161,74.82608695652175
251,0.3460526315789474,0.7000000000000001,150.0,4.953124999999998,64,38.60937499999997
252,0.3460526315789474,0.9,30.0,0.0,0,0.0
253,0.3460526315789474,0.9,90.0,0.0,0,0.0
254,0.3460526315789474,0.9,150.0,0.0,0,0.0
255,0.3676315789473684,0.1,30.0,6.118566176470583,1088,99.32996323529412
256,0.3676315789473684,0.1,90.0,7.378269617706229,1491,104.42454728370205
257,0.3676315789473684,0.1,150.0,4.855524079320119,1765,45.91614730878194
258,0.3676315789473684,0.30000000000000004,30.0,6.9,610,117.02131147540995
259,0.3676315789473684,0.30000000000000004,90.0,8.108108108108091,1221,129.48239148239142
260,0.3676315789473684,0.30000000000000004,150.0,4.930656934306561,1096,45.096715328467084
261,0.3676315789473684,0.5,30.0,5.607238605898118,746,93.50804289544234
262,0.3676315789473684,0.5,90.0,7.284735812133072,1022,103.70156555772984
263,0.3676315789473684,0.5,150.0,5.034358047016272,553,46.40506329113921
264,0.3676315789473684,0.7000000000000001,30.0,2.9219858156028367,141,22.496453900709227
265,0.3676315789473684,0.7000000000000001,90.0,6.101265822784808,79,85.87341772151898
266,0.3676315789473684,0.7000000000000001,150.0,3.9473684210526314,38,31.578947368421055
267,0.3676315789473684,0.9,30.0,0.0,0,0.0
268,0.3676315789473684,0.9,90.0,0.0,0,0.0
269,0.3676315789473684,0.9,150.0,0.0,0,0.0
270,0.3892105263157895,0.1,30.0,6.151699029126215,824,101.24150485436881
271,0.3892105263157895,0.1,90.0,7.332420091324199,1095,107.47305936073043
272,0.3892105263157895,0.1,150.0,4.814091680814938,1178,43.255517826825155
273,0.3892105263157895,0.30000000000000004,30.0,6.455555555555552,540,93.69259259259258
274,0.3892105263157895,0.30000000000000004,90.0,7.337950138504149,1083,99.26223453370254
275,0.3892105263157895,0.30000000000000004,150.0,5.009793253536454,919,46.015233949945596
276,0.3892105263157895,0.5,30.0,5.553897180762852,603,85.41459369817576
277,0.3892105263157895,0.5,90.0,6.793150684931513,730,89.6643835616438
278,0.3892105263157895,0.5,150.0,4.53299492385787,394,39.380710659898504
279,0.3892105263157895,0.7000000000000001,30.0,2.692307692307691,65,17.76923076923076
280,0.3892105263157895,0.7000000000000001,90.0,4.6923076923076925,13,34.84615384615385
281,0.3892105263157895,0.7000000000000001,150.0,6.999999999999999,3,55.0
282,0.3892105263157895,0.9,30.0,0.0,0,0.0
283,0.3892105263157895,0.9,90.0,0.0,0,0.0
284,0.3892105263157895,0.9,150.0,0.0,0,0.0
285,0.7,0.1,30.0,6.341881793478258,5888,104.07999320652168
286,0.7,0.1,90.0,7.433323649041264,6884,109.29386984311482
287,0.7,0.1,150.0,5.24980504289056,3847,52.43046529763461
288,0.7,0.30000000000000004,30.0,6.118057349522089,3871,95.16946525445657
289,0.7,0.30000000000000004,90.0,7.136503067484663,5868,96.82736877982275
290,0.7,0.30000000000000004,150.0,5.037201907790147,3145,45.99300476947528
291,0.7,0.5,30.0,3.8265591064225863,3223,43.945082221532815
292,0.7,0.5,90.0,5.867011278195474,2128,68.96099624060143
293,0.7,0.5,150.0,4.210135970333744,809,31.411619283065534
294,0.7,0.7000000000000001,30.0,0.0,0,0.0
295,0.7,0.7000000000000001,90.0,0.0,0,0.0
296,0.7,0.7000000000000001,150.0,0.0,0,0.0
297,0.7,0.9,30.0,0.0,0,0.0
298,0.7,0.9,90.0,0.0,0,0.0
299,0.7,0.9,150.0,0.0,0,0.0
