,voc_bin,rtmean,rtcount,rt_squaredmean
0,0.0007894736842105274,23.92984126114528,146026,1904.096564995272
1,0.022368421052631583,29.03223542116637,37040,2337.059935205184
2,0.04394736842105264,31.3087517518002,20693,2713.1643550959316
3,0.0655263157894737,32.24814367121403,11582,2687.6670695907537
4,0.08710526315789476,32.44637933536491,6891,2732.271368451605
5,0.1086842105263158,33.79675894665768,4443,2789.0117038037265
6,0.13026315789473686,35.56435643564355,3131,3940.561481954635
7,0.1518421052631579,35.94042925974601,2283,3098.6508979413043
8,0.17342105263157898,36.89909365558909,1655,3846.499093655583
9,0.195,35.29476153244723,1279,3084.1063330727147
10,0.2165789473684211,39.57085427135688,995,3726.951758793973
11,0.23815789473684212,38.39496855345916,795,3391.381132075473
12,0.25973684210526315,41.73529411764707,680,4393.499999999998
13,0.28131578947368424,36.8553113553113,546,3292.1996336996326
14,0.3028947368421053,32.88073394495415,436,2976.275229357802
15,0.32447368421052636,36.4879518072289,332,3387.3674698795207
16,0.3460526315789474,39.5340501792115,279,3522.315412186381
17,0.3676315789473684,40.64948453608244,194,5155.845360824738
18,0.3892105263157895,38.572463768115966,138,4339.108695652172
19,0.7,39.66024759284733,727,3710.248968363137
