,voc_bin,rtmean,rtcount,rt_squaredmean
0,0.0007894736842105274,40.756209150326804,3060,4788.730718954252
1,0.022368421052631583,48.05058365758754,771,4579.757457846951
2,0.04394736842105264,46.03537735849061,424,4581.629716981136
3,0.0655263157894737,53.20444444444442,225,6418.306666666666
4,0.08710526315789476,55.902439024390205,123,11422.634146341454
5,0.1086842105263158,72.82142857142856,84,13122.749999999998
6,0.13026315789473686,53.857142857142854,63,6329.5714285714275
7,0.1518421052631579,56.80851063829787,47,6240.2127659574435
8,0.17342105263157898,66.41666666666667,24,7561.666666666666
9,0.195,47.90624999999999,32,4186.718750000001
10,0.2165789473684211,73.29032258064515,31,13615.419354838708
11,0.23815789473684212,51.239999999999995,25,4371.16
12,0.25973684210526315,55.18181818181818,11,5589.181818181818
13,0.28131578947368424,60.49999999999999,10,5362.5
14,0.3028947368421053,59.6153846153846,13,7155.461538461539
15,0.32447368421052636,42.75,8,2539.0
16,0.3460526315789474,46.8,5,4796.400000000001
17,0.3676315789473684,92.99999999999999,3,11821.666666666666
18,0.3892105263157895,63.33333333333333,3,6801.333333333333
19,0.7,49.26666666666667,15,4911.533333333333
