,voc_bin,elo_bin,rtmean,rtcount,rt_squaredmean
0,0.0007894736842105274,625.0,9.63867921771347,1539845,211.04858476015414
1,0.0007894736842105274,1387.5,9.628478039810009,1724894,213.82414107765507
2,0.0007894736842105274,1662.5,9.695806405560168,1148752,225.27893487889543
3,0.0007894736842105274,2400.0,9.640522289329853,434625,233.91080126545796
4,0.022368421052631583,625.0,11.34831626638641,352045,256.7082560468127
5,0.022368421052631583,1387.5,11.369994848554603,421241,267.10458858468115
6,0.022368421052631583,1662.5,11.610806848813066,291963,288.5980346824765
7,0.022368421052631583,2400.0,11.813956763608207,113608,309.10145412294867
8,0.04394736842105264,625.0,11.858602515263753,191630,279.09433804727917
9,0.04394736842105264,1387.5,12.046256479294108,233243,298.2206668581687
10,0.04394736842105264,1662.5,12.380233010180527,164628,324.0169533736655
11,0.04394736842105264,2400.0,12.625216185475466,64181,350.1082095947393
12,0.0655263157894737,625.0,12.300012967525577,107962,299.13189826049876
13,0.0655263157894737,1387.5,12.480801984043987,133868,324.61819105387366
14,0.0655263157894737,1662.5,12.8759585448923,95718,348.7588227919522
15,0.0655263157894737,2400.0,13.298300571697103,38307,387.01005038243693
16,0.08710526315789476,625.0,12.561403235843187,64280,307.88993466085844
17,0.08710526315789476,1387.5,12.860187856835877,81445,332.9699551844807
18,0.08710526315789476,1662.5,13.36661994861017,59934,376.44967797910914
19,0.08710526315789476,2400.0,13.669293267464221,24493,410.5778793941116
20,0.1086842105263158,625.0,12.947419020854909,40566,325.733397426417
21,0.1086842105263158,1387.5,13.199368046620686,52852,360.3537992885788
22,0.1086842105263158,1662.5,13.70931319305871,39589,392.86665487888075
23,0.1086842105263158,2400.0,14.208192385755552,16259,448.40500645796277
24,0.13026315789473686,625.0,13.310102865540056,27220,339.3065025716385
25,0.13026315789473686,1387.5,13.538702497733109,36393,369.6995026516087
26,0.13026315789473686,1662.5,14.06798566413107,27344,406.88147308367536
27,0.13026315789473686,2400.0,14.534755202486805,11581,461.55314739659724
28,0.1518421052631579,625.0,13.326752221125394,19247,340.3222320361608
29,0.1518421052631579,1387.5,13.749220455254118,25656,384.038665419395
30,0.1518421052631579,1662.5,14.403266205791018,19962,432.46778879871795
31,0.1518421052631579,2400.0,14.610148964514972,8257,460.077509991522
32,0.17342105263157898,625.0,13.561822278552372,14202,352.8707928460775
33,0.17342105263157898,1387.5,13.863333849249361,19383,388.00717123252343
34,0.17342105263157898,1662.5,14.594199973085747,14862,439.75070649979847
35,0.17342105263157898,2400.0,14.720907928388733,6256,476.45108695652203
36,0.195,625.0,13.721414467779578,11142,364.342128881708
37,0.195,1387.5,14.180028129395216,14931,401.48911660304043
38,0.195,1662.5,14.88204728500911,11547,460.32727115268045
39,0.195,2400.0,15.390224358974342,4992,512.6786858974353
40,0.2165789473684211,625.0,14.04975686984054,8843,381.7322175732219
41,0.2165789473684211,1387.5,14.301938348561126,11711,411.02963026214576
42,0.2165789473684211,1662.5,14.523442517662195,9342,429.6516805823171
43,0.2165789473684211,2400.0,14.995804540967425,4052,493.3057749259623
44,0.23815789473684212,625.0,13.590953511098707,7163,358.869747312578
45,0.23815789473684212,1387.5,14.270055359838986,9935,406.2235530951195
46,0.23815789473684212,1662.5,14.821928665786015,7570,461.64068692206047
47,0.23815789473684212,2400.0,14.462736713500298,3274,435.58002443494195
48,0.25973684210526315,625.0,14.171904516572205,5823,402.3113515370076
49,0.25973684210526315,1387.5,14.594343180389679,7955,420.45807668133233
50,0.25973684210526315,1662.5,15.241894469167182,6292,490.6493960584872
51,0.25973684210526315,2400.0,15.096618357487909,2691,479.5455221107398
52,0.28131578947368424,625.0,14.021521103217681,4786,387.4206017551184
53,0.28131578947368424,1387.5,14.200536752646494,6707,395.1663933204114
54,0.28131578947368424,1662.5,14.95731016244805,5294,466.8885530789568
55,0.28131578947368424,2400.0,15.309099018733292,2242,500.32604817127526
56,0.3028947368421053,625.0,14.078781776994699,3973,377.09262522023596
57,0.3028947368421053,1387.5,14.350513606055141,5549,409.7785186520093
58,0.3028947368421053,1662.5,14.918400369856649,4326,474.05154877485
59,0.3028947368421053,2400.0,14.65826330532215,1785,448.8722689075626
60,0.32447368421052636,625.0,14.244031830238754,3016,397.0384615384618
61,0.32447368421052636,1387.5,14.591037735849072,4240,423.14056603773565
62,0.32447368421052636,1662.5,15.355328467153283,3425,491.84525547445213
63,0.32447368421052636,2400.0,15.840110268780135,1451,577.5134390075793
64,0.3460526315789474,625.0,14.161896625373757,2341,372.79495941905134
65,0.3460526315789474,1387.5,14.359030152315773,3217,408.2253652471234
66,0.3460526315789474,1662.5,15.149348083761355,2531,469.4140655867245
67,0.3460526315789474,2400.0,15.338797814207679,1098,496.43351548269544
68,0.3676315789473684,625.0,15.145866245392318,1899,442.37072143233274
69,0.3676315789473684,1387.5,14.836988001654952,2417,431.1613570541999
70,0.3676315789473684,1662.5,15.589730807577256,2006,529.1021934197407
71,0.3676315789473684,2400.0,14.470886075949377,790,457.28607594936733
72,0.3892105263157895,625.0,13.742877492877495,1404,361.9252136752137
73,0.3892105263157895,1387.5,14.817018909899875,1798,434.21523915461506
74,0.3892105263157895,1662.5,15.618129907209116,1401,524.4546752319775
75,0.3892105263157895,2400.0,14.956445993031348,574,450.96689895470416
76,0.7,625.0,13.697299651567937,6888,366.86599883855985
77,0.7,1387.5,14.68914819136523,8570,441.4140023337229
78,0.7,1662.5,14.857484076433098,6280,460.10207006369325
79,0.7,2400.0,14.656609765780042,2519,466.2866216752676
