,voc_bin,rtmean,rtcount,rt_squaredmean
0,0.0007894736842105274,6.516377706553399,8349826,99.46427602203863
1,0.022368421052631583,7.586671415758012,2004594,120.60898715650178
2,0.04394736842105264,8.052348998135066,1107834,134.64059416844069
3,0.0655263157894737,8.408113700736061,631623,146.15964903114707
4,0.08710526315789476,8.678793351097045,384304,171.262024334902
5,0.1086842105263158,8.936730202033583,248523,163.90890581555834
6,0.13026315789473686,9.193866785454759,170612,174.37194335685646
7,0.1518421052631579,9.329231095452444,122616,177.85860735956123
8,0.17342105263157898,9.55521465670268,91262,187.66717801494596
9,0.195,9.617864731130712,70127,188.13347212913683
10,0.2165789473684211,9.718498227521792,55854,192.58862391234342
11,0.23815789473684212,9.744779531366813,45494,195.52035433243907
12,0.25973684210526315,9.781419895510146,37707,195.6795289999197
13,0.28131578947368424,9.78725440163307,31352,194.91477417708535
14,0.3028947368421053,9.92977195612718,25346,200.12514795234011
15,0.32447368421052636,9.878844408591332,19834,196.46823636180335
16,0.3460526315789474,10.157335970985834,15165,209.68163534454342
17,0.3676315789473684,10.286250218112052,11462,217.14787995114435
18,0.3892105263157895,10.457093425605551,8670,218.94359861591627
19,0.7,10.354351856253267,42074,224.05464182155177
