,voc_bin,U_bin,clock_bin,rtmean,rtcount,rt_squaredmean
0,0.0007894736842105274,0.1,30.0,5.190294244525886,210947,203.75193294998266
1,0.0007894736842105274,0.1,90.0,8.2105041410556,173265,288.85875970334524
2,0.0007894736842105274,0.1,150.0,9.191460602302248,206408,319.67577322584367
3,0.0007894736842105274,0.1,210.0,9.623863654455429,251244,307.4565919982172
4,0.0007894736842105274,0.1,270.0,9.8565416586835,297501,289.50292267925164
5,0.0007894736842105274,0.1,330.0,9.85145976369841,347522,265.17819015774614
6,0.0007894736842105274,0.1,390.0,9.51734646406038,382614,223.91079782757598
7,0.0007894736842105274,0.1,450.0,8.723251351088095,379879,172.37681472258282
8,0.0007894736842105274,0.1,510.0,7.327314772703416,285838,111.36825404599824
9,0.0007894736842105274,0.1,570.0,5.206317820685388,83953,60.73674556001574
10,0.0007894736842105274,0.30000000000000004,30.0,6.259389800638829,63553,173.68390162541533
11,0.0007894736842105274,0.30000000000000004,90.0,10.997905880025057,60646,394.719338455957
12,0.0007894736842105274,0.30000000000000004,150.0,12.413988514053182,78879,459.10781069739687
13,0.0007894736842105274,0.30000000000000004,210.0,13.00561478461959,102052,469.83311449065235
14,0.0007894736842105274,0.30000000000000004,270.0,13.348410018453462,130599,474.75944685640826
15,0.0007894736842105274,0.30000000000000004,330.0,13.347157668930986,165023,432.343212764281
16,0.0007894736842105274,0.30000000000000004,390.0,12.74178722121762,212352,370.8617955093433
17,0.0007894736842105274,0.30000000000000004,450.0,11.457823785367736,271646,282.0153950361867
18,0.0007894736842105274,0.30000000000000004,510.0,9.2357595181693,322935,170.4117546874761
19,0.0007894736842105274,0.30000000000000004,570.0,5.785056764427614,211400,65.39352412488171
20,0.0007894736842105274,0.5,30.0,4.704124866741379,146332,143.10410573217075
21,0.0007894736842105274,0.5,90.0,8.997158092799216,128083,304.3839307324161
22,0.0007894736842105274,0.5,150.0,11.095263580412084,153217,406.99793756567533
23,0.0007894736842105274,0.5,210.0,12.37224806600016,194545,459.4417692564705
24,0.0007894736842105274,0.5,270.0,11.45167879136553,293753,417.8700711141671
25,0.0007894736842105274,0.5,330.0,14.544762574509415,298620,546.2121123836309
26,0.0007894736842105274,0.5,390.0,14.708942085316096,412935,507.74482424594646
27,0.0007894736842105274,0.5,450.0,13.967752999016739,635625,425.5280125860374
28,0.0007894736842105274,0.5,510.0,11.772253171197788,1204671,275.8772810169753
29,0.0007894736842105274,0.5,570.0,5.383760766864473,4288737,60.78371417972246
30,0.0007894736842105274,0.7000000000000001,30.0,5.845102924700251,59801,173.1057841842111
31,0.0007894736842105274,0.7000000000000001,90.0,10.566252087202148,64081,331.7443548009555
32,0.0007894736842105274,0.7000000000000001,150.0,12.385283490828245,86352,418.93364369093933
33,0.0007894736842105274,0.7000000000000001,210.0,13.484880271699389,116305,484.5106831176655
34,0.0007894736842105274,0.7000000000000001,270.0,13.871215714814827,153893,488.2793434399218
35,0.0007894736842105274,0.7000000000000001,330.0,14.350486672114354,193354,479.25502446290193
36,0.0007894736842105274,0.7000000000000001,390.0,13.802705971920023,258761,419.4080174369399
37,0.0007894736842105274,0.7000000000000001,450.0,12.583721191615922,346991,327.0430818090387
38,0.0007894736842105274,0.7000000000000001,510.0,10.311694673256444,455250,203.9732652388799
39,0.0007894736842105274,0.7000000000000001,570.0,6.485270584904269,395569,77.21102007487939
40,0.0007894736842105274,0.9,30.0,3.576558184641979,284594,68.59601748455691
41,0.0007894736842105274,0.9,90.0,7.402203377413081,218392,184.710996739807
42,0.0007894736842105274,0.9,150.0,8.852344555608935,254078,234.11429561000963
43,0.0007894736842105274,0.9,210.0,9.841567952038492,304244,270.4883120127262
44,0.0007894736842105274,0.9,270.0,10.407971146184291,357665,284.8407448310574
45,0.0007894736842105274,0.9,330.0,10.554857159307902,416828,273.7197501127565
46,0.0007894736842105274,0.9,390.0,10.212269956783453,473661,239.96198124819247
47,0.0007894736842105274,0.9,450.0,9.457728435510292,495676,191.9565220022752
48,0.0007894736842105274,0.9,510.0,7.992331702596877,425779,127.6507037688566
49,0.0007894736842105274,0.9,570.0,5.543465365745495,180385,57.165096876126086
50,0.022368421052631583,0.1,30.0,7.686750252481732,40597,290.3537453506416
51,0.022368421052631583,0.1,90.0,12.712183178173596,37166,496.7527578970033
52,0.022368421052631583,0.1,150.0,13.63391517095334,48639,515.8112214478102
53,0.022368421052631583,0.1,210.0,14.321937321937314,62478,513.7678222734398
54,0.022368421052631583,0.1,270.0,14.178305271874153,79706,478.94866133038903
55,0.022368421052631583,0.1,330.0,13.693095116351332,99741,423.16105713798686
56,0.022368421052631583,0.1,390.0,12.582148005566252,120009,334.7438192135587
57,0.022368421052631583,0.1,450.0,11.039722679128689,130102,246.90983997171494
58,0.022368421052631583,0.1,510.0,8.75209089029638,106414,145.8474542823311
59,0.022368421052631583,0.1,570.0,5.908857910858283,31994,65.43795711695932
60,0.022368421052631583,0.30000000000000004,30.0,6.647088607594943,13825,169.9668716094034
61,0.022368421052631583,0.30000000000000004,90.0,12.465183111045596,13571,472.0350011052981
62,0.022368421052631583,0.30000000000000004,150.0,14.499971397517307,17481,584.2386591156096
63,0.022368421052631583,0.30000000000000004,210.0,15.508763366907733,22537,603.6561654168686
64,0.022368421052631583,0.30000000000000004,270.0,15.910646387832706,28930,607.4287245074321
65,0.022368421052631583,0.30000000000000004,330.0,16.2118352877011,36670,579.5933460594492
66,0.022368421052631583,0.30000000000000004,390.0,15.347501864280408,48276,481.7518849946153
67,0.022368421052631583,0.30000000000000004,450.0,13.767651720836792,63719,363.48977542020435
68,0.022368421052631583,0.30000000000000004,510.0,10.954726627333635,82543,217.6150370110125
69,0.022368421052631583,0.30000000000000004,570.0,6.543033218097115,66530,78.64737712310216
70,0.022368421052631583,0.5,30.0,6.527836585226303,17477,205.58637065858028
71,0.022368421052631583,0.5,90.0,12.759027626713063,18388,523.8014465956051
72,0.022368421052631583,0.5,150.0,15.234527021502757,24462,633.8155097702564
73,0.022368421052631583,0.5,210.0,16.6003913218622,34754,705.2663290556476
74,0.022368421052631583,0.5,270.0,14.62403747870531,58700,594.8554855195919
75,0.022368421052631583,0.5,330.0,18.888612802369593,60770,773.5604574625645
76,0.022368421052631583,0.5,390.0,18.548059109904784,92844,703.1689931498001
77,0.022368421052631583,0.5,450.0,16.88201638392573,155030,548.5625427336635
78,0.022368421052631583,0.5,510.0,13.4841378177176,316476,327.06443458587756
79,0.022368421052631583,0.5,570.0,6.1579460373417705,904885,73.37929902694812
80,0.022368421052631583,0.7000000000000001,30.0,6.139088377546521,13646,166.61321999120588
81,0.022368421052631583,0.7000000000000001,90.0,11.524353741496599,14700,362.06326530612347
82,0.022368421052631583,0.7000000000000001,150.0,13.692089249492897,19720,445.2342799188643
83,0.022368421052631583,0.7000000000000001,210.0,14.992262756779752,25849,518.7921002746716
84,0.022368421052631583,0.7000000000000001,270.0,15.649418481066446,32931,544.2580243539516
85,0.022368421052631583,0.7000000000000001,330.0,16.082420234589925,41434,544.6451464980446
86,0.022368421052631583,0.7000000000000001,390.0,15.327433125721775,52823,469.09185392726727
87,0.022368421052631583,0.7000000000000001,450.0,13.8183805130988,66342,358.388095022761
88,0.022368421052631583,0.7000000000000001,510.0,11.107525629077351,77256,218.91750802526676
89,0.022368421052631583,0.7000000000000001,570.0,7.038649906130109,49004,84.16843522977697
90,0.022368421052631583,0.9,30.0,5.179527401375075,29962,110.17198451371725
91,0.022368421052631583,0.9,90.0,10.720103270223735,29050,322.0092598967296
92,0.022368421052631583,0.9,150.0,12.570592906299636,37780,384.1975913181575
93,0.022368421052631583,0.9,210.0,13.743360838673986,48839,426.15315628903005
94,0.022368421052631583,0.9,270.0,14.395602215425312,60485,448.7541704554846
95,0.022368421052631583,0.9,330.0,14.042583924033732,74770,408.0621104721144
96,0.022368421052631583,0.9,390.0,13.13638327811818,90253,341.1989185955035
97,0.022368421052631583,0.9,450.0,11.535046082240646,97543,249.0041212593417
98,0.022368421052631583,0.9,510.0,9.107923214568288,82151,148.64309624958878
99,0.022368421052631583,0.9,570.0,6.137232546649951,26313,65.22680804165245
100,0.04394736842105264,0.1,30.0,7.712664019337014,23168,258.4625776933699
101,0.04394736842105264,0.1,90.0,12.963786471526413,21318,515.468899521531
102,0.04394736842105264,0.1,150.0,14.494602407874979,27327,591.3524353203774
103,0.04394736842105264,0.1,210.0,14.95311348834469,33933,579.8150472990897
104,0.04394736842105264,0.1,270.0,15.14315179606026,43150,542.3750405561989
105,0.04394736842105264,0.1,330.0,14.580672977786097,53345,470.2575311650575
106,0.04394736842105264,0.1,390.0,13.509046386124702,64114,384.8008391302985
107,0.04394736842105264,0.1,450.0,11.779730671330865,70323,278.2962899762514
108,0.04394736842105264,0.1,510.0,9.241073219658999,59820,161.11850551654956
109,0.04394736842105264,0.1,570.0,6.006903765690374,19120,67.19717573221774
110,0.04394736842105264,0.30000000000000004,30.0,7.8818859166972155,8187,295.3608159276903
111,0.04394736842105264,0.30000000000000004,90.0,14.06966238706612,8412,579.5558725630048
112,0.04394736842105264,0.30000000000000004,150.0,16.035523978685617,11260,663.0912966252232
113,0.04394736842105264,0.30000000000000004,210.0,17.167698998418498,15176,720.2106615709024
114,0.04394736842105264,0.30000000000000004,270.0,17.03685479505978,20323,650.2562613787342
115,0.04394736842105264,0.30000000000000004,330.0,17.48716179964745,26094,640.745458726146
116,0.04394736842105264,0.30000000000000004,390.0,16.461798037175534,35561,542.1244059503392
117,0.04394736842105264,0.30000000000000004,450.0,14.712241231472785,48982,410.7165285206817
118,0.04394736842105264,0.30000000000000004,510.0,11.470562903721929,65020,233.977176253461
119,0.04394736842105264,0.30000000000000004,570.0,6.673040187099426,56013,79.5719386570974
120,0.04394736842105264,0.5,30.0,7.945275446917185,8223,364.6090234707525
121,0.04394736842105264,0.5,90.0,14.446978455070944,9515,594.5531266421453
122,0.04394736842105264,0.5,150.0,17.00045731707316,13120,704.9922256097555
123,0.04394736842105264,0.5,210.0,18.122876557191354,19426,776.5002059096049
124,0.04394736842105264,0.5,270.0,17.200821039983975,29962,727.1272611975165
125,0.04394736842105264,0.5,330.0,20.08667611819972,35973,837.803352514385
126,0.04394736842105264,0.5,390.0,18.902361388703845,54036,708.2952106003414
127,0.04394736842105264,0.5,450.0,17.056933853214197,86943,549.1526977444997
128,0.04394736842105264,0.5,510.0,13.392140374481448,160542,317.86240983667903
129,0.04394736842105264,0.5,570.0,6.557079115631521,309509,80.22154767712719
130,0.04394736842105264,0.7000000000000001,30.0,6.598028356225081,9028,157.16714665485142
131,0.04394736842105264,0.7000000000000001,90.0,12.361831903235819,9673,377.6042592784033
132,0.04394736842105264,0.7000000000000001,150.0,14.713670043853,13226,516.6859972780884
133,0.04394736842105264,0.7000000000000001,210.0,15.88944781067794,17494,572.4255173202226
134,0.04394736842105264,0.7000000000000001,270.0,16.759366312166247,22661,612.0306253033851
135,0.04394736842105264,0.7000000000000001,330.0,16.742864096234737,28763,570.7046205194173
136,0.04394736842105264,0.7000000000000001,390.0,15.828051611510014,37046,490.55692922312863
137,0.04394736842105264,0.7000000000000001,450.0,13.947936877506123,46386,363.38906135471854
138,0.04394736842105264,0.7000000000000001,510.0,11.12365495863689,50649,219.710399020711
139,0.04394736842105264,0.7000000000000001,570.0,7.135399673735733,26972,86.3422067329082
140,0.04394736842105264,0.9,30.0,4.628330676383519,17564,95.53814620815295
141,0.04394736842105264,0.9,90.0,9.99092866932063,15323,266.00280623898664
142,0.04394736842105264,0.9,150.0,12.212465046246493,18596,379.8598085609806
143,0.04394736842105264,0.9,210.0,13.413814396612553,22672,436.29013761467854
144,0.04394736842105264,0.9,270.0,13.835125578682627,27433,428.978711770495
145,0.04394736842105264,0.9,330.0,13.76456096596613,32879,403.29118890477235
146,0.04394736842105264,0.9,390.0,12.881535754615415,38079,335.4760891830145
147,0.04394736842105264,0.9,450.0,11.329140245937424,38953,246.69155135676317
148,0.04394736842105264,0.9,510.0,9.239237372600709,31103,154.61942577886353
149,0.04394736842105264,0.9,570.0,6.224487715363438,9809,65.19115098379038
150,0.0655263157894737,0.1,30.0,8.40556931750235,11707,315.459297855984
151,0.0655263157894737,0.1,90.0,14.257382823083178,11073,594.1356452632534
152,0.0655263157894737,0.1,150.0,15.646613318090886,13996,644.110317233494
153,0.0655263157894737,0.1,210.0,16.420521912571303,18049,660.896116128317
154,0.0655263157894737,0.1,270.0,16.22268630468237,22745,629.5214332820401
155,0.0655263157894737,0.1,330.0,15.512351552313472,28377,533.3301617507142
156,0.0655263157894737,0.1,390.0,14.325275681950094,34460,425.03450377249015
157,0.0655263157894737,0.1,450.0,12.3057556783946,38171,302.79880013622943
158,0.0655263157894737,0.1,510.0,9.617521998464523,33866,182.67982637453463
159,0.0655263157894737,0.1,570.0,6.234764789736275,11224,70.6276728439058
160,0.0655263157894737,0.30000000000000004,30.0,8.432587492828432,5229,305.88984509466434
161,0.0655263157894737,0.30000000000000004,90.0,15.492316136114166,5466,659.0751920965985
162,0.0655263157894737,0.30000000000000004,150.0,16.81426939190051,7877,658.8442300368143
163,0.0655263157894737,0.30000000000000004,210.0,18.293712885286045,10609,803.3015364313316
164,0.0655263157894737,0.30000000000000004,270.0,18.211265617279583,14167,738.0260464459654
165,0.0655263157894737,0.30000000000000004,330.0,18.565736191350393,18521,723.9479509745697
166,0.0655263157894737,0.30000000000000004,390.0,17.323553287718937,25869,600.4640689628519
167,0.0655263157894737,0.30000000000000004,450.0,15.199740632415446,36242,435.44580873020277
168,0.0655263157894737,0.30000000000000004,510.0,11.909334478668153,48894,254.9915531558061
169,0.0655263157894737,0.30000000000000004,570.0,6.800269967283612,43709,83.70292159509496
170,0.0655263157894737,0.5,30.0,8.482672753683342,4819,303.9991699522719
171,0.0655263157894737,0.5,90.0,15.905100408743554,5627,784.5153723120673
172,0.0655263157894737,0.5,150.0,18.1463262764633,8030,832.5612702366141
173,0.0655263157894737,0.5,210.0,18.773898941618338,11716,813.7047627176499
174,0.0655263157894737,0.5,270.0,18.43592710442579,17285,770.9317327162269
175,0.0655263157894737,0.5,330.0,20.191782086795943,21660,817.2646352723915
176,0.0655263157894737,0.5,390.0,19.210695816430825,32293,714.1225962282832
177,0.0655263157894737,0.5,450.0,17.017283456691352,49990,537.8620524104812
178,0.0655263157894737,0.5,510.0,13.354069999878858,82543,315.04601238142556
179,0.0655263157894737,0.5,570.0,6.978082452962637,115387,88.07876103893865
180,0.0655263157894737,0.7000000000000001,30.0,7.03537818055071,5738,237.02073893342637
181,0.0655263157894737,0.7000000000000001,90.0,12.39987435212816,6367,392.25003926496004
182,0.0655263157894737,0.7000000000000001,150.0,15.262449683726306,8695,563.352846463485
183,0.0655263157894737,0.7000000000000001,210.0,16.8426452836696,11598,640.4770650112104
184,0.0655263157894737,0.7000000000000001,270.0,17.16984021304924,15020,626.3730359520628
185,0.0655263157894737,0.7000000000000001,330.0,17.15450236966824,18990,593.960084254871
186,0.0655263157894737,0.7000000000000001,390.0,16.189008264462824,24200,509.7017355371905
187,0.0655263157894737,0.7000000000000001,450.0,14.27873794212216,29856,376.914255091104
188,0.0655263157894737,0.7000000000000001,510.0,11.223124941183869,31879,220.70271965870955
189,0.0655263157894737,0.7000000000000001,570.0,7.091865040965083,15501,84.91342494032631
190,0.0655263157894737,0.9,30.0,5.462815884476541,6925,119.89747292418768
191,0.0655263157894737,0.9,90.0,10.423371935629401,6649,288.17551511505405
192,0.0655263157894737,0.9,150.0,12.648306616849476,8297,391.5990116909733
193,0.0655263157894737,0.9,210.0,13.32715311004786,10032,402.2376395534297
194,0.0655263157894737,0.9,270.0,14.006150994270294,11868,443.0777721604321
195,0.0655263157894737,0.9,330.0,13.535564556242447,14073,396.42933276486934
196,0.0655263157894737,0.9,390.0,12.693649460559463,15479,328.2804444731569
197,0.0655263157894737,0.9,450.0,11.083295343536317,15355,235.98345815695282
198,0.0655263157894737,0.9,510.0,9.03619870410367,11575,148.55308855291568
199,0.0655263157894737,0.9,570.0,6.155004428697958,3387,64.21287274874514
200,0.08710526315789476,0.1,30.0,8.304985735633748,7361,293.80369515011535
201,0.08710526315789476,0.1,90.0,15.147644787644792,6475,801.458996138996
202,0.08710526315789476,0.1,150.0,16.059869375907134,8268,662.5915578132577
203,0.08710526315789476,0.1,210.0,16.52305097451272,10672,682.3796851574223
204,0.08710526315789476,0.1,270.0,16.560651000076028,13149,634.505589778691
205,0.08710526315789476,0.1,330.0,15.996939412866967,16010,564.1286071205486
206,0.08710526315789476,0.1,390.0,15.055595967993352,19246,475.8942117842667
207,0.08710526315789476,0.1,450.0,12.968306062168889,21329,337.3257536687143
208,0.08710526315789476,0.1,510.0,10.156407099620395,19494,197.0237508977123
209,0.08710526315789476,0.1,570.0,6.211668132512467,6822,69.62914101436537
210,0.08710526315789476,0.30000000000000004,30.0,8.97897007279589,3709,297.1720140199514
211,0.08710526315789476,0.30000000000000004,90.0,15.248871048670354,3986,592.6046161565475
212,0.08710526315789476,0.30000000000000004,150.0,17.962662337662348,5544,848.8847402597402
213,0.08710526315789476,0.30000000000000004,210.0,18.805886116442696,7815,785.4206014075487
214,0.08710526315789476,0.30000000000000004,270.0,19.0469389698182,10503,825.7543558983143
215,0.08710526315789476,0.30000000000000004,330.0,19.253637493602376,13677,775.2711852014321
216,0.08710526315789476,0.30000000000000004,390.0,17.981757279051756,19405,632.6094305591324
217,0.08710526315789476,0.30000000000000004,450.0,15.84844693066394,27172,471.9277197114683
218,0.08710526315789476,0.30000000000000004,510.0,12.089655172413803,37120,266.3328124999989
219,0.08710526315789476,0.30000000000000004,570.0,6.967706082124112,32390,85.66779870330348
220,0.08710526315789476,0.5,30.0,9.2451799485861,3112,377.37050128534685
221,0.08710526315789476,0.5,90.0,15.605602856358136,3641,634.3279318868442
222,0.08710526315789476,0.5,150.0,18.41132956978784,5137,762.6795795211226
223,0.08710526315789476,0.5,210.0,18.818084105871332,7443,778.5233104930802
224,0.08710526315789476,0.5,270.0,19.332654195221348,10798,830.6545656603073
225,0.08710526315789476,0.5,330.0,20.320118002590295,13898,831.9800690746865
226,0.08710526315789476,0.5,390.0,19.364670779811924,19774,716.046980883989
227,0.08710526315789476,0.5,450.0,16.936736770692004,29480,527.5772388059696
228,0.08710526315789476,0.5,510.0,13.353128054740974,45012,314.9280858437749
229,0.08710526315789476,0.5,570.0,7.220723613787193,56052,96.8967030614428
230,0.08710526315789476,0.7000000000000001,30.0,7.6056375838926185,3725,310.81530201342304
231,0.08710526315789476,0.7000000000000001,90.0,13.899613899613895,4144,487.7567567567568
232,0.08710526315789476,0.7000000000000001,150.0,15.73611602405378,5654,598.6805801202682
233,0.08710526315789476,0.7000000000000001,210.0,17.149933774834434,7550,657.428874172185
234,0.08710526315789476,0.7000000000000001,270.0,17.82226322263221,9756,675.1314063140617
235,0.08710526315789476,0.7000000000000001,330.0,17.493934706504934,12283,609.5774647887326
236,0.08710526315789476,0.7000000000000001,390.0,16.40813214739522,15740,527.1885641677261
237,0.08710526315789476,0.7000000000000001,450.0,14.302330420307952,19224,380.3696421140245
238,0.08710526315789476,0.7000000000000001,510.0,11.342281541173518,19855,224.22850667338213
239,0.08710526315789476,0.7000000000000001,570.0,7.07917534817414,9119,85.04518039258687
240,0.08710526315789476,0.9,30.0,4.961618497109821,4325,94.66982658959529
241,0.08710526315789476,0.9,90.0,10.06631158455391,3755,304.0945406125158
242,0.08710526315789476,0.9,150.0,11.847619047619052,4515,375.1477297895908
243,0.08710526315789476,0.9,210.0,12.611080022383893,5361,367.45569856370054
244,0.08710526315789476,0.9,270.0,12.769217773272507,5919,376.08700794052993
245,0.08710526315789476,0.9,330.0,12.71780415430267,6740,358.3955489614239
246,0.08710526315789476,0.9,390.0,11.692966186331857,7009,296.09216721358257
247,0.08710526315789476,0.9,450.0,10.103847356897099,6394,203.1576477948076
248,0.08710526315789476,0.9,510.0,8.64658536585366,4100,143.36121951219468
249,0.08710526315789476,0.9,570.0,6.008287292817685,1086,64.80202578268876
250,0.1086842105263158,0.1,30.0,8.93870897630951,4601,347.25342316887594
251,0.1086842105263158,0.1,90.0,14.783589251439547,4168,611.8838771593106
252,0.1086842105263158,0.1,150.0,16.114872575123602,5258,698.4499809813617
253,0.1086842105263158,0.1,210.0,17.170991658943418,6474,728.7675316651206
254,0.1086842105263158,0.1,270.0,16.7256615077384,8012,676.8771842236642
255,0.1086842105263158,0.1,330.0,17.01747853966284,9669,656.3952838969908
256,0.1086842105263158,0.1,390.0,15.35614561027834,11675,495.36642398286784
257,0.1086842105263158,0.1,450.0,13.3493715783792,12969,352.23486776158484
258,0.1086842105263158,0.1,510.0,10.578604420983167,12124,208.70826459914238
259,0.1086842105263158,0.1,570.0,6.5066117494038656,4613,78.30630825926721
260,0.1086842105263158,0.30000000000000004,30.0,9.162300102075532,2939,297.3997958489275
261,0.1086842105263158,0.30000000000000004,90.0,16.260998030203535,3046,651.7048588312546
262,0.1086842105263158,0.30000000000000004,150.0,18.798800184587012,4334,855.844946931241
263,0.1086842105263158,0.30000000000000004,210.0,19.36802847940329,5899,876.2230886590942
264,0.1086842105263158,0.30000000000000004,270.0,19.186274509803948,8058,813.2522958550494
265,0.1086842105263158,0.30000000000000004,330.0,20.215652833049074,10554,831.4716695091914
266,0.1086842105263158,0.30000000000000004,390.0,18.46315150697858,14831,669.1050502326203
267,0.1086842105263158,0.30000000000000004,450.0,16.04190077135506,21002,481.5771831254174
268,0.1086842105263158,0.30000000000000004,510.0,12.575211603975703,28473,280.71913742844134
269,0.1086842105263158,0.30000000000000004,570.0,6.98759995772712,28387,87.26399408179786
270,0.1086842105263158,0.5,30.0,8.650248756218911,2010,370.78159203980096
271,0.1086842105263158,0.5,90.0,16.829683698296794,2466,816.1808596918079
272,0.1086842105263158,0.5,150.0,19.161478033168432,3437,886.6656968286298
273,0.1086842105263158,0.5,210.0,19.606842737094826,4998,837.6724689875941
274,0.1086842105263158,0.5,270.0,19.84301643192484,6816,856.7658450704218
275,0.1086842105263158,0.5,330.0,20.862825941609124,8974,868.7917316692673
276,0.1086842105263158,0.5,390.0,19.256898042606768,12721,710.7963996541152
277,0.1086842105263158,0.5,450.0,16.743891156462663,18375,520.6439727891154
278,0.1086842105263158,0.5,510.0,13.137085862295592,25867,301.9177716782
279,0.1086842105263158,0.5,570.0,7.444440100093825,25576,96.77357679074113
280,0.1086842105263158,0.7000000000000001,30.0,7.561195251739658,2443,201.52108063855906
281,0.1086842105263158,0.7000000000000001,90.0,14.188631426502548,2762,505.3414192614051
282,0.1086842105263158,0.7000000000000001,150.0,16.62760073742426,3797,658.3268369765601
283,0.1086842105263158,0.7000000000000001,210.0,17.476932540496264,4877,673.4330531064181
284,0.1086842105263158,0.7000000000000001,270.0,18.479364059739854,6227,742.9550345270582
285,0.1086842105263158,0.7000000000000001,330.0,17.662796567390217,7924,634.5267541645633
286,0.1086842105263158,0.7000000000000001,390.0,16.339715752072653,10132,507.3551125148041
287,0.1086842105263158,0.7000000000000001,450.0,14.441606438896184,12176,381.8305683311429
288,0.1086842105263158,0.7000000000000001,510.0,11.39156530089631,12496,230.94694302176686
289,0.1086842105263158,0.7000000000000001,570.0,7.217708333333336,5760,87.94131944444449
290,0.1086842105263158,0.9,30.0,4.444955635885646,3043,70.23726585606306
291,0.1086842105263158,0.9,90.0,9.48723145520877,2467,250.26469396027557
292,0.1086842105263158,0.9,150.0,10.521849042975795,2769,283.72372697724774
293,0.1086842105263158,0.9,210.0,11.561122244488965,2994,336.208416833668
294,0.1086842105263158,0.9,270.0,12.045579687977954,3269,343.88406240440474
295,0.1086842105263158,0.9,330.0,11.719138359569156,3621,310.30626898646784
296,0.1086842105263158,0.9,390.0,10.678896389785754,3407,245.70912826533595
297,0.1086842105263158,0.9,450.0,9.468167428772423,2843,177.7143862117483
298,0.1086842105263158,0.9,510.0,8.019784172661858,1668,125.54736211031165
299,0.1086842105263158,0.9,570.0,6.2609970674486775,341,69.40469208211148
300,0.13026315789473686,0.1,30.0,8.056715487690875,3209,241.49766282330916
301,0.13026315789473686,0.1,90.0,14.949768436052723,2807,693.1806198788745
302,0.13026315789473686,0.1,150.0,17.13999427426281,3493,810.6727741196682
303,0.13026315789473686,0.1,210.0,17.59611035730436,4422,766.4531886024408
304,0.13026315789473686,0.1,270.0,18.053497164461234,5290,799.045557655954
305,0.13026315789473686,0.1,330.0,17.428751775287974,6337,673.7689758560819
306,0.13026315789473686,0.1,390.0,16.15068137572999,7705,549.3384815055155
307,0.13026315789473686,0.1,450.0,14.21503656307128,8752,400.39031078610583
308,0.13026315789473686,0.1,510.0,11.090507212657066,8596,231.26384364820842
309,0.13026315789473686,0.1,570.0,6.916343490304712,3610,85.9662049861495
310,0.13026315789473686,0.30000000000000004,30.0,9.36019810895991,2221,330.25619090499805
311,0.13026315789473686,0.30000000000000004,90.0,16.69677155700858,2447,704.5046996322037
312,0.13026315789473686,0.30000000000000004,150.0,20.137086903304777,3268,1083.110771113831
313,0.13026315789473686,0.30000000000000004,210.0,20.08860475549569,4458,895.4331538806631
314,0.13026315789473686,0.30000000000000004,270.0,19.683023035657968,6338,840.7852634900605
315,0.13026315789473686,0.30000000000000004,330.0,20.161203192142402,8145,831.0739103744626
316,0.13026315789473686,0.30000000000000004,390.0,18.917962607024315,11446,691.7739821771796
317,0.13026315789473686,0.30000000000000004,450.0,16.56296016613177,15891,509.99219684097915
318,0.13026315789473686,0.30000000000000004,510.0,12.988309070548695,22325,304.4934378499437
319,0.13026315789473686,0.30000000000000004,570.0,7.246370173590432,21833,98.16607887143309
320,0.13026315789473686,0.5,30.0,8.76139410187665,1492,315.9517426273455
321,0.13026315789473686,0.5,90.0,15.605892162312415,1799,620.3529738743757
322,0.13026315789473686,0.5,150.0,19.342654424040127,2396,941.6323038397328
323,0.13026315789473686,0.5,210.0,19.858088658606768,3474,866.1298215313748
324,0.13026315789473686,0.5,270.0,20.734902124115006,4802,887.2780091628488
325,0.13026315789473686,0.5,330.0,20.50335570469803,6258,867.75263662512
326,0.13026315789473686,0.5,390.0,19.166142439901126,8902,708.892720736913
327,0.13026315789473686,0.5,450.0,16.710992760256268,12017,511.3161354747437
328,0.13026315789473686,0.5,510.0,12.87384615384615,15925,290.0794976452119
329,0.13026315789473686,0.5,570.0,7.527373257534456,12841,98.08760999922126
330,0.13026315789473686,0.7000000000000001,30.0,7.207281268349965,1703,172.0728126834997
331,0.13026315789473686,0.7000000000000001,90.0,14.965058236272862,1803,529.2368275097058
332,0.13026315789473686,0.7000000000000001,150.0,17.471235194585468,2364,756.0871404399319
333,0.13026315789473686,0.7000000000000001,210.0,18.289899298138526,3277,751.3976197741848
334,0.13026315789473686,0.7000000000000001,270.0,18.372202591283838,4245,719.3234393404005
335,0.13026315789473686,0.7000000000000001,330.0,18.748997900362617,5239,721.7167398358457
336,0.13026315789473686,0.7000000000000001,390.0,16.8104982206405,6744,557.8499406880187
337,0.13026315789473686,0.7000000000000001,450.0,14.467752194377276,7861,385.70703472840546
338,0.13026315789473686,0.7000000000000001,510.0,11.321652065081318,7990,227.04080100125185
339,0.13026315789473686,0.7000000000000001,570.0,7.257555132044637,3673,89.1818676830928
340,0.13026315789473686,0.9,30.0,4.300860897145444,2207,68.15224286361597
341,0.13026315789473686,0.9,90.0,8.700854700854707,1638,204.54578754578748
342,0.13026315789473686,0.9,150.0,10.21328866554998,1791,291.55443886097163
343,0.13026315789473686,0.9,210.0,10.318832891246672,1885,292.8228116710875
344,0.13026315789473686,0.9,270.0,10.875484496124043,2064,299.27955426356596
345,0.13026315789473686,0.9,330.0,11.283365570599607,2068,313.9294003868478
346,0.13026315789473686,0.9,390.0,10.182403433476367,1864,228.8744635193134
347,0.13026315789473686,0.9,450.0,9.096317280453238,1412,174.97167138810218
348,0.13026315789473686,0.9,510.0,7.371266002844948,703,110.30725462304402
349,0.13026315789473686,0.9,570.0,5.5754716981132075,106,50.19811320754718
350,0.1518421052631579,0.1,30.0,8.01668169522093,2218,278.6235347159609
351,0.1518421052631579,0.1,90.0,15.003199999999989,1875,669.6079999999998
352,0.1518421052631579,0.1,150.0,16.621768140116743,2398,745.8185988323602
353,0.1518421052631579,0.1,210.0,18.4708672086721,2952,841.6124661246607
354,0.1518421052631579,0.1,270.0,17.949891657638133,3692,733.370801733478
355,0.1518421052631579,0.1,330.0,17.98224983359217,4507,690.6536498779669
356,0.1518421052631579,0.1,390.0,16.80366207396663,5516,562.8895939086287
357,0.1518421052631579,0.1,450.0,14.549748110831256,6352,404.29408060453403
358,0.1518421052631579,0.1,510.0,11.171131605914216,6831,228.13292343727136
359,0.1518421052631579,0.1,570.0,6.938255887969448,3142,142.45767027371073
360,0.1518421052631579,0.30000000000000004,30.0,9.505545826036197,1713,330.8272037361352
361,0.1518421052631579,0.30000000000000004,90.0,16.672060409924484,1854,674.6278317152104
362,0.1518421052631579,0.30000000000000004,150.0,18.48279816513764,2616,767.0057339449552
363,0.1518421052631579,0.30000000000000004,210.0,20.724913494809673,3468,953.0426758938855
364,0.1518421052631579,0.30000000000000004,270.0,19.88407908428721,4805,867.2139438085339
365,0.1518421052631579,0.30000000000000004,330.0,20.91030380967688,6221,891.8146600225036
366,0.1518421052631579,0.30000000000000004,390.0,18.91763898421412,8742,686.8059940517052
367,0.1518421052631579,0.30000000000000004,450.0,16.731908297299533,12257,521.6141796524437
368,0.1518421052631579,0.30000000000000004,510.0,12.905290153277262,16767,295.5323552215657
369,0.1518421052631579,0.30000000000000004,570.0,7.325128003150842,15234,94.45155573060244
370,0.1518421052631579,0.5,30.0,8.74371859296481,1194,242.87269681742032
371,0.1518421052631579,0.5,90.0,16.345415778251617,1407,618.9012082444921
372,0.1518421052631579,0.5,150.0,18.654535864978907,1896,803.5806962025306
373,0.1518421052631579,0.5,210.0,19.132649322096054,2729,778.9721509710515
374,0.1518421052631579,0.5,270.0,21.252522340732185,3469,977.6301527817812
375,0.1518421052631579,0.5,330.0,20.299719887955177,4641,832.5664727429419
376,0.1518421052631579,0.5,390.0,19.169011857707527,6325,713.7732806324116
377,0.1518421052631579,0.5,450.0,16.20591050490544,8358,489.5466618808333
378,0.1518421052631579,0.5,510.0,12.902429543245876,10290,291.4635568513111
379,0.1518421052631579,0.5,570.0,7.591070256073533,7615,98.48850952068304
380,0.1518421052631579,0.7000000000000001,30.0,7.791332263242365,1246,261.04173354735127
381,0.1518421052631579,0.7000000000000001,90.0,15.051927616050364,1271,586.9921321793875
382,0.1518421052631579,0.7000000000000001,150.0,17.90734055354991,1662,803.1901323706387
383,0.1518421052631579,0.7000000000000001,210.0,17.834673815907063,2238,724.4343163538872
384,0.1518421052631579,0.7000000000000001,270.0,18.47743553008596,2792,700.9366045845254
385,0.1518421052631579,0.7000000000000001,330.0,17.72930025090606,3587,632.4853638137735
386,0.1518421052631579,0.7000000000000001,390.0,16.9176123467999,4406,561.4727644121657
387,0.1518421052631579,0.7000000000000001,450.0,14.485391140433542,5305,387.04863336475046
388,0.1518421052631579,0.7000000000000001,510.0,11.735666982024576,5285,243.64408703878937
389,0.1518421052631579,0.7000000000000001,570.0,7.221026490066229,2416,105.36754966887428
390,0.1518421052631579,0.9,30.0,4.228451296426078,1427,58.69096005606172
391,0.1518421052631579,0.9,90.0,8.704504504504486,1110,230.77657657657656
392,0.1518421052631579,0.9,150.0,10.260297984224334,1141,291.07186678352355
393,0.1518421052631579,0.9,210.0,10.631412786108923,1267,302.0173638516179
394,0.1518421052631579,0.9,270.0,11.34782608695652,1242,353.8051529790659
395,0.1518421052631579,0.9,330.0,9.79812938425564,1283,235.2556508183946
396,0.1518421052631579,0.9,390.0,9.984601449275345,1104,233.59510869565216
397,0.1518421052631579,0.9,450.0,8.546511627906968,774,165.2131782945737
398,0.1518421052631579,0.9,510.0,7.272251308900522,382,116.37696335078533
399,0.1518421052631579,0.9,570.0,6.898305084745759,59,89.20338983050844
400,0.17342105263157898,0.1,30.0,8.740808823529411,1632,385.82046568627504
401,0.17342105263157898,0.1,90.0,16.136496350364965,1370,816.9656934306578
402,0.17342105263157898,0.1,150.0,17.448447893569888,1804,842.3686252771624
403,0.17342105263157898,0.1,210.0,18.803587443946142,2230,847.527354260089
404,0.17342105263157898,0.1,270.0,19.344293272864693,2646,911.8968253968252
405,0.17342105263157898,0.1,330.0,19.67487980769229,3328,828.2361778846165
406,0.17342105263157898,0.1,390.0,17.870307988450406,4156,641.7928296438884
407,0.17342105263157898,0.1,450.0,15.704567731817296,5101,468.2938639482448
408,0.17342105263157898,0.1,510.0,11.67479817479816,5698,240.34977184977168
409,0.17342105263157898,0.1,570.0,7.0649350649350575,2849,84.71393471393462
410,0.17342105263157898,0.30000000000000004,30.0,10.111195734958109,1313,423.81568926123356
411,0.17342105263157898,0.30000000000000004,90.0,18.496890117484508,1447,939.5708362128547
412,0.17342105263157898,0.30000000000000004,150.0,18.749646393210753,2121,866.8363979255065
413,0.17342105263157898,0.30000000000000004,210.0,21.060274938315132,2837,995.7659499471278
414,0.17342105263157898,0.30000000000000004,270.0,20.795637496754125,3851,949.1835886782682
415,0.17342105263157898,0.30000000000000004,330.0,21.155688622754457,4843,941.173446211024
416,0.17342105263157898,0.30000000000000004,390.0,19.45461354104251,6676,749.371330137807
417,0.17342105263157898,0.30000000000000004,450.0,17.164831708084268,9537,550.2731466918317
418,0.17342105263157898,0.30000000000000004,510.0,13.165019305019317,12950,307.04362934362916
419,0.17342105263157898,0.30000000000000004,570.0,7.403971086101192,10929,97.18510385213646
420,0.17342105263157898,0.5,30.0,9.31149012567325,1114,452.0637342908438
421,0.17342105263157898,0.5,90.0,16.304466727438466,1097,697.0118505013676
422,0.17342105263157898,0.5,150.0,18.427445830597506,1523,745.8903479973734
423,0.17342105263157898,0.5,210.0,19.814678899082587,2180,841.0999999999998
424,0.17342105263157898,0.5,270.0,20.094751673124325,2839,865.3240577668186
425,0.17342105263157898,0.5,330.0,20.309641873278245,3630,838.7476584022033
426,0.17342105263157898,0.5,390.0,18.758987748543838,4979,681.1188993773831
427,0.17342105263157898,0.5,450.0,15.808945686900982,6260,462.495207667732
428,0.17342105263157898,0.5,510.0,12.363024054982828,7275,262.54804123711415
429,0.17342105263157898,0.5,570.0,7.625292740046836,4697,99.68533106238026
430,0.17342105263157898,0.7000000000000001,30.0,7.853986551392897,1041,341.7617675312197
431,0.17342105263157898,0.7000000000000001,90.0,14.162551440329212,972,511.518518518518
432,0.17342105263157898,0.7000000000000001,150.0,17.414934565050025,1299,765.687451886066
433,0.17342105263157898,0.7000000000000001,210.0,17.597832630945174,1661,727.5869957856722
434,0.17342105263157898,0.7000000000000001,270.0,18.66715186802521,2061,829.1950509461423
435,0.17342105263157898,0.7000000000000001,330.0,18.229247478665663,2578,694.1578743211775
436,0.17342105263157898,0.7000000000000001,390.0,16.923354077956105,3053,580.5971175892564
437,0.17342105263157898,0.7000000000000001,450.0,14.435720210118866,3617,381.5941387890518
438,0.17342105263157898,0.7000000000000001,510.0,11.609791010592584,3493,236.11766389922698
439,0.17342105263157898,0.7000000000000001,570.0,7.207961972667845,1683,88.64349376114068
440,0.17342105263157898,0.9,30.0,3.8577728776185185,907,55.948180815876476
441,0.17342105263157898,0.9,90.0,7.899513776337114,617,381.2382495948131
442,0.17342105263157898,0.9,150.0,8.797054009819957,611,217.84451718494293
443,0.17342105263157898,0.9,210.0,8.588976377952763,635,191.46141732283485
444,0.17342105263157898,0.9,270.0,9.134281200631914,633,239.83570300157982
445,0.17342105263157898,0.9,330.0,8.379999999999988,550,174.30363636363612
446,0.17342105263157898,0.9,390.0,8.135306553911214,473,165.91966173361521
447,0.17342105263157898,0.9,450.0,8.360000000000001,300,166.49333333333348
448,0.17342105263157898,0.9,510.0,6.190082644628099,121,70.85123966942152
449,0.17342105263157898,0.9,570.0,4.526315789473684,19,31.26315789473684
450,0.195,0.1,30.0,8.157983193277314,1190,242.3966386554618
451,0.195,0.1,90.0,17.446983546617915,1094,883.3025594149912
452,0.195,0.1,150.0,18.60370370370373,1350,822.9207407407413
453,0.195,0.1,210.0,21.4085106382979,1645,1118.0261398176324
454,0.195,0.1,270.0,20.482369534555744,2127,925.5684062059239
455,0.195,0.1,330.0,19.648564778898404,2578,808.66873545384
456,0.195,0.1,390.0,18.043234836702936,3215,646.4233281492986
457,0.195,0.1,450.0,15.640566037735875,4240,450.2235849056603
458,0.195,0.1,510.0,11.965459841864343,4806,253.22555139409045
459,0.195,0.1,570.0,6.847067842085086,2609,80.48447681103889
460,0.195,0.30000000000000004,30.0,10.064305684995352,1073,346.56011183597354
461,0.195,0.30000000000000004,90.0,17.863002461033673,1219,882.3863822805572
462,0.195,0.30000000000000004,150.0,19.74264705882355,1632,953.0526960784325
463,0.195,0.30000000000000004,210.0,21.001677852348994,2384,1006.4907718120794
464,0.195,0.30000000000000004,270.0,21.439725579875883,3061,1007.0490035935976
465,0.195,0.30000000000000004,330.0,20.81774028629855,3912,863.6531186094059
466,0.195,0.30000000000000004,390.0,19.635605511240005,5516,730.2625090645386
467,0.195,0.30000000000000004,450.0,17.130394246137442,7508,540.464704315397
468,0.195,0.30000000000000004,510.0,12.87448164256096,9887,295.57257004146885
469,0.195,0.30000000000000004,570.0,7.298406279733582,8408,93.74583729781153
470,0.195,0.5,30.0,9.1632183908046,870,392.16321839080473
471,0.195,0.5,90.0,15.735620585267387,991,690.4581231079712
472,0.195,0.5,150.0,20.195636363636375,1375,1079.4189090909088
473,0.195,0.5,210.0,19.290412486064643,1794,754.6326644370126
474,0.195,0.5,270.0,19.342684505826504,2317,779.8683642641346
475,0.195,0.5,330.0,20.00752136752133,2925,778.8533333333329
476,0.195,0.5,390.0,18.355875546412943,3889,626.3970172280796
477,0.195,0.5,450.0,15.46883525708292,4765,429.55403987408255
478,0.195,0.5,510.0,12.164880314398,5598,259.2667023937116
479,0.195,0.5,570.0,7.496050552922588,3165,96.06856240126396
480,0.195,0.7000000000000001,30.0,6.007125890736339,842,122.55581947743455
481,0.195,0.7000000000000001,90.0,13.129380053908344,742,454.4501347708898
482,0.195,0.7000000000000001,150.0,15.459601259181515,953,606.2990556138499
483,0.195,0.7000000000000001,210.0,17.179894179894173,1134,670.423280423281
484,0.195,0.7000000000000001,270.0,17.415972222222223,1440,637.8076388888891
485,0.195,0.7000000000000001,330.0,16.64399092970521,1764,557.2380952380961
486,0.195,0.7000000000000001,390.0,16.310440835266792,2155,510.4765661252897
487,0.195,0.7000000000000001,450.0,14.09408825978349,2402,366.18817651956743
488,0.195,0.7000000000000001,510.0,11.572111207645538,2302,239.12033014769784
489,0.195,0.7000000000000001,570.0,7.580454928390906,1187,95.28727885425451
490,0.195,0.9,30.0,3.9396135265700485,414,136.6739130434782
491,0.195,0.9,90.0,6.074380165289255,242,83.29752066115702
492,0.195,0.9,150.0,7.423236514522827,241,160.41908713692953
493,0.195,0.9,210.0,8.991379310344824,232,207.44827586206904
494,0.195,0.9,270.0,7.433884297520654,242,124.19421487603312
495,0.195,0.9,330.0,7.122222222222224,180,110.68888888888891
496,0.195,0.9,390.0,6.1283783783783745,148,74.39864864864867
497,0.195,0.9,450.0,7.0517241379310285,58,102.94827586206884
498,0.195,0.9,510.0,5.1,30,54.50000000000002
499,0.195,0.9,570.0,0.0,0,0.0
500,0.2165789473684211,0.1,30.0,9.802132701421792,844,414.25236966824605
501,0.2165789473684211,0.1,90.0,18.11375000000001,800,997.4012500000001
502,0.2165789473684211,0.1,150.0,19.883466135458203,1004,1051.7320717131502
503,0.2165789473684211,0.1,210.0,20.395295902883166,1318,908.5925644916559
504,0.2165789473684211,0.1,270.0,21.194271481942696,1606,968.8493150684928
505,0.2165789473684211,0.1,330.0,21.42006721075371,2083,950.5396063370135
506,0.2165789473684211,0.1,390.0,19.33502170767006,2764,740.0332850940669
507,0.2165789473684211,0.1,450.0,16.58960022365112,3577,507.0883421861905
508,0.2165789473684211,0.1,510.0,12.585135757017946,4346,283.4502991256333
509,0.2165789473684211,0.1,570.0,7.487672226250901,2758,99.41660623640297
510,0.2165789473684211,0.30000000000000004,30.0,9.86274509803922,918,389.43790849673184
511,0.2165789473684211,0.30000000000000004,90.0,18.147922998986783,987,1003.4245187436674
512,0.2165789473684211,0.30000000000000004,150.0,19.486079759217475,1329,871.2753950338605
513,0.2165789473684211,0.30000000000000004,210.0,20.35376623376627,1925,921.2192207792202
514,0.2165789473684211,0.30000000000000004,270.0,21.438180404354597,2572,1006.3044323483678
515,0.2165789473684211,0.30000000000000004,330.0,21.020554344440963,3211,915.2672064777324
516,0.2165789473684211,0.30000000000000004,390.0,19.77399729607932,4438,761.8095989184312
517,0.2165789473684211,0.30000000000000004,450.0,16.863408939292874,5996,516.9111074049375
518,0.2165789473684211,0.30000000000000004,510.0,13.172475884244363,7775,308.26109324758824
519,0.2165789473684211,0.30000000000000004,570.0,7.477399913904436,6969,99.09829243793949
520,0.2165789473684211,0.5,30.0,8.265582655826565,738,184.76693766937692
521,0.2165789473684211,0.5,90.0,16.326579261025035,839,684.0810488677001
522,0.2165789473684211,0.5,150.0,19.363390441839496,1109,867.7294860234449
523,0.2165789473684211,0.5,210.0,20.062962962962924,1620,941.3728395061711
524,0.2165789473684211,0.5,270.0,20.069664031620558,2024,843.3502964426862
525,0.2165789473684211,0.5,330.0,19.70216172938351,2498,790.4443554843865
526,0.2165789473684211,0.5,390.0,18.60353611027868,3337,666.1018879232824
527,0.2165789473684211,0.5,450.0,15.878952569169993,4048,471.9678853754943
528,0.2165789473684211,0.5,510.0,11.846189483437561,4317,246.05744730136695
529,0.2165789473684211,0.5,570.0,7.539094650205767,2430,98.12016460905339
530,0.2165789473684211,0.7000000000000001,30.0,5.876042908224078,839,168.82717520858185
531,0.2165789473684211,0.7000000000000001,90.0,11.65634218289086,678,409.19321533923295
532,0.2165789473684211,0.7000000000000001,150.0,14.085568326947646,783,516.159642401022
533,0.2165789473684211,0.7000000000000001,210.0,16.023359288097886,899,679.500556173526
534,0.2165789473684211,0.7000000000000001,270.0,16.375000000000007,1080,682.2268518518516
535,0.2165789473684211,0.7000000000000001,330.0,16.990107172300082,1213,617.3924154987632
536,0.2165789473684211,0.7000000000000001,390.0,15.000682593856608,1465,465.9481228668928
537,0.2165789473684211,0.7000000000000001,450.0,14.502021563342316,1484,384.3739892183285
538,0.2165789473684211,0.7000000000000001,510.0,11.362731152204832,1406,229.3243243243244
539,0.2165789473684211,0.7000000000000001,570.0,7.391304347826084,713,90.32538569424965
540,0.2165789473684211,0.9,30.0,0.0,0,0.0
541,0.2165789473684211,0.9,90.0,0.0,0,0.0
542,0.2165789473684211,0.9,150.0,0.0,0,0.0
543,0.2165789473684211,0.9,210.0,0.0,0,0.0
544,0.2165789473684211,0.9,270.0,0.0,0,0.0
545,0.2165789473684211,0.9,330.0,0.0,0,0.0
546,0.2165789473684211,0.9,390.0,0.0,0,0.0
547,0.2165789473684211,0.9,450.0,0.0,0,0.0
548,0.2165789473684211,0.9,510.0,0.0,0,0.0
549,0.2165789473684211,0.9,570.0,0.0,0,0.0
550,0.23815789473684212,0.1,30.0,9.646511627906976,645,308.35348837209307
551,0.23815789473684212,0.1,90.0,16.583739837398376,615,782.551219512196
552,0.23815789473684212,0.1,150.0,19.321811680572157,839,876.4803337306314
553,0.23815789473684212,0.1,210.0,22.105849582172752,1077,1179.0139275766019
554,0.23815789473684212,0.1,270.0,21.618754803996914,1301,1096.567255956959
555,0.23815789473684212,0.1,330.0,20.955747126436755,1740,868.8362068965525
556,0.23815789473684212,0.1,390.0,19.096365173288262,2366,716.7827557058321
557,0.23815789473684212,0.1,450.0,16.358885017421606,3157,494.7104846373138
558,0.23815789473684212,0.1,510.0,12.66129032258065,4092,277.80107526881693
559,0.23815789473684212,0.1,570.0,7.300751879699244,2660,96.40075187969914
560,0.23815789473684212,0.30000000000000004,30.0,10.354758961681075,809,377.78862793572296
561,0.23815789473684212,0.30000000000000004,90.0,17.550655542312278,839,765.6364719904637
562,0.23815789473684212,0.30000000000000004,150.0,19.070902394106838,1086,798.7302025782698
563,0.23815789473684212,0.30000000000000004,210.0,22.217665615142003,1585,1099.7255520504752
564,0.23815789473684212,0.30000000000000004,270.0,20.3452935694315,2146,943.7096924510732
565,0.23815789473684212,0.30000000000000004,330.0,21.394875659382045,2654,903.1326299924633
566,0.23815789473684212,0.30000000000000004,390.0,19.460877042132395,3489,723.2797363141312
567,0.23815789473684212,0.30000000000000004,450.0,16.77304964539005,4935,514.3130699088147
568,0.23815789473684212,0.30000000000000004,510.0,12.979804354686015,6338,299.7201009782266
569,0.23815789473684212,0.30000000000000004,570.0,7.470062918611735,4927,98.38786279683384
570,0.23815789473684212,0.5,30.0,9.306930693069312,707,270.2432814710043
571,0.23815789473684212,0.5,90.0,17.187667560321707,746,725.0268096514747
572,0.23815789473684212,0.5,150.0,17.3070088845015,1013,660.0118460019745
573,0.23815789473684212,0.5,210.0,19.311641359363687,1383,882.7881417208962
574,0.23815789473684212,0.5,270.0,20.431417188389325,1757,861.663062037564
575,0.23815789473684212,0.5,330.0,19.650285212812655,2279,756.4787187362867
576,0.23815789473684212,0.5,390.0,17.826028320971016,2966,601.135536075521
577,0.23815789473684212,0.5,450.0,15.412184249628552,3365,434.9135215453196
578,0.23815789473684212,0.5,510.0,11.883184309201049,3467,254.06316700317274
579,0.23815789473684212,0.5,570.0,7.324000000000004,2000,94.55300000000013
580,0.23815789473684212,0.7000000000000001,30.0,5.76419965576593,581,144.2495697074011
581,0.23815789473684212,0.7000000000000001,90.0,12.105831533477328,463,419.889848812095
582,0.23815789473684212,0.7000000000000001,150.0,14.166666666666666,492,529.4308943089436
583,0.23815789473684212,0.7000000000000001,210.0,14.599009900990106,606,547.1765676567657
584,0.23815789473684212,0.7000000000000001,270.0,16.209497206703908,716,634.8826815642464
585,0.23815789473684212,0.7000000000000001,330.0,16.717054263565913,774,702.5645994832031
586,0.23815789473684212,0.7000000000000001,390.0,15.697788697788683,814,509.2260442260442
587,0.23815789473684212,0.7000000000000001,450.0,13.412679425837323,836,346.2284688995217
588,0.23815789473684212,0.7000000000000001,510.0,11.470074812967594,802,232.7967581047383
589,0.23815789473684212,0.7000000000000001,570.0,7.266666666666659,465,89.07741935483867
590,0.23815789473684212,0.9,30.0,0.0,0,0.0
591,0.23815789473684212,0.9,90.0,0.0,0,0.0
592,0.23815789473684212,0.9,150.0,0.0,0,0.0
593,0.23815789473684212,0.9,210.0,0.0,0,0.0
594,0.23815789473684212,0.9,270.0,0.0,0,0.0
595,0.23815789473684212,0.9,330.0,0.0,0,0.0
596,0.23815789473684212,0.9,390.0,0.0,0,0.0
597,0.23815789473684212,0.9,450.0,0.0,0,0.0
598,0.23815789473684212,0.9,510.0,0.0,0,0.0
599,0.23815789473684212,0.9,570.0,0.0,0,0.0
600,0.25973684210526315,0.1,30.0,11.008403361344536,476,464.2605042016813
601,0.25973684210526315,0.1,90.0,19.86434782608696,575,1093.1130434782613
602,0.25973684210526315,0.1,150.0,21.115919629057192,647,1052.2349304482227
603,0.25973684210526315,0.1,210.0,21.21682847896439,927,987.3635382955775
604,0.25973684210526315,0.1,270.0,23.397238017871675,1231,1188.5751421608434
605,0.25973684210526315,0.1,330.0,22.02086049543675,1534,968.0860495436773
606,0.25973684210526315,0.1,390.0,19.706737760542918,2063,803.310227823558
607,0.25973684210526315,0.1,450.0,16.483606557377083,2806,498.24839629365675
608,0.25973684210526315,0.1,510.0,12.770866141732284,3810,293.2296587926509
609,0.25973684210526315,0.1,570.0,7.297835195530725,2864,95.77060055865937
610,0.25973684210526315,0.30000000000000004,30.0,9.647226173541979,703,332.9302987197725
611,0.25973684210526315,0.30000000000000004,90.0,17.35538261997406,771,714.4889753566789
612,0.25973684210526315,0.30000000000000004,150.0,21.108446298227317,959,1049.7924921793542
613,0.25973684210526315,0.30000000000000004,210.0,20.900698215671042,1289,952.9829325058192
614,0.25973684210526315,0.30000000000000004,270.0,21.0289443813848,1762,939.540862656073
615,0.25973684210526315,0.30000000000000004,330.0,20.798273512040023,2201,875.5879145842782
616,0.25973684210526315,0.30000000000000004,390.0,19.956354300385154,3116,806.1405648267008
617,0.25973684210526315,0.30000000000000004,450.0,17.153313550939696,4044,542.810583580613
618,0.25973684210526315,0.30000000000000004,510.0,12.928767660910541,5096,301.0402276295124
619,0.25973684210526315,0.30000000000000004,570.0,6.37244124336618,5276,78.43460955269136
620,0.25973684210526315,0.5,30.0,9.321144674085838,629,333.5341812400633
621,0.25973684210526315,0.5,90.0,17.026162790697686,688,680.505813953488
622,0.25973684210526315,0.5,150.0,18.931596091205222,921,781.3268186753531
623,0.25973684210526315,0.5,210.0,20.103653355989827,1177,954.1359388275307
624,0.25973684210526315,0.5,270.0,20.25953721075675,1599,920.4146341463414
625,0.25973684210526315,0.5,330.0,19.60072501294665,1931,753.3894355256334
626,0.25973684210526315,0.5,390.0,18.49280418665506,2293,651.0056694286969
627,0.25973684210526315,0.5,450.0,15.415542938254054,2818,448.7448545067418
628,0.25973684210526315,0.5,510.0,11.98498293515359,2930,254.20819112627962
629,0.25973684210526315,0.5,570.0,7.357454772301951,1603,91.27510917030581
630,0.25973684210526315,0.7000000000000001,30.0,6.515873015873018,378,171.25132275132273
631,0.25973684210526315,0.7000000000000001,90.0,11.182156133829013,269,305.79182156133845
632,0.25973684210526315,0.7000000000000001,150.0,13.300595238095228,336,447.99702380952334
633,0.25973684210526315,0.7000000000000001,210.0,14.17250673854447,371,491.26145552560644
634,0.25973684210526315,0.7000000000000001,270.0,16.781321184510265,439,626.2391799544422
635,0.25973684210526315,0.7000000000000001,330.0,15.729257641921404,458,572.8078602620094
636,0.25973684210526315,0.7000000000000001,390.0,14.703271028037385,428,441.913551401869
637,0.25973684210526315,0.7000000000000001,450.0,14.05829596412556,446,327.3273542600898
638,0.25973684210526315,0.7000000000000001,510.0,10.737430167597774,358,218.01675977653642
639,0.25973684210526315,0.7000000000000001,570.0,7.510204081632655,196,95.00000000000001
640,0.25973684210526315,0.9,30.0,0.0,0,0.0
641,0.25973684210526315,0.9,90.0,0.0,0,0.0
642,0.25973684210526315,0.9,150.0,0.0,0,0.0
643,0.25973684210526315,0.9,210.0,0.0,0,0.0
644,0.25973684210526315,0.9,270.0,0.0,0,0.0
645,0.25973684210526315,0.9,330.0,0.0,0,0.0
646,0.25973684210526315,0.9,390.0,0.0,0,0.0
647,0.25973684210526315,0.9,450.0,0.0,0,0.0
648,0.25973684210526315,0.9,510.0,0.0,0,0.0
649,0.25973684210526315,0.9,570.0,0.0,0,0.0
650,0.28131578947368424,0.1,30.0,9.817391304347824,460,362.93043478260853
651,0.28131578947368424,0.1,90.0,18.580712788259966,477,821.4402515723273
652,0.28131578947368424,0.1,150.0,21.89430894308943,615,1236.6162601626033
653,0.28131578947368424,0.1,210.0,22.023661270236662,803,1030.820672478205
654,0.28131578947368424,0.1,270.0,21.027358490566016,1060,958.8443396226412
655,0.28131578947368424,0.1,330.0,21.803406671398186,1409,1008.812633073103
656,0.28131578947368424,0.1,390.0,20.917671735710556,1907,852.2401678028306
657,0.28131578947368424,0.1,450.0,17.439227565316155,2641,584.5850056796664
658,0.28131578947368424,0.1,510.0,13.160902255639112,3325,314.4667669172931
659,0.28131578947368424,0.1,570.0,7.375183016105411,2732,96.72803806734989
660,0.28131578947368424,0.30000000000000004,30.0,9.874769797421738,543,287.43646408839794
661,0.28131578947368424,0.30000000000000004,90.0,17.169877408056056,571,766.0770577933447
662,0.28131578947368424,0.30000000000000004,150.0,20.451533742331282,815,1013.327607361962
663,0.28131578947368424,0.30000000000000004,210.0,21.783582089552198,1072,1026.3936567164178
664,0.28131578947368424,0.30000000000000004,270.0,21.510682288077234,1451,988.1185389386626
665,0.28131578947368424,0.30000000000000004,330.0,21.73233404710921,1868,970.041755888651
666,0.28131578947368424,0.30000000000000004,390.0,20.314620355411943,2476,799.1401453958011
667,0.28131578947368424,0.30000000000000004,450.0,16.708908406524507,3188,502.64178168130513
668,0.28131578947368424,0.30000000000000004,510.0,13.032189412077672,3759,302.31391327480753
669,0.28131578947368424,0.30000000000000004,570.0,7.477128547579308,2995,102.44874791318865
670,0.28131578947368424,0.5,30.0,10.210909090909096,550,387.56727272727295
671,0.28131578947368424,0.5,90.0,16.509401709401697,585,728.9128205128198
672,0.28131578947368424,0.5,150.0,18.475222363405326,787,755.659466327827
673,0.28131578947368424,0.5,210.0,19.117216117216135,1092,759.683150183151
674,0.28131578947368424,0.5,270.0,19.833868378812205,1246,819.5449438202245
675,0.28131578947368424,0.5,330.0,17.821648216482153,1626,621.5645756457562
676,0.28131578947368424,0.5,390.0,17.828125000000014,1984,613.2162298387095
677,0.28131578947368424,0.5,450.0,15.215868794326235,2256,420.95789007092094
678,0.28131578947368424,0.5,510.0,11.76108480413258,2323,246.77356866121366
679,0.28131578947368424,0.5,570.0,7.210666666666666,1125,87.74933333333347
680,0.28131578947368424,0.7000000000000001,30.0,4.337704918032782,305,62.29836065573771
681,0.28131578947368424,0.7000000000000001,90.0,9.600000000000001,215,236.0093023255815
682,0.28131578947368424,0.7000000000000001,150.0,10.77826086956522,230,295.3000000000001
683,0.28131578947368424,0.7000000000000001,210.0,15.778225806451614,248,661.4556451612906
684,0.28131578947368424,0.7000000000000001,270.0,14.157534246575345,292,811.1095890410952
685,0.28131578947368424,0.7000000000000001,330.0,13.733333333333341,285,438.1543859649128
686,0.28131578947368424,0.7000000000000001,390.0,14.992452830188688,265,497.732075471698
687,0.28131578947368424,0.7000000000000001,450.0,13.497925311203321,241,404.8174273858924
688,0.28131578947368424,0.7000000000000001,510.0,9.570621468926552,177,160.58757062146918
689,0.28131578947368424,0.7000000000000001,570.0,7.542553191489359,94,91.77659574468088
690,0.28131578947368424,0.9,30.0,0.0,0,0.0
691,0.28131578947368424,0.9,90.0,0.0,0,0.0
692,0.28131578947368424,0.9,150.0,0.0,0,0.0
693,0.28131578947368424,0.9,210.0,0.0,0,0.0
694,0.28131578947368424,0.9,270.0,0.0,0,0.0
695,0.28131578947368424,0.9,330.0,0.0,0,0.0
696,0.28131578947368424,0.9,390.0,0.0,0,0.0
697,0.28131578947368424,0.9,450.0,0.0,0,0.0
698,0.28131578947368424,0.9,510.0,0.0,0,0.0
699,0.28131578947368424,0.9,570.0,0.0,0,0.0
700,0.3028947368421053,0.1,30.0,9.39169675090252,554,321.4602888086645
701,0.3028947368421053,0.1,90.0,18.33333333333336,498,877.8072289156635
702,0.3028947368421053,0.1,150.0,18.71577380952382,672,914.6830357142861
703,0.3028947368421053,0.1,210.0,21.70433789954337,876,965.0833333333329
704,0.3028947368421053,0.1,270.0,21.579136690647502,1112,1069.5503597122324
705,0.3028947368421053,0.1,330.0,21.56921944035349,1358,943.5044182621506
706,0.3028947368421053,0.1,390.0,18.90000000000001,1840,683.7043478260879
707,0.3028947368421053,0.1,450.0,16.916205869842596,2351,516.1173968524027
708,0.3028947368421053,0.1,510.0,13.222325293753876,3234,318.3911564625851
709,0.3028947368421053,0.1,570.0,7.203025477707012,2512,92.59315286624206
710,0.3028947368421053,0.30000000000000004,30.0,12.618421052631588,304,883.1250000000005
711,0.3028947368421053,0.30000000000000004,90.0,19.502487562189085,402,904.4577114427868
712,0.3028947368421053,0.30000000000000004,150.0,23.15116279069768,516,1216.775193798453
713,0.3028947368421053,0.30000000000000004,210.0,23.196721311475414,732,1129.346994535519
714,0.3028947368421053,0.30000000000000004,270.0,21.168307086614202,1016,907.6683070866146
715,0.3028947368421053,0.30000000000000004,330.0,23.241379310344843,1276,1038.1677115987493
716,0.3028947368421053,0.30000000000000004,390.0,19.87732558139534,1720,738.700581395348
717,0.3028947368421053,0.30000000000000004,450.0,17.34137931034487,2320,562.8224137931041
718,0.3028947368421053,0.30000000000000004,510.0,12.719629497684359,2807,286.6961168507297
719,0.3028947368421053,0.30000000000000004,570.0,7.269892473118288,1860,92.19354838709683
720,0.3028947368421053,0.5,30.0,8.393213572854302,501,227.6067864271458
721,0.3028947368421053,0.5,90.0,14.865234375000002,512,598.7871093749995
722,0.3028947368421053,0.5,150.0,18.945371775417296,659,803.4582701062213
723,0.3028947368421053,0.5,210.0,19.40691192865106,897,932.3723522853949
724,0.3028947368421053,0.5,270.0,19.879888268156424,1074,881.3417132216015
725,0.3028947368421053,0.5,330.0,19.646118721461203,1314,768.6689497716912
726,0.3028947368421053,0.5,390.0,17.680302076777842,1589,580.6242920075512
727,0.3028947368421053,0.5,450.0,15.256666666666659,1800,437.6499999999994
728,0.3028947368421053,0.5,510.0,11.248075784487844,1689,232.2652457075187
729,0.3028947368421053,0.5,570.0,7.304395604395609,910,93.43406593406603
730,0.3028947368421053,0.7000000000000001,30.0,3.7603305785123995,242,39.438016528925644
731,0.3028947368421053,0.7000000000000001,90.0,9.327956989247323,186,314.8010752688175
732,0.3028947368421053,0.7000000000000001,150.0,12.404624277456655,173,453.16763005780336
733,0.3028947368421053,0.7000000000000001,210.0,14.454545454545453,165,443.27878787878785
734,0.3028947368421053,0.7000000000000001,270.0,12.837563451776644,197,447.47715736040607
735,0.3028947368421053,0.7000000000000001,330.0,11.383647798742139,159,276.65408805031456
736,0.3028947368421053,0.7000000000000001,390.0,13.291925465838506,161,328.67080745341616
737,0.3028947368421053,0.7000000000000001,450.0,11.648484848484838,165,295.4666666666668
738,0.3028947368421053,0.7000000000000001,510.0,11.530434782608701,115,295.58260869565237
739,0.3028947368421053,0.7000000000000001,570.0,7.567164179104473,67,105.955223880597
740,0.3028947368421053,0.9,30.0,0.0,0,0.0
741,0.3028947368421053,0.9,90.0,0.0,0,0.0
742,0.3028947368421053,0.9,150.0,0.0,0,0.0
743,0.3028947368421053,0.9,210.0,0.0,0,0.0
744,0.3028947368421053,0.9,270.0,0.0,0,0.0
745,0.3028947368421053,0.9,330.0,0.0,0,0.0
746,0.3028947368421053,0.9,390.0,0.0,0,0.0
747,0.3028947368421053,0.9,450.0,0.0,0,0.0
748,0.3028947368421053,0.9,510.0,0.0,0,0.0
749,0.3028947368421053,0.9,570.0,0.0,0,0.0
750,0.32447368421052636,0.1,30.0,9.161793372319694,513,255.0409356725149
751,0.32447368421052636,0.1,90.0,17.21822033898304,472,779.7944915254245
752,0.32447368421052636,0.1,150.0,20.736214605067104,671,1114.7988077496288
753,0.32447368421052636,0.1,210.0,19.112676056338007,781,750.4058898847647
754,0.32447368421052636,0.1,270.0,19.326996197718703,1052,868.6026615969565
755,0.32447368421052636,0.1,330.0,20.51742031134179,1349,797.7494440326169
756,0.32447368421052636,0.1,390.0,18.94388059701491,1675,721.4740298507471
757,0.32447368421052636,0.1,450.0,16.625236294896027,2116,527.460775047259
758,0.32447368421052636,0.1,510.0,13.36270413976452,2633,323.2388909988607
759,0.32447368421052636,0.1,570.0,7.524147727272729,2112,101.22964015151514
760,0.32447368421052636,0.30000000000000004,30.0,12.226519337016578,181,409.6077348066296
761,0.32447368421052636,0.30000000000000004,90.0,18.644067796610152,236,720.2203389830515
762,0.32447368421052636,0.30000000000000004,150.0,24.247222222222206,360,1216.4638888888874
763,0.32447368421052636,0.30000000000000004,210.0,23.51851851851853,486,1097.6913580246937
764,0.32447368421052636,0.30000000000000004,270.0,23.998635743519777,733,1225.6848567530683
765,0.32447368421052636,0.30000000000000004,330.0,22.99293642785065,991,972.3208879919273
766,0.32447368421052636,0.30000000000000004,390.0,20.190985485103127,1309,767.8120702826583
767,0.32447368421052636,0.30000000000000004,450.0,18.457636887608047,1735,760.8541786743518
768,0.32447368421052636,0.30000000000000004,510.0,14.628530397319262,2089,441.51986596457635
769,0.32447368421052636,0.30000000000000004,570.0,8.860795454545471,1408,145.14346590909113
770,0.32447368421052636,0.5,30.0,8.204819277108435,415,238.1951807228914
771,0.32447368421052636,0.5,90.0,15.85503685503685,407,668.0073710073713
772,0.32447368421052636,0.5,150.0,18.292035398230095,565,817.4106194690261
773,0.32447368421052636,0.5,210.0,19.34744525547445,685,848.929927007299
774,0.32447368421052636,0.5,270.0,19.233142857142848,875,845.9097142857145
775,0.32447368421052636,0.5,330.0,18.142714570858306,1002,684.5938123752491
776,0.32447368421052636,0.5,390.0,17.144638403990026,1203,565.8428927680794
777,0.32447368421052636,0.5,450.0,15.172546012269933,1304,432.53144171779184
778,0.32447368421052636,0.5,510.0,11.924860111910473,1251,247.8305355715425
779,0.32447368421052636,0.5,570.0,7.018456375838925,596,87.61912751677859
780,0.32447368421052636,0.7000000000000001,30.0,4.694117647058825,170,86.0235294117647
781,0.32447368421052636,0.7000000000000001,90.0,10.955357142857144,112,272.56249999999994
782,0.32447368421052636,0.7000000000000001,150.0,11.745762711864407,118,373.25423728813564
783,0.32447368421052636,0.7000000000000001,210.0,10.818181818181829,121,320.9504132231404
784,0.32447368421052636,0.7000000000000001,270.0,16.37984496124033,129,738.255813953488
785,0.32447368421052636,0.7000000000000001,330.0,12.168674698795176,166,413.1084337349398
786,0.32447368421052636,0.7000000000000001,390.0,12.456521739130439,138,323.7608695652174
787,0.32447368421052636,0.7000000000000001,450.0,12.307692307692308,130,347.8461538461538
788,0.32447368421052636,0.7000000000000001,510.0,7.875,80,109.50000000000001
789,0.32447368421052636,0.7000000000000001,570.0,6.828571428571428,35,99.28571428571428
790,0.32447368421052636,0.9,30.0,0.0,0,0.0
791,0.32447368421052636,0.9,90.0,0.0,0,0.0
792,0.32447368421052636,0.9,150.0,0.0,0,0.0
793,0.32447368421052636,0.9,210.0,0.0,0,0.0
794,0.32447368421052636,0.9,270.0,0.0,0,0.0
795,0.32447368421052636,0.9,330.0,0.0,0,0.0
796,0.32447368421052636,0.9,390.0,0.0,0,0.0
797,0.32447368421052636,0.9,450.0,0.0,0,0.0
798,0.32447368421052636,0.9,510.0,0.0,0,0.0
799,0.32447368421052636,0.9,570.0,0.0,0,0.0
800,0.3460526315789474,0.1,30.0,9.103982300884955,452,283.3827433628313
801,0.3460526315789474,0.1,90.0,17.408866995073865,406,723.6009852216753
802,0.3460526315789474,0.1,150.0,18.854779411764696,544,850.6121323529404
803,0.3460526315789474,0.1,210.0,21.476331360946727,676,1109.7988165680486
804,0.3460526315789474,0.1,270.0,20.499999999999993,872,922.9908256880724
805,0.3460526315789474,0.1,330.0,19.411582213029998,967,773.6287487073422
806,0.3460526315789474,0.1,390.0,20.365339578454357,1281,783.2802498048385
807,0.3460526315789474,0.1,450.0,18.011823273179857,1607,591.2750466708139
808,0.3460526315789474,0.1,510.0,13.529970029970046,2002,341.465034965035
809,0.3460526315789474,0.1,570.0,7.262607626076263,1626,93.63407134071336
810,0.3460526315789474,0.30000000000000004,30.0,12.318471337579615,157,443.0955414012739
811,0.3460526315789474,0.30000000000000004,90.0,20.26732673267326,202,1055.4554455445552
812,0.3460526315789474,0.30000000000000004,150.0,24.077490774907773,271,1090.6900369003706
813,0.3460526315789474,0.30000000000000004,210.0,23.77163461538461,416,1191.1418269230787
814,0.3460526315789474,0.30000000000000004,270.0,24.4706896551724,580,1195.1948275862057
815,0.3460526315789474,0.30000000000000004,330.0,22.888174807197935,778,1041.217223650385
816,0.3460526315789474,0.30000000000000004,390.0,19.777260018639286,1073,727.4976700838772
817,0.3460526315789474,0.30000000000000004,450.0,16.73804100227792,1317,519.3667425968115
818,0.3460526315789474,0.30000000000000004,510.0,12.14074074074074,1485,266.591919191919
819,0.3460526315789474,0.30000000000000004,570.0,7.348467650397273,881,98.15664018161176
820,0.3460526315789474,0.5,30.0,7.638728323699421,346,211.76011560693655
821,0.3460526315789474,0.5,90.0,17.029850746268636,335,693.3820895522388
822,0.3460526315789474,0.5,150.0,17.595387840670863,477,715.2851153039842
823,0.3460526315789474,0.5,210.0,19.322701688555334,533,829.3714821763595
824,0.3460526315789474,0.5,270.0,18.05688622754491,668,683.0598802395216
825,0.3460526315789474,0.5,330.0,18.83892617449669,745,684.589261744967
826,0.3460526315789474,0.5,390.0,18.13104189044038,931,670.1203007518792
827,0.3460526315789474,0.5,450.0,15.13807982740021,927,429.187702265372
828,0.3460526315789474,0.5,510.0,11.08423586040915,831,214.16245487364637
829,0.3460526315789474,0.5,570.0,7.463999999999996,375,94.04533333333325
830,0.3460526315789474,0.7000000000000001,30.0,5.267241379310347,116,116.37068965517246
831,0.3460526315789474,0.7000000000000001,90.0,12.869158878504676,107,487.09345794392505
832,0.3460526315789474,0.7000000000000001,150.0,14.792682926829261,82,617.451219512195
833,0.3460526315789474,0.7000000000000001,210.0,8.663043478260871,92,213.61956521739128
834,0.3460526315789474,0.7000000000000001,270.0,15.163043478260864,92,672.9021739130435
835,0.3460526315789474,0.7000000000000001,330.0,11.223300970873785,103,286.3300970873784
836,0.3460526315789474,0.7000000000000001,390.0,11.943820224719106,89,264.3483146067415
837,0.3460526315789474,0.7000000000000001,450.0,12.105882352941174,85,323.18823529411765
838,0.3460526315789474,0.7000000000000001,510.0,8.169491525423727,59,121.62711864406775
839,0.3460526315789474,0.7000000000000001,570.0,5.611111111111112,18,60.83333333333333
840,0.3460526315789474,0.9,30.0,0.0,0,0.0
841,0.3460526315789474,0.9,90.0,0.0,0,0.0
842,0.3460526315789474,0.9,150.0,0.0,0,0.0
843,0.3460526315789474,0.9,210.0,0.0,0,0.0
844,0.3460526315789474,0.9,270.0,0.0,0,0.0
845,0.3460526315789474,0.9,330.0,0.0,0,0.0
846,0.3460526315789474,0.9,390.0,0.0,0,0.0
847,0.3460526315789474,0.9,450.0,0.0,0,0.0
848,0.3460526315789474,0.9,510.0,0.0,0,0.0
849,0.3460526315789474,0.9,570.0,0.0,0,0.0
850,0.3676315789473684,0.1,30.0,8.534682080924854,346,215.2456647398848
851,0.3676315789473684,0.1,90.0,19.220858895705522,326,1014.2699386503072
852,0.3676315789473684,0.1,150.0,19.854679802955662,406,935.0270935960596
853,0.3676315789473684,0.1,210.0,18.29300567107752,529,734.5803402646499
854,0.3676315789473684,0.1,270.0,21.41149773071105,661,1105.3267776096825
855,0.3676315789473684,0.1,330.0,20.43109540636046,849,787.6466431095402
856,0.3676315789473684,0.1,390.0,18.192746113989624,965,640.1823834196894
857,0.3676315789473684,0.1,450.0,16.511528608027316,1171,525.4013663535436
858,0.3676315789473684,0.1,510.0,13.244734931009427,1377,316.4778503994185
859,0.3676315789473684,0.1,570.0,7.165929203539826,904,92.58628318584077
860,0.3676315789473684,0.30000000000000004,30.0,12.588652482269493,141,573.9929078014183
861,0.3676315789473684,0.30000000000000004,90.0,19.649122807017537,171,886.7602339181292
862,0.3676315789473684,0.30000000000000004,150.0,25.78030303030303,264,1475.166666666667
863,0.3676315789473684,0.30000000000000004,210.0,22.662337662337656,385,1165.7428571428557
864,0.3676315789473684,0.30000000000000004,270.0,23.059171597633167,507,1044.349112426034
865,0.3676315789473684,0.30000000000000004,330.0,21.083072100313487,638,797.9796238244513
866,0.3676315789473684,0.30000000000000004,390.0,19.928725701943844,926,766.4103671706263
867,0.3676315789473684,0.30000000000000004,450.0,16.306255835667564,1071,466.1587301587304
868,0.3676315789473684,0.30000000000000004,510.0,12.615187713310574,1172,268.16467576791774
869,0.3676315789473684,0.30000000000000004,570.0,8.163900414937759,482,115.79460580912873
870,0.3676315789473684,0.5,30.0,7.651851851851861,270,175.62222222222226
871,0.3676315789473684,0.5,90.0,16.43410852713178,258,619.0387596899225
872,0.3676315789473684,0.5,150.0,19.28877005347593,374,957.2673796791457
873,0.3676315789473684,0.5,210.0,20.365546218487378,476,1031.894957983194
874,0.3676315789473684,0.5,270.0,19.610778443113787,501,808.8682634730538
875,0.3676315789473684,0.5,330.0,18.040716612377846,614,681.0211726384367
876,0.3676315789473684,0.5,390.0,15.932551319648113,682,491.36070381231684
877,0.3676315789473684,0.5,450.0,14.352773826458032,703,387.6358463726883
878,0.3676315789473684,0.5,510.0,10.852233676975938,582,210.26804123711327
879,0.3676315789473684,0.5,570.0,6.5124378109452685,201,65.48756218905474
880,0.3676315789473684,0.7000000000000001,30.0,2.975000000000001,80,19.824999999999996
881,0.3676315789473684,0.7000000000000001,90.0,13.399999999999999,45,751.7555555555555
882,0.3676315789473684,0.7000000000000001,150.0,12.442622950819668,61,340.9999999999999
883,0.3676315789473684,0.7000000000000001,210.0,13.326923076923082,52,502.9038461538459
884,0.3676315789473684,0.7000000000000001,270.0,14.299999999999995,60,463.0999999999999
885,0.3676315789473684,0.7000000000000001,330.0,16.06779661016949,59,655.4915254237286
886,0.3676315789473684,0.7000000000000001,390.0,11.63157894736842,57,269.77192982456125
887,0.3676315789473684,0.7000000000000001,450.0,6.795918367346935,49,85.65306122448976
888,0.3676315789473684,0.7000000000000001,510.0,8.730769230769232,26,133.1153846153846
889,0.3676315789473684,0.7000000000000001,570.0,5.090909090909091,11,50.36363636363637
890,0.3676315789473684,0.9,30.0,0.0,0,0.0
891,0.3676315789473684,0.9,90.0,0.0,0,0.0
892,0.3676315789473684,0.9,150.0,0.0,0,0.0
893,0.3676315789473684,0.9,210.0,0.0,0,0.0
894,0.3676315789473684,0.9,270.0,0.0,0,0.0
895,0.3676315789473684,0.9,330.0,0.0,0,0.0
896,0.3676315789473684,0.9,390.0,0.0,0,0.0
897,0.3676315789473684,0.9,450.0,0.0,0,0.0
898,0.3676315789473684,0.9,510.0,0.0,0,0.0
899,0.3676315789473684,0.9,570.0,0.0,0,0.0
900,0.3892105263157895,0.1,30.0,7.776515151515145,264,186.4204545454546
901,0.3892105263157895,0.1,90.0,18.108474576271185,295,948.5355932203396
902,0.3892105263157895,0.1,150.0,21.86601307189543,306,1183.1862745098058
903,0.3892105263157895,0.1,210.0,19.91999999999999,450,796.3199999999991
904,0.3892105263157895,0.1,270.0,20.36909090909093,550,1026.5909090909092
905,0.3892105263157895,0.1,330.0,21.242424242424217,594,967.0909090909074
906,0.3892105263157895,0.1,390.0,19.000000000000007,749,719.2403204272357
907,0.3892105263157895,0.1,450.0,16.41549295774645,852,514.0774647887321
908,0.3892105263157895,0.1,510.0,13.438743455497377,955,328.23664921465996
909,0.3892105263157895,0.1,570.0,7.906389301634479,673,109.404160475483
910,0.3892105263157895,0.30000000000000004,30.0,14.176991150442477,113,718.1769911504425
911,0.3892105263157895,0.30000000000000004,90.0,20.53658536585365,164,779.439024390244
912,0.3892105263157895,0.30000000000000004,150.0,25.433333333333344,240,1432.225000000001
913,0.3892105263157895,0.30000000000000004,210.0,22.523560209424083,382,1001.5706806282727
914,0.3892105263157895,0.30000000000000004,270.0,19.984126984127005,441,798.5600907029481
915,0.3892105263157895,0.30000000000000004,330.0,22.103225806451626,620,960.4612903225806
916,0.3892105263157895,0.30000000000000004,390.0,19.312247644683705,743,708.9111709286688
917,0.3892105263157895,0.30000000000000004,450.0,15.967045454545493,880,455.2079545454546
918,0.3892105263157895,0.30000000000000004,510.0,11.999999999999991,907,260.0926130099229
919,0.3892105263157895,0.30000000000000004,570.0,7.031578947368425,380,85.02631578947367
920,0.3892105263157895,0.5,30.0,8.232558139534879,215,252.09302325581422
921,0.3892105263157895,0.5,90.0,15.391304347826086,230,600.4521739130435
922,0.3892105263157895,0.5,150.0,20.807692307692328,260,1403.2923076923073
923,0.3892105263157895,0.5,210.0,19.628048780487806,328,813.4573170731707
924,0.3892105263157895,0.5,270.0,19.931472081218292,394,898.8096446700507
925,0.3892105263157895,0.5,330.0,18.901345291479824,446,795.7130044843054
926,0.3892105263157895,0.5,390.0,15.843495934959353,492,475.25406504065086
927,0.3892105263157895,0.5,450.0,13.206185567010294,485,317.6103092783505
928,0.3892105263157895,0.5,510.0,11.029333333333343,375,214.93333333333345
929,0.3892105263157895,0.5,570.0,7.3012048192771095,166,94.40963855421691
930,0.3892105263157895,0.7000000000000001,30.0,4.982142857142854,56,88.58928571428571
931,0.3892105263157895,0.7000000000000001,90.0,8.45454545454545,33,168.93939393939397
932,0.3892105263157895,0.7000000000000001,150.0,11.357142857142856,28,291.3571428571428
933,0.3892105263157895,0.7000000000000001,210.0,6.32258064516129,31,70.77419354838713
934,0.3892105263157895,0.7000000000000001,270.0,13.785714285714286,28,500.1428571428572
935,0.3892105263157895,0.7000000000000001,330.0,6.842105263157894,19,87.47368421052632
936,0.3892105263157895,0.7000000000000001,390.0,6.333333333333332,3,69.66666666666666
937,0.3892105263157895,0.7000000000000001,450.0,12.875,8,334.62500000000006
938,0.3892105263157895,0.7000000000000001,510.0,4.800000000000001,5,33.2
939,0.3892105263157895,0.7000000000000001,570.0,10.0,1,100.0
940,0.3892105263157895,0.9,30.0,0.0,0,0.0
941,0.3892105263157895,0.9,90.0,0.0,0,0.0
942,0.3892105263157895,0.9,150.0,0.0,0,0.0
943,0.3892105263157895,0.9,210.0,0.0,0,0.0
944,0.3892105263157895,0.9,270.0,0.0,0,0.0
945,0.3892105263157895,0.9,330.0,0.0,0,0.0
946,0.3892105263157895,0.9,390.0,0.0,0,0.0
947,0.3892105263157895,0.9,450.0,0.0,0,0.0
948,0.3892105263157895,0.9,510.0,0.0,0,0.0
949,0.3892105263157895,0.9,570.0,0.0,0,0.0
950,0.7,0.1,30.0,10.946312092323135,1993,466.9874560963366
951,0.7,0.1,90.0,18.376252505009994,1996,854.5826653306599
952,0.7,0.1,150.0,19.896396396396398,2442,967.2608517608528
953,0.7,0.1,210.0,20.913690476190443,3024,1006.8468915343924
954,0.7,0.1,270.0,20.939223560910314,3735,1007.2690763052213
955,0.7,0.1,330.0,19.403553299492355,4334,770.1031379787711
956,0.7,0.1,390.0,17.097424179476533,4814,594.8718321562112
957,0.7,0.1,450.0,15.032210526315797,4750,442.05157894736874
958,0.7,0.1,510.0,12.13078314810029,3869,271.4060480744381
959,0.7,0.1,570.0,7.72474057891863,1831,103.39486619333694
960,0.7,0.30000000000000004,30.0,11.210332103321035,1084,400.42066420664287
961,0.7,0.30000000000000004,90.0,19.06810631229235,1204,863.0963455149518
962,0.7,0.30000000000000004,150.0,21.270516717325247,1645,1073.2291793313052
963,0.7,0.30000000000000004,210.0,21.04718277599628,2183,996.2904260192379
964,0.7,0.30000000000000004,270.0,20.564476021314388,2815,894.5047957371231
965,0.7,0.30000000000000004,330.0,19.545081967213054,3416,753.6774004683822
966,0.7,0.30000000000000004,390.0,17.219470745326515,4119,576.714008254431
967,0.7,0.30000000000000004,450.0,15.002055263758836,4379,413.76341630509296
968,0.7,0.30000000000000004,510.0,11.151035986913842,3668,227.25572519083966
969,0.7,0.30000000000000004,570.0,7.277589134125632,1178,91.88539898132409
970,0.7,0.5,30.0,5.236125126135211,1982,103.61856710393538
971,0.7,0.5,90.0,10.388405797101456,1380,286.73768115942096
972,0.7,0.5,150.0,12.99120879120878,1365,436.9780219780216
973,0.7,0.5,210.0,13.267808219178088,1460,447.0431506849316
974,0.7,0.5,270.0,13.74695707879564,1561,458.1505445227421
975,0.7,0.5,330.0,14.160000000000004,1575,481.41079365079383
976,0.7,0.5,390.0,12.621975147154993,1529,365.8096795291034
977,0.7,0.5,450.0,12.129541864139037,1266,313.3680884676145
978,0.7,0.5,510.0,10.257521058965093,831,214.40914560770133
979,0.7,0.5,570.0,7.232067510548518,237,92.30379746835446
980,0.7,0.7000000000000001,30.0,0.0,0,0.0
981,0.7,0.7000000000000001,90.0,0.0,0,0.0
982,0.7,0.7000000000000001,150.0,0.0,0,0.0
983,0.7,0.7000000000000001,210.0,0.0,0,0.0
984,0.7,0.7000000000000001,270.0,0.0,0,0.0
985,0.7,0.7000000000000001,330.0,0.0,0,0.0
986,0.7,0.7000000000000001,390.0,0.0,0,0.0
987,0.7,0.7000000000000001,450.0,0.0,0,0.0
988,0.7,0.7000000000000001,510.0,0.0,0,0.0
989,0.7,0.7000000000000001,570.0,0.0,0,0.0
990,0.7,0.9,30.0,0.0,0,0.0
991,0.7,0.9,90.0,0.0,0,0.0
992,0.7,0.9,150.0,0.0,0,0.0
993,0.7,0.9,210.0,0.0,0,0.0
994,0.7,0.9,270.0,0.0,0,0.0
995,0.7,0.9,330.0,0.0,0,0.0
996,0.7,0.9,390.0,0.0,0,0.0
997,0.7,0.9,450.0,0.0,0,0.0
998,0.7,0.9,510.0,0.0,0,0.0
999,0.7,0.9,570.0,0.0,0,0.0
