,voc_bin,elo_bin,rtmean,rtcount,rt_squaredmean
0,0.0007894736842105274,625.0,4.343583787079282,761072,38.14086446486023
1,0.0007894736842105274,1387.5,4.108535668173427,779154,35.923945715481054
2,0.0007894736842105274,1662.5,4.014398570922581,584433,36.53173759866409
3,0.0007894736842105274,2400.0,3.9027697720046026,369525,35.656529328191574
4,0.022368421052631583,625.0,4.931720227275324,174942,45.70196407952351
5,0.022368421052631583,1387.5,4.701889499614938,189574,43.1090655891633
6,0.022368421052631583,1662.5,4.598503046835765,147366,43.06861148433172
7,0.022368421052631583,2400.0,4.601709312627048,95945,45.8415029443952
8,0.04394736842105264,625.0,5.169938556736979,91792,49.9738430364302
9,0.04394736842105264,1387.5,4.9689370966488084,102888,48.00847523520738
10,0.04394736842105264,1662.5,4.963526131895148,82141,49.88545306241706
11,0.04394736842105264,2400.0,4.9815198806795555,54978,52.299574375204585
12,0.0655263157894737,625.0,5.385986981350582,50082,54.10660516752517
13,0.0655263157894737,1387.5,5.20248664800536,58231,53.094090776390686
14,0.0655263157894737,1662.5,5.245834656504688,47235,55.247697681803785
15,0.0655263157894737,2400.0,5.294395823737151,32565,58.636081682788344
16,0.08710526315789476,625.0,5.534982380512501,29229,57.24910191932674
17,0.08710526315789476,1387.5,5.3394427736480745,35246,55.391079838847055
18,0.08710526315789476,1662.5,5.458032353240413,29487,60.0507681351105
19,0.08710526315789476,2400.0,5.493357987445875,20551,63.0434528733396
20,0.1086842105263158,625.0,5.6745941864854705,18543,59.43515073073402
21,0.1086842105263158,1387.5,5.502299053850927,22618,59.71213193032097
22,0.1086842105263158,1662.5,5.57237042296378,19718,62.15255096865797
23,0.1086842105263158,2400.0,5.710797921560247,14049,69.1807957861769
24,0.13026315789473686,625.0,5.763796190786249,12286,61.77063324108735
25,0.13026315789473686,1387.5,5.758082209459885,15497,64.47047815706291
26,0.13026315789473686,1662.5,5.767378896531541,13666,67.73562124981677
27,0.13026315789473686,2400.0,5.683615819209026,9912,65.99576271186446
28,0.1518421052631579,625.0,5.9068401658221825,8684,65.76358820819893
29,0.1518421052631579,1387.5,5.781201568055412,10969,67.85668702707623
30,0.1518421052631579,1662.5,6.008584547813945,10018,73.26412457576386
31,0.1518421052631579,2400.0,5.867335405481783,7078,72.2875105962136
32,0.17342105263157898,625.0,5.998767144398193,6489,66.2561257512711
33,0.17342105263157898,1387.5,5.94299754299755,8140,69.73120393120392
34,0.17342105263157898,1662.5,5.910622809382583,7418,69.1872472364518
35,0.17342105263157898,2400.0,6.112665684830636,5432,78.01730486008849
36,0.195,625.0,6.1463615749330085,4851,70.68233353947663
37,0.195,1387.5,6.0228706624605675,6340,70.82539432176665
38,0.195,1662.5,5.954798331015301,5752,72.13560500695421
39,0.195,2400.0,6.259911894273114,4313,82.68096452585206
40,0.2165789473684211,625.0,6.1576445735410585,3787,72.37259044098215
41,0.2165789473684211,1387.5,6.019943593875881,4964,72.8293714746171
42,0.2165789473684211,1662.5,6.214189794091313,4468,80.37712623097566
43,0.2165789473684211,2400.0,6.226847662141803,3315,83.76832579185529
44,0.23815789473684212,625.0,6.153241650294705,3054,72.3038637851996
45,0.23815789473684212,1387.5,5.812226010716013,4106,66.12591329761325
46,0.23815789473684212,1662.5,5.99478759447484,3837,71.43549648162616
47,0.23815789473684212,2400.0,6.135330205701917,2771,82.75604474918784
48,0.25973684210526315,625.0,6.213510253317243,2487,72.73381584238045
49,0.25973684210526315,1387.5,6.074653290056069,3389,70.47477131897307
50,0.25973684210526315,1662.5,6.091957705863501,3121,76.55911566805483
51,0.25973684210526315,2400.0,6.064991334488738,2308,74.69237435008668
52,0.28131578947368424,625.0,6.279559597893736,2089,74.83006223073247
53,0.28131578947368424,1387.5,6.0748663101604325,2805,72.63672014260247
54,0.28131578947368424,1662.5,6.357748650732464,2594,77.45104086353132
55,0.28131578947368424,2400.0,6.125269978401723,1852,79.01835853131732
56,0.3028947368421053,625.0,6.303488372093021,1720,74.29186046511603
57,0.3028947368421053,1387.5,5.860413914575064,2271,67.14354909731391
58,0.3028947368421053,1662.5,6.152969121140142,2105,73.90878859857499
59,0.3028947368421053,2400.0,6.081439393939364,1584,72.12436868686856
60,0.32447368421052636,625.0,6.135448916408671,1292,68.12925696594412
61,0.32447368421052636,1387.5,6.088515406162452,1785,73.57983193277319
62,0.32447368421052636,1662.5,6.190997566909987,1644,82.60827250608283
63,0.32447368421052636,2400.0,6.085536547433897,1286,78.06998444790045
64,0.3460526315789474,625.0,6.500980392156865,1020,79.17352941176466
65,0.3460526315789474,1387.5,6.2433405327573785,1389,72.29229661627092
66,0.3460526315789474,1662.5,6.331749802058599,1263,81.56373713380843
67,0.3460526315789474,2400.0,6.4901758014477755,967,91.31127197518086
68,0.3676315789473684,625.0,6.796052631578943,760,89.74078947368422
69,0.3676315789473684,1387.5,6.278606965174123,1005,74.90945273631844
70,0.3676315789473684,1662.5,6.6303030303030335,990,87.90101010101004
71,0.3676315789473684,2400.0,5.8741721854304645,755,68.57086092715231
72,0.3892105263157895,625.0,6.109983079526225,591,65.02030456852788
73,0.3892105263157895,1387.5,6.407407407407417,783,82.19795657726698
74,0.3892105263157895,1662.5,6.680945347119645,677,91.85672082717888
75,0.3892105263157895,2400.0,6.195694716242652,511,78.19569471624268
76,0.7,625.0,6.274866310160423,2805,76.32762923351183
77,0.7,1387.5,6.193576139948378,3487,77.87180957843405
78,0.7,1662.5,6.39248500157877,3167,84.84527944426881
79,0.7,2400.0,6.314509122502176,2302,83.95395308427459
