,voc_bin,rtmean,rtcount,rt_squaredmean
0,0.0007894736842105274,15.4676880993862,184251,730.5016580642697
1,0.022368421052631583,18.91560883874001,46794,860.4813651322801
2,0.04394736842105264,19.98005876591571,25525,936.437414299706
3,0.0655263157894737,21.327475062767128,14737,1089.423695460409
4,0.08710526315789476,21.773607882209582,9033,1097.838038303994
5,0.1086842105263158,22.77432432432425,5920,1223.0493243243213
6,0.13026315789473686,23.31903614457826,4150,1262.0486746987947
7,0.1518421052631579,22.62608405603743,2998,1144.7241494329555
8,0.17342105263157898,24.58318584070794,2260,1335.8522123893804
9,0.195,25.614074914869445,1762,1407.8172531214518
10,0.2165789473684211,23.740318906605918,1317,1267.008352315869
11,0.23815789473684212,23.44337979094079,1148,1157.57055749129
12,0.25973684210526315,25.113564668769712,951,1584.3732912723458
13,0.28131578947368424,25.51222651222652,777,1558.3487773487761
14,0.3028947368421053,24.101123595505623,623,1353.9598715890866
15,0.32447368421052636,25.065677966101696,472,1410.485169491527
16,0.3460526315789474,23.947643979057617,382,1287.727748691099
17,0.3676315789473684,21.78911564625852,294,1029.6734693877547
18,0.3892105263157895,24.79024390243904,205,1166.848780487804
19,0.7,25.19912948857448,919,1465.8128400435257
