,voc_bin,U_bin,clock_bin,rtmean,rtcount,rt_squaredmean
0,0.0007894736842105274,0.1,30.0,3.9767794419377935,416226,67.59190199555054
1,0.0007894736842105274,0.1,90.0,5.7675884226062015,421442,96.46818779333822
2,0.0007894736842105274,0.1,150.0,6.130901992339368,487166,90.03078416802485
3,0.0007894736842105274,0.1,210.0,5.708508878463147,438871,68.43069375739098
4,0.0007894736842105274,0.1,270.0,4.308134952901585,159878,37.11835274396726
5,0.0007894736842105274,0.30000000000000004,30.0,4.976266119886145,133143,85.96832728720248
6,0.0007894736842105274,0.30000000000000004,90.0,7.466409474988408,170301,144.45473015425623
7,0.0007894736842105274,0.30000000000000004,150.0,7.791743830570162,248929,138.75899151967042
8,0.0007894736842105274,0.30000000000000004,210.0,7.028575270047604,349568,101.01060451757591
9,0.0007894736842105274,0.30000000000000004,270.0,4.692036169589864,300584,42.618965081308346
10,0.0007894736842105274,0.5,30.0,4.153382446316132,261438,68.24436386447256
11,0.0007894736842105274,0.5,90.0,6.978614865291984,316388,135.03229578871543
12,0.0007894736842105274,0.5,150.0,7.725083071219398,507095,149.17419221250435
13,0.0007894736842105274,0.5,210.0,8.13467733300021,896528,136.84225367194338
14,0.0007894736842105274,0.5,270.0,3.845717924057157,4100768,32.03059158674672
15,0.0007894736842105274,0.7000000000000001,30.0,4.879022632586429,133215,81.36425327478148
16,0.0007894736842105274,0.7000000000000001,90.0,7.528971205651218,195073,140.73141336832876
17,0.0007894736842105274,0.7000000000000001,150.0,8.127585647235739,301907,145.55702583908237
18,0.0007894736842105274,0.7000000000000001,210.0,7.582271600784242,463629,111.84980879108078
19,0.0007894736842105274,0.7000000000000001,270.0,5.090231074323165,510312,47.56113906786432
20,0.0007894736842105274,0.9,30.0,3.3394087993270944,531427,40.633114237703275
21,0.0007894736842105274,0.9,90.0,5.853922187902628,517683,85.858048265058
22,0.0007894736842105274,0.9,150.0,6.478557222006336,609879,91.7790578131073
23,0.0007894736842105274,0.9,210.0,6.107989833649137,596871,73.06269864007463
24,0.0007894736842105274,0.9,270.0,4.555015458485424,286574,37.73648342138512
25,0.022368421052631583,0.1,30.0,5.721943258850115,87626,109.99215986122857
26,0.022368421052631583,0.1,90.0,8.078423813911503,106358,157.29497546023794
27,0.022368421052631583,0.1,150.0,8.067751643575502,145871,134.87052944039604
28,0.022368421052631583,0.1,210.0,6.985805313204593,153015,93.2604581250204
29,0.022368421052631583,0.1,270.0,4.84175944515422,60269,45.213492840432004
30,0.022368421052631583,0.30000000000000004,30.0,5.590485463903188,28756,107.10008346084285
31,0.022368421052631583,0.30000000000000004,90.0,8.603335574983182,37175,172.03171486213856
32,0.022368421052631583,0.30000000000000004,150.0,9.213921509407147,56287,175.70643310178184
33,0.022368421052631583,0.30000000000000004,210.0,8.26397400959172,84031,125.8753317228167
34,0.022368421052631583,0.30000000000000004,270.0,5.214054559001794,89921,49.14588360894565
35,0.022368421052631583,0.5,30.0,5.5950889167355395,37507,107.14765243821142
36,0.022368421052631583,0.5,90.0,9.020462159608275,58205,193.56653208487242
37,0.022368421052631583,0.5,150.0,9.53831653737402,110344,202.7506887551657
38,0.022368421052631583,0.5,210.0,9.556180024092967,225792,168.95752285289126
39,0.022368421052631583,0.5,270.0,4.482138506878351,927694,40.28180736320385
40,0.022368421052631583,0.7000000000000001,30.0,5.124954618964324,30299,82.25594904122241
41,0.022368421052631583,0.7000000000000001,90.0,8.222629376581011,42299,148.67091420600963
42,0.022368421052631583,0.7000000000000001,150.0,8.962732331751628,63433,158.22749988176474
43,0.022368421052631583,0.7000000000000001,210.0,8.310054212182058,86143,123.45273556760257
44,0.022368421052631583,0.7000000000000001,270.0,5.638442539177842,70448,54.483832046332
45,0.022368421052631583,0.9,30.0,4.714239561859638,65002,66.46581643641726
46,0.022368421052631583,0.9,90.0,7.751014439773348,82065,128.10485590690297
47,0.022368421052631583,0.9,150.0,8.167255912701624,111159,129.1507300353548
48,0.022368421052631583,0.9,210.0,7.208308666443591,116553,92.55564421336244
49,0.022368421052631583,0.9,270.0,5.1499926360748205,47529,44.88783689957711
50,0.04394736842105264,0.1,30.0,5.863629913438352,49329,117.68827667295102
51,0.04394736842105264,0.1,90.0,8.578517340991054,58503,177.60803719467393
52,0.04394736842105264,0.1,150.0,8.64158477054059,77639,154.97574672522848
53,0.04394736842105264,0.1,210.0,7.347903985571723,84279,102.46395899334345
54,0.04394736842105264,0.1,270.0,5.029443621023828,35084,47.45163037281951
55,0.04394736842105264,0.30000000000000004,30.0,6.309519807250524,17847,125.96750154087529
56,0.04394736842105264,0.30000000000000004,90.0,9.454194303550524,25630,204.72973078423715
57,0.04394736842105264,0.30000000000000004,150.0,9.90186710866281,41026,197.8192365816803
58,0.04394736842105264,0.30000000000000004,210.0,8.74337717956561,65380,140.74040991128814
59,0.04394736842105264,0.30000000000000004,270.0,5.384331413689884,74493,52.49367054622589
60,0.04394736842105264,0.5,30.0,6.604742053152681,19190,137.83871808233485
61,0.04394736842105264,0.5,90.0,10.0151232205725,32665,228.14517067197315
62,0.04394736842105264,0.5,150.0,10.315550731446553,61727,219.0884701994268
63,0.04394736842105264,0.5,210.0,9.719851753302292,126276,171.58753840793196
64,0.04394736842105264,0.5,270.0,5.002214819802261,338628,48.00392170759648
65,0.04394736842105264,0.7000000000000001,30.0,5.579308258545929,19834,91.06050216799426
66,0.04394736842105264,0.7000000000000001,90.0,8.836523344042655,29258,169.80261808736074
67,0.04394736842105264,0.7000000000000001,150.0,9.391026362592575,44419,169.1200162092794
68,0.04394736842105264,0.7000000000000001,210.0,8.518565593912587,59007,129.08439676648553
69,0.04394736842105264,0.7000000000000001,270.0,5.756934218467102,41425,56.029861194930625
70,0.04394736842105264,0.9,30.0,4.332250862593863,34489,61.17385253269149
71,0.04394736842105264,0.9,90.0,7.563376273992464,38658,129.40284029178926
72,0.04394736842105264,0.9,150.0,8.163797655507446,47345,131.91219769775066
73,0.04394736842105264,0.9,210.0,7.170496583540058,45954,91.95323584454029
74,0.04394736842105264,0.9,270.0,5.229767968307866,17670,47.104923599321026
75,0.0655263157894737,0.1,30.0,6.443692701869573,24979,133.71844349253374
76,0.0655263157894737,0.1,90.0,9.202748686775253,30269,197.4346030592352
77,0.0655263157894737,0.1,150.0,9.149918429959333,41069,174.3489736784438
78,0.0655263157894737,0.1,210.0,7.685570109512563,46570,113.94762722782906
79,0.0655263157894737,0.1,270.0,5.287277167277164,20475,51.1462271062271
80,0.0655263157894737,0.30000000000000004,30.0,6.637483130904186,11856,126.2095141700403
81,0.0655263157894737,0.30000000000000004,90.0,10.040802786531764,18087,225.47210703820434
82,0.0655263157894737,0.30000000000000004,150.0,10.43026196014969,29661,217.76791072452045
83,0.0655263157894737,0.30000000000000004,210.0,9.066069314609948,48994,150.02145160631918
84,0.0655263157894737,0.30000000000000004,270.0,5.414082189862786,57136,53.259153598431865
85,0.0655263157894737,0.5,30.0,6.972184300341297,11720,142.62098976109243
86,0.0655263157894737,0.5,90.0,10.313682935446424,19813,233.5101700903446
87,0.0655263157894737,0.5,150.0,10.6817637452368,36740,229.16260206858993
88,0.0655263157894737,0.5,210.0,9.838154940912357,70827,174.30930294944034
89,0.0655263157894737,0.5,270.0,5.47142532460391,136397,55.4133741944471
90,0.0655263157894737,0.7000000000000001,30.0,5.693509521958809,12865,90.35592693354076
91,0.0655263157894737,0.7000000000000001,90.0,9.227600357762922,19007,176.85931498921443
92,0.0655263157894737,0.7000000000000001,150.0,9.662607204116638,29150,179.13368782161257
93,0.0655263157894737,0.7000000000000001,210.0,8.62735404896421,38232,131.93672839506155
94,0.0655263157894737,0.7000000000000001,270.0,5.9087603170711755,24474,59.092547192939435
95,0.0655263157894737,0.9,30.0,4.7187712845661425,14682,69.10250647050802
96,0.0655263157894737,0.9,90.0,7.754418327878616,16805,134.1447783397795
97,0.0655263157894737,0.9,150.0,8.057162705304439,20153,128.0056567260455
98,0.0655263157894737,0.9,210.0,7.180007702041045,18177,93.49469109313964
99,0.0655263157894737,0.9,270.0,5.19128725843433,6106,46.45791025221088
100,0.08710526315789476,0.1,30.0,6.4965030216608985,14727,138.0676308820534
101,0.08710526315789476,0.1,90.0,9.490902945980944,17753,208.90238269588204
102,0.08710526315789476,0.1,150.0,9.522922575456125,23623,186.27981204758075
103,0.08710526315789476,0.1,210.0,7.972207436696819,26302,122.8256026157706
104,0.08710526315789476,0.1,270.0,5.3817360438851125,12396,53.3031623104227
105,0.08710526315789476,0.30000000000000004,30.0,6.878498134328355,8576,144.61590485074584
106,0.08710526315789476,0.30000000000000004,90.0,10.5328701628567,13386,246.00993575377234
107,0.08710526315789476,0.30000000000000004,150.0,10.800340227415182,22338,233.79854955680906
108,0.08710526315789476,0.30000000000000004,210.0,9.42681440143038,36913,161.91330967409849
109,0.08710526315789476,0.30000000000000004,270.0,5.626731093796971,43253,57.526391232977986
110,0.08710526315789476,0.5,30.0,7.1883178200458655,7413,158.863752866586
111,0.08710526315789476,0.5,90.0,10.591486658195677,12592,245.65835451080025
112,0.08710526315789476,0.5,150.0,11.019777662874896,23208,238.317692175112
113,0.08710526315789476,0.5,210.0,9.879718904398743,41694,176.0410850482086
114,0.08710526315789476,0.5,270.0,5.663183507740079,66989,59.06532415769755
115,0.08710526315789476,0.7000000000000001,30.0,6.093218336483935,8464,110.57904064272218
116,0.08710526315789476,0.7000000000000001,90.0,9.47319719208677,12536,195.93538608806625
117,0.08710526315789476,0.7000000000000001,150.0,9.860587713346204,19159,186.752805470014
118,0.08710526315789476,0.7000000000000001,210.0,8.642833915941774,24602,130.46341760832462
119,0.08710526315789476,0.7000000000000001,270.0,5.856976265605714,14578,57.58135546714234
120,0.08710526315789476,0.9,30.0,4.4056626219367105,8406,59.7002141327624
121,0.08710526315789476,0.9,90.0,7.252636405318659,8724,121.02659330582311
122,0.08710526315789476,0.9,150.0,7.612896494156927,9584,118.89878964941585
123,0.08710526315789476,0.9,210.0,6.974711685424482,7197,90.54647769904133
124,0.08710526315789476,0.9,270.0,5.136931534232882,2001,44.186406796601815
125,0.1086842105263158,0.1,30.0,6.729151134306098,9389,160.5693897113639
126,0.1086842105263158,0.1,90.0,9.883725236067407,10802,231.21514534345474
127,0.1086842105263158,0.1,150.0,9.861941855612725,14378,204.07323688969265
128,0.1086842105263158,0.1,210.0,8.440707538655918,16621,137.20107093436022
129,0.1086842105263158,0.1,270.0,5.561026522593327,8144,57.106704322200336
130,0.1086842105263158,0.30000000000000004,30.0,7.14963054187192,6496,155.636699507389
131,0.1086842105263158,0.30000000000000004,90.0,10.59650655021836,10305,245.98651140223194
132,0.1086842105263158,0.30000000000000004,150.0,11.116989524199692,17087,243.15748814888548
133,0.1086842105263158,0.30000000000000004,210.0,9.66623390294396,28499,171.24544720867402
134,0.1086842105263158,0.30000000000000004,270.0,5.551705801684811,35731,56.471803196104354
135,0.1086842105263158,0.5,30.0,7.295924636493954,4883,147.7882449313944
136,0.1086842105263158,0.5,90.0,10.973982172970365,8302,265.4557937846296
137,0.1086842105263158,0.5,150.0,11.261156912175508,14677,244.6046194726445
138,0.1086842105263158,0.5,210.0,9.914726242920059,25424,174.07032724984242
139,0.1086842105263158,0.5,270.0,5.9039081018659205,32906,62.62620798638549
140,0.1086842105263158,0.7000000000000001,30.0,6.4680320569902054,5615,131.61709706144245
141,0.1086842105263158,0.7000000000000001,90.0,9.705466942651885,8213,200.9459393644223
142,0.1086842105263158,0.7000000000000001,150.0,10.17952910398954,12232,201.83862001308052
143,0.1086842105263158,0.7000000000000001,210.0,8.922591040928145,15515,142.58691588785055
144,0.1086842105263158,0.7000000000000001,270.0,6.080680095299973,9234,63.33495776478226
145,0.1086842105263158,0.9,30.0,3.957261925873382,5639,50.08423479340301
146,0.1086842105263158,0.9,90.0,6.821802091713603,4972,106.41150442477867
147,0.1086842105263158,0.9,150.0,7.203522113267951,4997,109.73223934360617
148,0.1086842105263158,0.9,210.0,6.441727532550017,3149,80.39282311845038
149,0.1086842105263158,0.9,270.0,5.103932584269664,712,44.70505617977532
150,0.13026315789473686,0.1,30.0,6.9814180929095375,6135,180.66813365933152
151,0.13026315789473686,0.1,90.0,9.97362110311752,7089,247.08943433488514
152,0.13026315789473686,0.1,150.0,10.346630727762797,9275,223.79245283018867
153,0.13026315789473686,0.1,210.0,8.837356938483548,11184,144.15906652360482
154,0.13026315789473686,0.1,270.0,5.6640458640458595,6105,60.76707616707611
155,0.13026315789473686,0.30000000000000004,30.0,7.713048612477851,5081,178.08541625664202
156,0.13026315789473686,0.30000000000000004,90.0,11.332409623378279,7939,288.2496536087674
157,0.13026315789473686,0.30000000000000004,150.0,11.170409011869674,13227,248.15158388145454
158,0.13026315789473686,0.30000000000000004,210.0,9.693648703863456,22027,171.11708357924394
159,0.13026315789473686,0.30000000000000004,270.0,5.7684741672456,27349,60.84968371786913
160,0.13026315789473686,0.5,30.0,7.500715717148592,3493,164.4952762668195
161,0.13026315789473686,0.5,90.0,11.095644891122271,5970,253.93182579564467
162,0.13026315789473686,0.5,150.0,11.404171196995167,10117,249.61154492438453
163,0.13026315789473686,0.5,210.0,9.627168336183725,16372,163.91302223308122
164,0.13026315789473686,0.5,270.0,6.067952353942137,17630,64.02836074872378
165,0.13026315789473686,0.7000000000000001,30.0,6.578323221180369,3626,136.60921125206838
166,0.13026315789473686,0.7000000000000001,90.0,9.893287121488507,5482,207.8863553447644
167,0.13026315789473686,0.7000000000000001,150.0,10.09692816056785,8171,195.44657936605046
168,0.13026315789473686,0.7000000000000001,210.0,8.805138339920948,10120,137.02114624505936
169,0.13026315789473686,0.7000000000000001,270.0,6.00543940166582,5883,70.83188849226603
170,0.13026315789473686,0.9,30.0,3.8106020245071877,3754,53.8814597762387
171,0.13026315789473686,0.9,90.0,6.4926077382824765,3179,95.17143755898083
172,0.13026315789473686,0.9,150.0,6.714285714285721,2814,100.33688699360354
173,0.13026315789473686,0.9,210.0,6.4026058631921865,1535,76.53680781758963
174,0.13026315789473686,0.9,270.0,4.948881789137374,313,43.14057507987221
175,0.1518421052631579,0.1,30.0,6.888216791676748,4133,150.53883377691758
176,0.1518421052631579,0.1,90.0,10.415529695024075,4984,256.26544943820215
177,0.1518421052631579,0.1,150.0,10.658454987834553,6576,237.32177615571774
178,0.1518421052631579,0.1,210.0,9.140372217491768,8221,156.9875927502734
179,0.1518421052631579,0.1,270.0,5.923492890046072,4993,64.05607850991393
180,0.1518421052631579,0.30000000000000004,30.0,7.881485383197252,3797,190.492494074269
181,0.1518421052631579,0.30000000000000004,90.0,11.554025250040997,6099,283.25856697819256
182,0.1518421052631579,0.30000000000000004,150.0,11.653328050713164,10096,266.18799524564184
183,0.1518421052631579,0.30000000000000004,210.0,9.95930776426566,17104,181.27993451824125
184,0.1518421052631579,0.30000000000000004,270.0,5.831523924406914,19896,60.95868516284683
185,0.1518421052631579,0.5,30.0,7.366702165424213,2817,139.04082357117517
186,0.1518421052631579,0.5,90.0,10.98090162114146,4503,256.31956473462145
187,0.1518421052631579,0.5,150.0,11.116502301117698,7605,231.5196581196581
188,0.1518421052631579,0.5,210.0,9.584136075674756,11523,164.53822789204196
189,0.1518421052631579,0.5,270.0,6.154331009454675,10471,66.30350491834592
190,0.1518421052631579,0.7000000000000001,30.0,6.380537675123062,2641,121.65884134797435
191,0.1518421052631579,0.7000000000000001,90.0,10.083264177040107,3615,211.08962655601653
192,0.1518421052631579,0.7000000000000001,150.0,10.77239436619717,5325,229.76394366197223
193,0.1518421052631579,0.7000000000000001,210.0,8.948398576512457,6744,142.28440094899176
194,0.1518421052631579,0.7000000000000001,270.0,6.035752118644076,3776,62.7825741525424
195,0.1518421052631579,0.9,30.0,3.7516207455429487,2468,47.83265802269038
196,0.1518421052631579,0.9,90.0,6.372629420809841,1951,101.55663762173258
197,0.1518421052631579,0.9,150.0,6.743200506008855,1581,99.24161922833655
198,0.1518421052631579,0.9,210.0,6.219480519480515,770,74.81428571428576
199,0.1518421052631579,0.9,270.0,4.695121951219509,164,40.32926829268294
200,0.17342105263157898,0.1,30.0,7.5256241787122145,3044,193.34099868593952
201,0.17342105263157898,0.1,90.0,10.953475177304963,3525,275.31829787234
202,0.17342105263157898,0.1,150.0,11.171696981810902,5003,251.60623625824513
203,0.17342105263157898,0.1,210.0,9.57038798870224,6727,171.99048610078776
204,0.17342105263157898,0.1,270.0,5.951253808296233,4267,62.78743848136866
205,0.17342105263157898,0.30000000000000004,30.0,7.809007232084168,3042,181.26725838264306
206,0.17342105263157898,0.30000000000000004,90.0,11.260787992495338,4797,273.96289347508855
207,0.17342105263157898,0.30000000000000004,150.0,11.59478819315796,8097,264.2088427812768
208,0.17342105263157898,0.30000000000000004,210.0,9.925815797499247,13116,179.27516010978997
209,0.17342105263157898,0.30000000000000004,270.0,5.898347820317177,15071,63.38345166213273
210,0.17342105263157898,0.5,30.0,7.49764252036005,2333,164.45092156022238
211,0.17342105263157898,0.5,90.0,10.844163150492264,3555,249.30379746835501
212,0.17342105263157898,0.5,150.0,11.293457621267033,5793,242.87916450888986
213,0.17342105263157898,0.5,210.0,9.581556886227537,8350,160.50514970059876
214,0.17342105263157898,0.5,270.0,6.154864623623928,6722,64.91743528711694
215,0.17342105263157898,0.7000000000000001,30.0,6.254816955684009,2076,105.1209055876685
216,0.17342105263157898,0.7000000000000001,90.0,9.959376133478404,2757,209.2361262241565
217,0.17342105263157898,0.7000000000000001,150.0,10.673101027826522,3989,225.6021559288042
218,0.17342105263157898,0.7000000000000001,210.0,9.145071982281296,4515,150.91605758582472
219,0.17342105263157898,0.7000000000000001,270.0,5.963495575221234,2712,61.77470501474927
220,0.17342105263157898,0.9,30.0,3.2869888475836437,1345,30.338289962825286
221,0.17342105263157898,0.9,90.0,5.489340101522849,985,84.3827411167513
222,0.17342105263157898,0.9,150.0,6.033141210374641,694,96.17435158501448
223,0.17342105263157898,0.9,210.0,5.738983050847456,295,67.39322033898311
224,0.17342105263157898,0.9,270.0,4.714285714285712,49,67.4081632653061
225,0.195,0.1,30.0,7.628884826325408,2188,192.83638025594135
226,0.195,0.1,90.0,11.11708040014819,2699,280.0996665431637
227,0.195,0.1,150.0,11.439774474628402,3902,260.60328036904184
228,0.195,0.1,210.0,9.728383965486248,5563,177.1305051231351
229,0.195,0.1,270.0,5.752020202020207,3960,58.72626262626261
230,0.195,0.30000000000000004,30.0,8.202083333333336,2400,195.72208333333313
231,0.195,0.30000000000000004,90.0,11.636156763590384,3955,302.32793931732016
232,0.195,0.30000000000000004,150.0,11.551702592939693,6402,266.99937519525156
233,0.195,0.30000000000000004,210.0,10.036016949152547,10384,183.04834360554696
234,0.195,0.30000000000000004,270.0,5.91779259519214,11398,63.00535181610813
235,0.195,0.5,30.0,7.668901495616301,1939,188.78081485301684
236,0.195,0.5,90.0,10.742567788304472,3061,241.5338124795817
237,0.195,0.5,150.0,10.992787441663141,4714,235.8472634705132
238,0.195,0.5,210.0,9.68374233128832,6520,169.26748466257672
239,0.195,0.5,270.0,6.216698132997678,4767,66.90518145584214
240,0.195,0.7000000000000001,30.0,6.347478474784734,1626,132.72509225092253
241,0.195,0.7000000000000001,90.0,9.728871519296531,2047,216.20175867122637
242,0.195,0.7000000000000001,150.0,10.024866105585318,2614,195.23374139250157
243,0.195,0.7000000000000001,210.0,8.8368021143046,3027,138.4311199207133
244,0.195,0.7000000000000001,270.0,6.0204319906596595,1713,62.652072387624074
245,0.195,0.9,30.0,2.7858293075684335,621,20.099838969404203
246,0.195,0.9,90.0,4.985875706214697,354,77.43785310734465
247,0.195,0.9,150.0,4.760975609756096,205,61.14146341463415
248,0.195,0.9,210.0,5.607843137254901,51,58.8235294117647
249,0.195,0.9,270.0,1.4,5,2.6
250,0.2165789473684211,0.1,30.0,7.623557984213718,1647,166.87431693989086
251,0.2165789473684211,0.1,90.0,11.660690273420014,2231,283.5925593904083
252,0.2165789473684211,0.1,150.0,11.638625592417057,3376,264.44431279620886
253,0.2165789473684211,0.1,210.0,9.917573559048787,4962,182.2408303103586
254,0.2165789473684211,0.1,270.0,6.134067033516753,3998,67.94847423711836
255,0.2165789473684211,0.30000000000000004,30.0,7.85575992255566,2066,190.28654404646676
256,0.2165789473684211,0.30000000000000004,90.0,11.89494038027714,3103,313.096358362875
257,0.2165789473684211,0.30000000000000004,150.0,11.86889460154243,5057,275.07118845165115
258,0.2165789473684211,0.30000000000000004,210.0,10.287747226242164,8292,191.57332368548023
259,0.2165789473684211,0.30000000000000004,270.0,5.986595768250798,9027,65.7021158745984
260,0.2165789473684211,0.5,30.0,7.6951151038742305,1781,202.60022459292512
261,0.2165789473684211,0.5,90.0,10.82433489827857,2556,240.44640062597819
262,0.2165789473684211,0.5,150.0,10.921534653465352,4040,224.84826732673287
263,0.2165789473684211,0.5,210.0,9.321637426900576,5130,156.26276803118915
264,0.2165789473684211,0.5,270.0,6.226150392817053,3564,66.50505050505049
265,0.2165789473684211,0.7000000000000001,30.0,5.139958012596232,1429,86.36459062281328
266,0.2165789473684211,0.7000000000000001,90.0,8.839841164791551,1511,192.3964262078097
267,0.2165789473684211,0.7000000000000001,150.0,9.742518351214017,1771,198.07792207792212
268,0.2165789473684211,0.7000000000000001,210.0,9.065635005336183,1874,142.2598719316973
269,0.2165789473684211,0.7000000000000001,270.0,6.298434442270057,1022,67.11448140900191
270,0.2165789473684211,0.9,30.0,0.0,0,0.0
271,0.2165789473684211,0.9,90.0,0.0,0,0.0
272,0.2165789473684211,0.9,150.0,0.0,0,0.0
273,0.2165789473684211,0.9,210.0,0.0,0,0.0
274,0.2165789473684211,0.9,270.0,0.0,0,0.0
275,0.23815789473684212,0.1,30.0,8.150972762645903,1285,206.8389105058368
276,0.23815789473684212,0.1,90.0,11.651909241837293,1807,304.7332595462096
277,0.23815789473684212,0.1,150.0,12.292429135270902,2787,291.04162181557126
278,0.23815789473684212,0.1,210.0,10.149393731411571,4371,189.60489590482723
279,0.23815789473684212,0.1,270.0,5.880357612411258,3803,63.606363397317914
280,0.23815789473684212,0.30000000000000004,30.0,8.250288350634376,1734,198.86043829296415
281,0.23815789473684212,0.30000000000000004,90.0,11.629683521280473,2749,285.6558748635867
282,0.23815789473684212,0.30000000000000004,150.0,11.793353615726643,4273,267.2363678914112
283,0.23815789473684212,0.30000000000000004,210.0,10.065480530844397,6857,183.6072626513054
284,0.23815789473684212,0.30000000000000004,270.0,6.010852491789236,7003,63.94973582750255
285,0.23815789473684212,0.5,30.0,7.330497382198951,1528,145.18128272251283
286,0.23815789473684212,0.5,90.0,10.804907975460143,2445,238.28629856850694
287,0.23815789473684212,0.5,150.0,10.974595842956115,3464,227.47863741339467
288,0.23815789473684212,0.5,210.0,9.534280559314372,4434,161.28709968425812
289,0.23815789473684212,0.5,270.0,6.038527691778464,2907,61.4296525627795
290,0.23815789473684212,0.7000000000000001,30.0,5.030145530145536,962,75.44178794178778
291,0.23815789473684212,0.7000000000000001,90.0,9.056451612903233,992,214.49596774193537
292,0.23815789473684212,0.7000000000000001,150.0,9.793413173652693,1002,195.20658682634726
293,0.23815789473684212,0.7000000000000001,210.0,8.133458646616544,1064,119.50187969924815
294,0.23815789473684212,0.7000000000000001,270.0,6.04651162790698,645,60.368992248061964
295,0.23815789473684212,0.9,30.0,0.0,0,0.0
296,0.23815789473684212,0.9,90.0,0.0,0,0.0
297,0.23815789473684212,0.9,150.0,0.0,0,0.0
298,0.23815789473684212,0.9,210.0,0.0,0,0.0
299,0.23815789473684212,0.9,270.0,0.0,0,0.0
300,0.25973684210526315,0.1,30.0,8.448372093023263,1075,206.46511627906963
301,0.25973684210526315,0.1,90.0,12.448418156808822,1454,349.03576341127894
302,0.25973684210526315,0.1,150.0,12.708132045088574,2484,305.4408212560392
303,0.25973684210526315,0.1,210.0,10.301599587203297,3876,191.65866873065045
304,0.25973684210526315,0.1,270.0,5.954557124518608,3895,62.631835686777855
305,0.25973684210526315,0.30000000000000004,30.0,7.94969408565602,1471,178.93405846363018
306,0.25973684210526315,0.30000000000000004,90.0,11.452031114952456,2314,297.69490060501255
307,0.25973684210526315,0.30000000000000004,150.0,11.868458678867588,3497,274.5833571632838
308,0.25973684210526315,0.30000000000000004,210.0,10.006255749769993,5435,180.95197792088342
309,0.25973684210526315,0.30000000000000004,270.0,5.544977879731275,6103,59.532197280026274
310,0.25973684210526315,0.5,30.0,7.5850144092218965,1388,160.6642651296831
311,0.25973684210526315,0.5,90.0,10.937167713871428,2069,251.42049299178402
312,0.25973684210526315,0.5,150.0,11.048448936911829,2869,241.16138027187174
313,0.25973684210526315,0.5,210.0,9.207635265037071,3641,152.3485306234552
314,0.25973684210526315,0.5,270.0,6.081424936386761,2358,63.91178965224778
315,0.25973684210526315,0.7000000000000001,30.0,5.175084175084176,594,89.34006734006736
316,0.25973684210526315,0.7000000000000001,90.0,8.891651865008871,563,195.28596802841903
317,0.25973684210526315,0.7000000000000001,150.0,9.285481239804234,613,195.61827079934747
318,0.25973684210526315,0.7000000000000001,210.0,8.384491114701127,619,122.21324717285934
319,0.25973684210526315,0.7000000000000001,270.0,6.166666666666669,246,72.04471544715447
320,0.25973684210526315,0.9,30.0,0.0,0,0.0
321,0.25973684210526315,0.9,90.0,0.0,0,0.0
322,0.25973684210526315,0.9,150.0,0.0,0,0.0
323,0.25973684210526315,0.9,210.0,0.0,0,0.0
324,0.25973684210526315,0.9,270.0,0.0,0,0.0
325,0.28131578947368424,0.1,30.0,9.2155625657203,951,309.4511041009459
326,0.28131578947368424,0.1,90.0,12.324107793153697,1373,353.1616897305172
327,0.28131578947368424,0.1,150.0,12.298648648648646,2220,317.8022522522523
328,0.28131578947368424,0.1,210.0,10.060320182961721,3498,182.62006861063477
329,0.28131578947368424,0.1,270.0,6.052234787291335,3714,67.59343026386645
330,0.28131578947368424,0.30000000000000004,30.0,8.561666666666659,1200,199.74500000000003
331,0.28131578947368424,0.30000000000000004,90.0,12.070194986072416,1795,304.004456824512
332,0.28131578947368424,0.30000000000000004,150.0,11.833103448275892,2900,277.52137931034554
333,0.28131578947368424,0.30000000000000004,210.0,10.21492743607463,4341,190.89633724948177
334,0.28131578947368424,0.30000000000000004,270.0,6.138833992094857,4048,68.1694664031619
335,0.28131578947368424,0.5,30.0,7.201797385620915,1224,133.59232026143778
336,0.28131578947368424,0.5,90.0,11.12253193960511,1722,260.25842044134714
337,0.28131578947368424,0.5,150.0,11.157492969063885,2489,244.6046605062276
338,0.28131578947368424,0.5,210.0,9.45714285714285,2905,160.67504302926028
339,0.28131578947368424,0.5,270.0,6.136128661688684,1741,65.30557151062595
340,0.28131578947368424,0.7000000000000001,30.0,4.163120567375886,423,52.67375886524827
341,0.28131578947368424,0.7000000000000001,90.0,8.756923076923087,325,171.79692307692318
342,0.28131578947368424,0.7000000000000001,150.0,8.527704485488126,379,151.73087071240093
343,0.28131578947368424,0.7000000000000001,210.0,8.364217252396175,313,129.82108626198087
344,0.28131578947368424,0.7000000000000001,270.0,4.925233644859813,107,42.17757009345795
345,0.28131578947368424,0.9,30.0,0.0,0,0.0
346,0.28131578947368424,0.9,90.0,0.0,0,0.0
347,0.28131578947368424,0.9,150.0,0.0,0,0.0
348,0.28131578947368424,0.9,210.0,0.0,0,0.0
349,0.28131578947368424,0.9,270.0,0.0,0,0.0
350,0.3028947368421053,0.1,30.0,8.175022789425693,1097,193.71011850501358
351,0.3028947368421053,0.1,90.0,12.310245310245303,1386,362.97691197691216
352,0.3028947368421053,0.1,150.0,12.113594890510933,2192,278.82983576642306
353,0.3028947368421053,0.1,210.0,10.188052423041754,3281,194.18622371228264
354,0.3028947368421053,0.1,270.0,5.920630288882411,3427,63.67843594981041
355,0.3028947368421053,0.30000000000000004,30.0,8.797530864197524,810,194.2074074074074
356,0.3028947368421053,0.30000000000000004,90.0,13.259316770186338,1288,368.84782608695616
357,0.3028947368421053,0.30000000000000004,150.0,11.986817325800384,2124,274.480225988701
358,0.3028947368421053,0.30000000000000004,210.0,10.146287519747217,3165,182.91279620853066
359,0.3028947368421053,0.30000000000000004,270.0,6.043897216274082,2802,65.59850107066376
360,0.3028947368421053,0.5,30.0,7.408141962421718,958,140.2682672233819
361,0.3028947368421053,0.5,90.0,10.931950745301362,1543,250.47569669475047
362,0.3028947368421053,0.5,150.0,10.5354609929078,1974,208.30952380952334
363,0.3028947368421053,0.5,210.0,9.123734037868774,2271,144.67459269044446
364,0.3028947368421053,0.5,270.0,5.896233666410458,1301,60.54035357417375
365,0.3028947368421053,0.7000000000000001,30.0,4.19178082191781,365,58.986301369863085
366,0.3028947368421053,0.7000000000000001,90.0,8.422480620155044,258,209.39147286821722
367,0.3028947368421053,0.7000000000000001,150.0,9.371747211895913,269,172.51672862453518
368,0.3028947368421053,0.7000000000000001,210.0,6.676470588235289,204,76.6568627450981
369,0.3028947368421053,0.7000000000000001,270.0,6.160000000000001,100,73.08000000000003
370,0.3028947368421053,0.9,30.0,0.0,0,0.0
371,0.3028947368421053,0.9,90.0,0.0,0,0.0
372,0.3028947368421053,0.9,150.0,0.0,0,0.0
373,0.3028947368421053,0.9,210.0,0.0,0,0.0
374,0.3028947368421053,0.9,270.0,0.0,0,0.0
375,0.32447368421052636,0.1,30.0,7.367933271547728,1079,149.98331788693207
376,0.32447368421052636,0.1,90.0,11.36016096579477,1491,311.8068410462775
377,0.32447368421052636,0.1,150.0,12.050314465408785,2067,282.0628930817607
378,0.32447368421052636,0.1,210.0,10.194039959363371,2953,196.21164917033548
379,0.32447368421052636,0.1,270.0,6.1840000000000055,3125,69.31168000000014
380,0.32447368421052636,0.30000000000000004,30.0,9.622718052738334,493,278.03651115618703
381,0.32447368421052636,0.30000000000000004,90.0,13.178294573643418,903,377.7563676633445
382,0.32447368421052636,0.30000000000000004,150.0,12.69860279441118,1503,312.0612109115108
383,0.32447368421052636,0.30000000000000004,210.0,10.148180242634316,2308,198.96187175043315
384,0.32447368421052636,0.30000000000000004,270.0,6.9206510681586835,1966,90.54933875890121
385,0.32447368421052636,0.5,30.0,7.759953161592499,854,174.1908665105386
386,0.32447368421052636,0.5,90.0,11.251982378854628,1135,240.50660792951527
387,0.32447368421052636,0.5,150.0,10.997916666666656,1440,223.31597222222257
388,0.32447368421052636,0.5,210.0,9.140046296296312,1728,171.8530092592591
389,0.32447368421052636,0.5,270.0,6.155963302752287,872,68.53440366972488
390,0.32447368421052636,0.7000000000000001,30.0,4.706896551724138,232,83.74137931034487
391,0.32447368421052636,0.7000000000000001,90.0,7.666666666666666,174,145.27586206896547
392,0.32447368421052636,0.7000000000000001,150.0,7.311475409836065,183,109.77049180327869
393,0.32447368421052636,0.7000000000000001,210.0,8.397435897435901,156,126.70512820512823
394,0.32447368421052636,0.7000000000000001,270.0,5.075471698113206,53,35.075471698113205
395,0.32447368421052636,0.9,30.0,0.0,0,0.0
396,0.32447368421052636,0.9,90.0,0.0,0,0.0
397,0.32447368421052636,0.9,150.0,0.0,0,0.0
398,0.32447368421052636,0.9,210.0,0.0,0,0.0
399,0.32447368421052636,0.9,270.0,0.0,0,0.0
400,0.3460526315789474,0.1,30.0,8.33371298405466,878,224.6526195899771
401,0.3460526315789474,0.1,90.0,12.240589198035995,1222,355.2864157119474
402,0.3460526315789474,0.1,150.0,11.506218905472645,1608,280.76990049751277
403,0.3460526315789474,0.1,210.0,10.238594890510974,2192,195.07618613138675
404,0.3460526315789474,0.1,270.0,6.068592057761734,2216,66.87274368231041
405,0.3460526315789474,0.30000000000000004,30.0,9.787804878048773,410,260.8804878048779
406,0.3460526315789474,0.30000000000000004,90.0,13.284210526315777,760,365.28421052631603
407,0.3460526315789474,0.30000000000000004,150.0,12.452009844134533,1219,292.0746513535681
408,0.3460526315789474,0.30000000000000004,210.0,10.012914093206055,1781,180.866367209433
409,0.3460526315789474,0.30000000000000004,270.0,6.395973154362416,1341,76.0037285607755
410,0.3460526315789474,0.5,30.0,6.931982633863958,691,132.8451519536903
411,0.3460526315789474,0.5,90.0,11.473806752037268,859,307.9837019790465
412,0.3460526315789474,0.5,150.0,10.407342657342681,1144,203.617132867133
413,0.3460526315789474,0.5,210.0,9.097975708502027,1235,150.62995951416988
414,0.3460526315789474,0.5,270.0,5.993610223642167,626,63.399361022364126
415,0.3460526315789474,0.7000000000000001,30.0,5.129411764705884,170,84.05882352941184
416,0.3460526315789474,0.7000000000000001,90.0,7.62837837837838,148,125.88513513513513
417,0.3460526315789474,0.7000000000000001,150.0,8.259541984732826,131,170.41221374045793
418,0.3460526315789474,0.7000000000000001,210.0,7.663461538461536,104,98.45192307692312
419,0.3460526315789474,0.7000000000000001,270.0,3.6086956521739135,46,23.478260869565208
420,0.3460526315789474,0.9,30.0,0.0,0,0.0
421,0.3460526315789474,0.9,90.0,0.0,0,0.0
422,0.3460526315789474,0.9,150.0,0.0,0,0.0
423,0.3460526315789474,0.9,210.0,0.0,0,0.0
424,0.3460526315789474,0.9,270.0,0.0,0,0.0
425,0.3676315789473684,0.1,30.0,8.505847953216362,684,201.08187134502944
426,0.3676315789473684,0.1,90.0,11.319365798414488,883,297.8629671574179
427,0.3676315789473684,0.1,150.0,12.145410235580824,1231,279.64012997562963
428,0.3676315789473684,0.1,210.0,10.141342756183759,1698,189.58539458186107
429,0.3676315789473684,0.1,270.0,6.190613718411551,1385,71.48880866426002
430,0.3676315789473684,0.30000000000000004,30.0,10.916434540389975,359,364.15877437325906
431,0.3676315789473684,0.30000000000000004,90.0,12.399375975038984,641,308.2371294851793
432,0.3676315789473684,0.30000000000000004,150.0,12.501382488479246,1085,290.4258064516122
433,0.3676315789473684,0.30000000000000004,210.0,9.679659815733508,1411,158.8377037562014
434,0.3676315789473684,0.30000000000000004,270.0,6.331670822942648,802,70.13965087281804
435,0.3676315789473684,0.5,30.0,7.2882447665056365,621,135.50402576489543
436,0.3676315789473684,0.5,90.0,10.571229050279337,716,216.2527932960896
437,0.3676315789473684,0.5,150.0,10.61546840958604,918,221.23856209150318
438,0.3676315789473684,0.5,210.0,9.526966292134828,890,164.929213483146
439,0.3676315789473684,0.5,270.0,6.00992555831266,403,67.79156327543427
440,0.3676315789473684,0.7000000000000001,30.0,4.526881720430109,93,59.86021505376344
441,0.3676315789473684,0.7000000000000001,90.0,7.624999999999998,88,164.3068181818182
442,0.3676315789473684,0.7000000000000001,150.0,7.937499999999998,80,122.78749999999994
443,0.3676315789473684,0.7000000000000001,210.0,6.6279069767441845,43,96.58139534883719
444,0.3676315789473684,0.7000000000000001,270.0,6.44,25,63.63999999999999
445,0.3676315789473684,0.9,30.0,0.0,0,0.0
446,0.3676315789473684,0.9,90.0,0.0,0,0.0
447,0.3676315789473684,0.9,150.0,0.0,0,0.0
448,0.3676315789473684,0.9,210.0,0.0,0,0.0
449,0.3676315789473684,0.9,270.0,0.0,0,0.0
450,0.3892105263157895,0.1,30.0,7.987249544626595,549,179.94353369763218
451,0.3892105263157895,0.1,90.0,11.615827338129499,695,323.3942446043165
452,0.3892105263157895,0.1,150.0,11.874505928853758,1012,283.57411067193675
453,0.3892105263157895,0.1,210.0,10.014610389610386,1232,182.13474025974025
454,0.3892105263157895,0.1,270.0,6.451381780962126,977,77.53838280450351
455,0.3892105263157895,0.30000000000000004,30.0,9.942249240121592,329,259.1094224924015
456,0.3892105263157895,0.30000000000000004,90.0,13.20107719928186,557,344.2423698384197
457,0.3892105263157895,0.30000000000000004,150.0,12.129175946547898,898,283.29175946547895
458,0.3892105263157895,0.30000000000000004,210.0,10.051046025104592,1195,170.8276150627616
459,0.3892105263157895,0.30000000000000004,270.0,6.274380165289255,605,68.97190082644633
460,0.3892105263157895,0.5,30.0,7.458598726114654,471,168.26963906581756
461,0.3892105263157895,0.5,90.0,10.68173913043477,575,234.64695652173907
462,0.3892105263157895,0.5,150.0,10.308762169680115,719,215.10431154381098
463,0.3892105263157895,0.5,210.0,9.156250000000002,672,168.39732142857127
464,0.3892105263157895,0.5,270.0,5.9117647058823515,272,61.55882352941176
465,0.3892105263157895,0.7000000000000001,30.0,3.688524590163933,61,26.573770491803266
466,0.3892105263157895,0.7000000000000001,90.0,5.166666666666664,42,75.02380952380953
467,0.3892105263157895,0.7000000000000001,150.0,7.958333333333331,24,134.625
468,0.3892105263157895,0.7000000000000001,210.0,5.7272727272727275,11,68.63636363636365
469,0.3892105263157895,0.7000000000000001,270.0,17.0,1,289.0
470,0.3892105263157895,0.9,30.0,0.0,0,0.0
471,0.3892105263157895,0.9,90.0,0.0,0,0.0
472,0.3892105263157895,0.9,150.0,0.0,0,0.0
473,0.3892105263157895,0.9,210.0,0.0,0,0.0
474,0.3892105263157895,0.9,270.0,0.0,0,0.0
475,0.7,0.1,30.0,8.817129071170099,4145,224.51942098914364
476,0.7,0.1,90.0,11.766198807921558,5201,298.25495097096746
477,0.7,0.1,150.0,11.345217527878132,6367,253.77870268572318
478,0.7,0.1,210.0,9.442523913408296,5959,163.89125692230246
479,0.7,0.1,270.0,6.462654097171859,2758,75.48295866569975
480,0.7,0.30000000000000004,30.0,8.777214202106915,2563,229.23136948888023
481,0.7,0.30000000000000004,90.0,11.851762820512812,3744,281.658920940171
482,0.7,0.30000000000000004,150.0,11.252603673546679,5281,242.61408824086345
483,0.7,0.30000000000000004,210.0,9.16197954711469,5476,152.3975529583636
484,0.7,0.30000000000000004,270.0,6.2772277227722775,2121,71.66430928807165
485,0.7,0.5,30.0,4.911111111111116,2835,79.28359788359786
486,0.7,0.5,90.0,8.208781747739993,2323,168.66594920361595
487,0.7,0.5,150.0,8.744491326769793,2133,161.79559306141553
488,0.7,0.5,210.0,7.731499672560577,1527,118.26457105435483
489,0.7,0.5,270.0,5.372781065088756,507,55.6331360946746
490,0.7,0.7000000000000001,30.0,0.0,0,0.0
491,0.7,0.7000000000000001,90.0,0.0,0,0.0
492,0.7,0.7000000000000001,150.0,0.0,0,0.0
493,0.7,0.7000000000000001,210.0,0.0,0,0.0
494,0.7,0.7000000000000001,270.0,0.0,0,0.0
495,0.7,0.9,30.0,0.0,0,0.0
496,0.7,0.9,90.0,0.0,0,0.0
497,0.7,0.9,150.0,0.0,0,0.0
498,0.7,0.9,210.0,0.0,0,0.0
499,0.7,0.9,270.0,0.0,0,0.0
