,voc_bin,U_bin,clock_bin,rtmean,rtcount,rt_squaredmean
0,0.0007894736842105274,0.1,30.0,3.8558464182758527,257739,65.57072852769643
1,0.0007894736842105274,0.1,90.0,5.697232290462029,257686,96.13845921004632
2,0.0007894736842105274,0.1,150.0,6.054273948836926,300881,89.97720028848633
3,0.0007894736842105274,0.1,210.0,5.571922379397893,275700,65.84299238302503
4,0.0007894736842105274,0.1,270.0,4.160505724087417,103772,35.544751956211826
5,0.0007894736842105274,0.30000000000000004,30.0,4.8294279325445,85864,84.59405571601562
6,0.0007894736842105274,0.30000000000000004,90.0,7.347932075680767,108297,142.72189441997511
7,0.0007894736842105274,0.30000000000000004,150.0,7.652627547977611,159293,135.6982416050923
8,0.0007894736842105274,0.30000000000000004,210.0,6.921801536468934,225452,99.29739368025113
9,0.0007894736842105274,0.30000000000000004,270.0,4.581145713187232,195075,40.874315007048516
10,0.0007894736842105274,0.5,30.0,3.9523136383779587,178269,64.52843175201531
11,0.0007894736842105274,0.5,90.0,6.912698222066354,208163,136.94728650144359
12,0.0007894736842105274,0.5,150.0,7.642245977926847,328997,147.05279379447222
13,0.0007894736842105274,0.5,210.0,7.999834419095649,579777,133.65242153448645
14,0.0007894736842105274,0.5,270.0,3.719474703650347,2693946,30.33234147974763
15,0.0007894736842105274,0.7000000000000001,30.0,4.696474362727299,85403,76.37864009461013
16,0.0007894736842105274,0.7000000000000001,90.0,7.382529975827234,124934,136.07619222949722
17,0.0007894736842105274,0.7000000000000001,150.0,8.0591014473297,193667,144.7543360510573
18,0.0007894736842105274,0.7000000000000001,210.0,7.451246464822912,297722,109.6245356406315
19,0.0007894736842105274,0.7000000000000001,270.0,4.980905735593955,328109,45.529302762191875
20,0.0007894736842105274,0.9,30.0,3.1622032525012718,329531,37.03501036321312
21,0.0007894736842105274,0.9,90.0,5.714526239691038,315381,82.70475076177732
22,0.0007894736842105274,0.9,150.0,6.345277818462654,375515,88.99945674606893
23,0.0007894736842105274,0.9,210.0,5.980203318713741,373699,70.7515139189565
24,0.0007894736842105274,0.9,270.0,4.419079068858017,184118,35.74671677945655
25,0.022368421052631583,0.1,30.0,5.495292318464053,54273,100.21332891124476
26,0.022368421052631583,0.1,90.0,8.008854863256923,65049,154.47699426586107
27,0.022368421052631583,0.1,150.0,7.95702860692378,90153,133.41623684181377
28,0.022368421052631583,0.1,210.0,6.829121552709928,97069,89.61950777282148
29,0.022368421052631583,0.1,270.0,4.733972240581631,39338,42.03403833443499
30,0.022368421052631583,0.30000000000000004,30.0,5.408377793037883,18931,96.53647456552739
31,0.022368421052631583,0.30000000000000004,90.0,8.535265740663759,24046,173.0866256342007
32,0.022368421052631583,0.30000000000000004,150.0,9.129731062058367,36514,174.7301582954481
33,0.022368421052631583,0.30000000000000004,210.0,8.232278550714,54482,127.07453837964812
34,0.022368421052631583,0.30000000000000004,270.0,5.114847554251007,58939,47.415972446088325
35,0.022368421052631583,0.5,30.0,5.50069624030238,25135,105.57230952854583
36,0.022368421052631583,0.5,90.0,9.079977994917881,38173,203.207869436513
37,0.022368421052631583,0.5,150.0,9.508979859956117,71549,199.97819676026157
38,0.022368421052631583,0.5,210.0,9.458308717175637,147261,168.07405898370934
39,0.022368421052631583,0.5,270.0,4.364536073772396,616057,38.66287859727275
40,0.022368421052631583,0.7000000000000001,30.0,4.990816003378034,18946,79.13385411168575
41,0.022368421052631583,0.7000000000000001,90.0,8.190388442544387,27134,151.1917888995358
42,0.022368421052631583,0.7000000000000001,150.0,8.90710014947687,40140,159.634753363229
43,0.022368421052631583,0.7000000000000001,210.0,8.240567223119717,55710,123.44006462035527
44,0.022368421052631583,0.7000000000000001,270.0,5.523377104157136,45921,52.7086300385443
45,0.022368421052631583,0.9,30.0,4.451886816013581,40041,62.71581628830441
46,0.022368421052631583,0.9,90.0,7.611351223920475,50902,126.15518054300455
47,0.022368421052631583,0.9,150.0,7.976696139620908,69216,124.00105466944075
48,0.022368421052631583,0.9,210.0,7.087207793094969,73193,89.20626289399277
49,0.022368421052631583,0.9,270.0,4.9647761581664005,30803,41.62419244878751
50,0.04394736842105264,0.1,30.0,5.799798236193819,30729,115.72761886166124
51,0.04394736842105264,0.1,90.0,8.515268126574556,36121,176.34539464577392
52,0.04394736842105264,0.1,150.0,8.471290097342575,48694,150.0215426951989
53,0.04394736842105264,0.1,210.0,7.277496815763841,53388,102.10734622012464
54,0.04394736842105264,0.1,270.0,4.924722697180928,22809,47.98965320706738
55,0.04394736842105264,0.30000000000000004,30.0,6.1319192089917856,11833,121.63060931293823
56,0.04394736842105264,0.30000000000000004,90.0,9.3983483118776,16468,206.6446441583676
57,0.04394736842105264,0.30000000000000004,150.0,9.728072503886828,26371,191.7350498653824
58,0.04394736842105264,0.30000000000000004,210.0,8.590838472764938,42482,135.71103055411677
59,0.04394736842105264,0.30000000000000004,270.0,5.321781671545253,48853,51.79974617730747
60,0.04394736842105264,0.5,30.0,6.313703907539899,12719,127.84983096155362
61,0.04394736842105264,0.5,90.0,9.943920433320878,21416,227.1355528576767
62,0.04394736842105264,0.5,150.0,10.284160333780367,40266,218.39571847216055
63,0.04394736842105264,0.5,210.0,9.654187870948997,82727,170.35057478211468
64,0.04394736842105264,0.5,270.0,4.891837749962243,225134,46.36564446063235
65,0.04394736842105264,0.7000000000000001,30.0,5.397243009058678,12695,84.0373375344625
66,0.04394736842105264,0.7000000000000001,90.0,8.84514785950681,18734,172.39772605957074
67,0.04394736842105264,0.7000000000000001,150.0,9.296162898509367,28042,168.45114471150342
68,0.04394736842105264,0.7000000000000001,210.0,8.420480668756532,38280,125.90088819226752
69,0.04394736842105264,0.7000000000000001,270.0,5.707037884942033,27082,55.34502621667545
70,0.04394736842105264,0.9,30.0,4.083341003221365,21730,55.15338242061676
71,0.04394736842105264,0.9,90.0,7.380548357435413,23926,119.5366128897432
72,0.04394736842105264,0.9,150.0,7.898043666955992,29954,123.99198771449542
73,0.04394736842105264,0.9,210.0,7.149251653324056,28730,92.45819700661336
74,0.04394736842105264,0.9,270.0,5.115832205683346,11085,45.182589084348145
75,0.0655263157894737,0.1,30.0,6.408287784415922,15734,140.93046904792158
76,0.0655263157894737,0.1,90.0,9.060459237413113,18988,191.46755845797406
77,0.0655263157894737,0.1,150.0,8.993428593260527,26174,168.5305264766559
78,0.0655263157894737,0.1,210.0,7.662564549661318,29822,114.02779826973378
79,0.0655263157894737,0.1,270.0,5.126217958327097,13342,54.09653725078701
80,0.0655263157894737,0.30000000000000004,30.0,6.533883019840236,7762,133.7425921154343
81,0.0655263157894737,0.30000000000000004,90.0,9.944885212694125,11848,218.34107022282242
82,0.0655263157894737,0.30000000000000004,150.0,10.379160860814391,19377,218.00232234092007
83,0.0655263157894737,0.30000000000000004,210.0,8.9240367432674,31897,146.33827632692734
84,0.0655263157894737,0.30000000000000004,270.0,5.369886904132761,37844,52.292410950216684
85,0.0655263157894737,0.5,30.0,6.790264577446702,7786,155.21050603647612
86,0.0655263157894737,0.5,90.0,10.41429887882048,13022,245.87674704346549
87,0.0655263157894737,0.5,150.0,10.747745876095877,24067,236.38326338970404
88,0.0655263157894737,0.5,210.0,9.681463488037153,46519,170.51303768352656
89,0.0655263157894737,0.5,270.0,5.3344453711426025,91124,53.20646591457797
90,0.0655263157894737,0.7000000000000001,30.0,5.649833650190104,8416,100.75201996197727
91,0.0655263157894737,0.7000000000000001,90.0,9.035976505139473,12258,178.0012236906509
92,0.0655263157894737,0.7000000000000001,150.0,9.52299619853295,18677,176.8932376720026
93,0.0655263157894737,0.7000000000000001,210.0,8.461150353178601,24775,127.47991927346104
94,0.0655263157894737,0.7000000000000001,270.0,5.8331754153243605,15831,58.7309077127156
95,0.0655263157894737,0.9,30.0,4.527037319116522,9191,62.93526275704503
96,0.0655263157894737,0.9,90.0,7.648822472335177,10573,129.98950156057887
97,0.0655263157894737,0.9,150.0,7.926384724633107,12674,129.65433170269839
98,0.0655263157894737,0.9,210.0,6.9625686813186975,11648,88.79069368131871
99,0.0655263157894737,0.9,270.0,5.000519480519481,3850,43.36987012986999
100,0.08710526315789476,0.1,30.0,6.434425366059197,9493,136.18097545559854
101,0.08710526315789476,0.1,90.0,9.525617202017514,11301,219.33607645341158
102,0.08710526315789476,0.1,150.0,9.578852688386988,15009,196.3367979212475
103,0.08710526315789476,0.1,210.0,7.893517972893351,16970,121.06758986446697
104,0.08710526315789476,0.1,270.0,5.192307692307681,7982,49.53457780005006
105,0.08710526315789476,0.30000000000000004,30.0,7.038127327540333,5639,160.54229473310903
106,0.08710526315789476,0.30000000000000004,90.0,10.493667971448337,8686,249.5947501726917
107,0.08710526315789476,0.30000000000000004,150.0,10.563812154696139,14480,223.40745856353593
108,0.08710526315789476,0.30000000000000004,210.0,9.17774010832262,24187,154.4183238930005
109,0.08710526315789476,0.30000000000000004,270.0,5.516233196448002,28491,58.23259976834775
110,0.08710526315789476,0.5,30.0,6.946128635805007,4882,135.14850471118413
111,0.08710526315789476,0.5,90.0,10.757335541883572,8452,254.6799574065305
112,0.08710526315789476,0.5,150.0,10.997747598542562,15095,245.32739317654827
113,0.08710526315789476,0.5,210.0,9.75561571668984,27334,172.728835882052
114,0.08710526315789476,0.5,270.0,5.496091656244412,44776,55.71437823834176
115,0.08710526315789476,0.7000000000000001,30.0,5.984983314794197,5394,102.84000741564722
116,0.08710526315789476,0.7000000000000001,90.0,9.374893253629418,8197,192.03537879712087
117,0.08710526315789476,0.7000000000000001,150.0,9.829484756348089,12169,186.91437258607897
118,0.08710526315789476,0.7000000000000001,210.0,8.741419484854182,15879,136.06643995213827
119,0.08710526315789476,0.7000000000000001,270.0,5.722715736040621,9456,55.243866328257106
120,0.08710526315789476,0.9,30.0,4.292287870421502,5433,71.47690042333878
121,0.08710526315789476,0.9,90.0,7.0953654188948185,5610,118.37023172905499
122,0.08710526315789476,0.9,150.0,7.46117327907766,5898,116.75381485249235
123,0.08710526315789476,0.9,210.0,6.643365695792877,4635,80.42675296655865
124,0.08710526315789476,0.9,270.0,4.974497681607423,1294,42.79057187017007
125,0.1086842105263158,0.1,30.0,6.5694719471947245,6060,150.5638613861389
126,0.1086842105263158,0.1,90.0,9.613779010363432,6851,224.97708363742473
127,0.1086842105263158,0.1,150.0,9.635148460611331,9127,197.10331982031312
128,0.1086842105263158,0.1,210.0,8.354362542309126,10636,133.83311395261399
129,0.1086842105263158,0.1,270.0,5.3627236217597645,5478,52.99069003285873
130,0.1086842105263158,0.30000000000000004,30.0,7.300140581068403,4268,153.069587628866
131,0.1086842105263158,0.30000000000000004,90.0,10.552573038706797,6743,243.33353106925748
132,0.1086842105263158,0.30000000000000004,150.0,11.016771118368776,11329,241.8479124371082
133,0.1086842105263158,0.30000000000000004,210.0,9.538453299057403,18672,167.8724293059129
134,0.1086842105263158,0.30000000000000004,270.0,5.4330824538535865,23783,55.86162384896785
135,0.1086842105263158,0.5,30.0,7.444374999999978,3200,178.4568749999996
136,0.1086842105263158,0.5,90.0,10.786867404317075,5513,250.92000725557804
137,0.1086842105263158,0.5,150.0,11.180478251906813,9702,244.85250463821876
138,0.1086842105263158,0.5,210.0,9.938524838143632,16527,179.7401827312879
139,0.1086842105263158,0.5,270.0,5.786411772796015,21813,59.68647137028385
140,0.1086842105263158,0.7000000000000001,30.0,5.97994350282484,3540,105.04491525423722
141,0.1086842105263158,0.7000000000000001,90.0,9.625236473704119,5286,196.22493378736317
142,0.1086842105263158,0.7000000000000001,150.0,9.899730042421941,7779,190.89600205681978
143,0.1086842105263158,0.7000000000000001,210.0,8.708546168958778,10180,133.4619842829081
144,0.1086842105263158,0.7000000000000001,270.0,5.881459468383683,6057,58.539210830444134
145,0.1086842105263158,0.9,30.0,3.853104212860318,3608,54.42017738359206
146,0.1086842105263158,0.9,90.0,6.734700122399023,3268,101.52417380660954
147,0.1086842105263158,0.9,150.0,6.847714101738575,3106,97.91532517707657
148,0.1086842105263158,0.9,210.0,6.414073719482991,2089,78.54044997606526
149,0.1086842105263158,0.9,270.0,4.739478957915828,499,44.26252505010023
150,0.13026315789473686,0.1,30.0,6.6775317243095325,4019,145.99427718337927
151,0.13026315789473686,0.1,90.0,9.858906150244724,4699,237.5367099382847
152,0.13026315789473686,0.1,150.0,10.160326530612261,6125,219.1297959183676
153,0.13026315789473686,0.1,210.0,8.620831055221435,7316,140.4466921815196
154,0.13026315789473686,0.1,270.0,5.725480532281902,4058,58.75061606702799
155,0.13026315789473686,0.30000000000000004,30.0,7.022829678582147,3329,134.9231000300392
156,0.13026315789473686,0.30000000000000004,90.0,10.947521865889184,5145,262.24703595723946
157,0.13026315789473686,0.30000000000000004,150.0,10.931992227683153,8749,234.52303120356643
158,0.13026315789473686,0.30000000000000004,210.0,9.58048713171875,14493,168.7064099910301
159,0.13026315789473686,0.30000000000000004,270.0,5.700843393418251,18141,60.439611928779996
160,0.13026315789473686,0.5,30.0,7.049813200498132,2409,136.59900373599035
161,0.13026315789473686,0.5,90.0,10.934889753566786,3855,247.81115434500632
162,0.13026315789473686,0.5,150.0,11.115026697177711,6555,241.84668192219672
163,0.13026315789473686,0.5,210.0,9.873777449713947,10838,174.10758442517042
164,0.13026315789473686,0.5,270.0,6.002727117777399,11734,63.41929435827523
165,0.13026315789473686,0.7000000000000001,30.0,6.4787096774193556,2325,123.99354838709694
166,0.13026315789473686,0.7000000000000001,90.0,9.905177428737638,3438,207.45666084933026
167,0.13026315789473686,0.7000000000000001,150.0,10.448071216617198,5055,214.2079129574676
168,0.13026315789473686,0.7000000000000001,210.0,8.800730704825723,6569,142.5419394123921
169,0.13026315789473686,0.7000000000000001,270.0,5.844836811128951,3738,56.94917067950787
170,0.13026315789473686,0.9,30.0,3.6302419354838653,2480,42.85201612903219
171,0.13026315789473686,0.9,90.0,6.579256360078262,2044,105.82974559686872
172,0.13026315789473686,0.9,150.0,6.749720670391062,1790,104.60893854748599
173,0.13026315789473686,0.9,210.0,6.120114394661587,1049,74.79694947569116
174,0.13026315789473686,0.9,270.0,4.5906976744186085,215,40.079069767441844
175,0.1518421052631579,0.1,30.0,7.222588925559219,2727,172.736340300697
176,0.1518421052631579,0.1,90.0,9.929711479435229,3258,235.89656230816422
177,0.1518421052631579,0.1,150.0,10.80304727761596,4463,236.54492493838242
178,0.1518421052631579,0.1,210.0,9.21963581753331,5327,161.05181152618744
179,0.1518421052631579,0.1,270.0,5.735465116279066,3440,61.00755813953478
180,0.1518421052631579,0.30000000000000004,30.0,7.576797385620923,2448,193.04983660130705
181,0.1518421052631579,0.30000000000000004,90.0,10.986107537947008,3887,263.16053511705826
182,0.1518421052631579,0.30000000000000004,150.0,11.40299823633155,6804,252.46649029982314
183,0.1518421052631579,0.30000000000000004,210.0,9.840537595350566,11012,179.22411914275395
184,0.1518421052631579,0.30000000000000004,270.0,5.806517005781211,13319,61.83504767625168
185,0.1518421052631579,0.5,30.0,6.827476038338663,1878,111.70500532481344
186,0.1518421052631579,0.5,90.0,10.85894378194206,2935,251.92129471890894
187,0.1518421052631579,0.5,150.0,11.132400648823998,4932,242.00263584752597
188,0.1518421052631579,0.5,210.0,9.745127233351345,7388,172.59353004872736
189,0.1518421052631579,0.5,270.0,6.108937368050669,7105,66.1835327234341
190,0.1518421052631579,0.7000000000000001,30.0,5.894020130254585,1689,101.02249851983399
191,0.1518421052631579,0.7000000000000001,90.0,10.152340425531918,2350,225.7353191489364
192,0.1518421052631579,0.7000000000000001,150.0,10.421246458923505,3530,212.03654390934807
193,0.1518421052631579,0.7000000000000001,210.0,8.899155722326439,4264,153.73264540337692
194,0.1518421052631579,0.7000000000000001,270.0,5.882258064516136,2480,59.48306451612905
195,0.1518421052631579,0.9,30.0,3.583018867924523,1590,39.84088050314469
196,0.1518421052631579,0.9,90.0,6.29918032786885,1220,98.54180327868853
197,0.1518421052631579,0.9,150.0,7.043269230769224,1040,105.74134615384607
198,0.1518421052631579,0.9,210.0,5.96917808219178,584,69.1952054794521
199,0.1518421052631579,0.9,270.0,4.342592592592587,108,31.58333333333333
200,0.17342105263157898,0.1,30.0,7.027674294837667,1879,158.2102182011705
201,0.17342105263157898,0.1,90.0,10.957821457821463,2442,279.3042588042585
202,0.17342105263157898,0.1,150.0,10.996298581122767,3242,250.51511412708197
203,0.17342105263157898,0.1,210.0,9.56922368117945,4341,172.42801197880655
204,0.17342105263157898,0.1,270.0,5.66504854368932,2884,56.40707350901525
205,0.17342105263157898,0.30000000000000004,30.0,7.82704556589909,2041,197.9750122488976
206,0.17342105263157898,0.30000000000000004,90.0,11.966160657811505,3162,327.6397849462367
207,0.17342105263157898,0.30000000000000004,150.0,11.666729429485972,5311,270.905667482584
208,0.17342105263157898,0.30000000000000004,210.0,9.950040854441474,8567,184.6896229718684
209,0.17342105263157898,0.30000000000000004,270.0,5.921105527638179,9950,63.21155778894458
210,0.17342105263157898,0.5,30.0,6.877087508350034,1497,147.78289913159608
211,0.17342105263157898,0.5,90.0,10.926141078838183,2410,243.5062240663903
212,0.17342105263157898,0.5,150.0,11.23854140288682,3949,246.00633071663745
213,0.17342105263157898,0.5,210.0,9.539639639639617,5550,163.3140540540538
214,0.17342105263157898,0.5,270.0,6.140226314621685,4507,65.91524295540259
215,0.17342105263157898,0.7000000000000001,30.0,6.04111600587371,1362,101.13362701908976
216,0.17342105263157898,0.7000000000000001,90.0,9.801032110091725,1744,217.17373853210984
217,0.17342105263157898,0.7000000000000001,150.0,10.171052631578934,2432,197.8980263157897
218,0.17342105263157898,0.7000000000000001,210.0,8.794465069186645,2963,136.03577455281894
219,0.17342105263157898,0.7000000000000001,270.0,6.131823461091749,1722,65.01567944250884
220,0.17342105263157898,0.9,30.0,3.0742677824267752,956,38.62238493723849
221,0.17342105263157898,0.9,90.0,5.2877138413685865,643,72.14618973561444
222,0.17342105263157898,0.9,150.0,5.7723970944310015,413,84.90556900726382
223,0.17342105263157898,0.9,210.0,6.156398104265405,211,78.0616113744076
224,0.17342105263157898,0.9,270.0,3.774999999999999,40,21.825000000000006
225,0.195,0.1,30.0,8.175977653631286,1432,222.65642458100544
226,0.195,0.1,90.0,11.508869179600874,1804,303.2317073170736
227,0.195,0.1,150.0,11.057661927330159,2532,245.76540284360146
228,0.195,0.1,210.0,9.73368508747568,3601,175.71313524021133
229,0.195,0.1,270.0,5.8633308439133645,2678,60.84764749813299
230,0.195,0.30000000000000004,30.0,7.817375886524812,1692,173.15543735224603
231,0.195,0.30000000000000004,90.0,11.109712937475445,2543,251.4707038930396
232,0.195,0.30000000000000004,150.0,11.665892732760637,4307,266.707452983514
233,0.195,0.30000000000000004,210.0,10.160226764135437,6703,190.53826644785886
234,0.195,0.30000000000000004,270.0,5.863554294557642,7754,62.34175909208151
235,0.195,0.5,30.0,7.2124233128834385,1304,137.13573619631907
236,0.195,0.5,90.0,10.500503524672691,1986,236.45921450151016
237,0.195,0.5,150.0,11.11263916175506,3054,242.72102161100247
238,0.195,0.5,210.0,9.464269458352305,4394,159.9185252617206
239,0.195,0.5,270.0,6.041230574056462,3153,63.84268950206154
240,0.195,0.7000000000000001,30.0,5.371530886302595,1117,76.25067144136057
241,0.195,0.7000000000000001,90.0,9.593354430379748,1264,199.85759493670847
242,0.195,0.7000000000000001,150.0,9.93557582668186,1754,185.40421892816423
243,0.195,0.7000000000000001,210.0,9.018595041322317,1936,146.44008264462818
244,0.195,0.7000000000000001,270.0,6.021034180543372,1141,62.83085013146358
245,0.195,0.9,30.0,2.6632653061224474,392,21.35204081632654
246,0.195,0.9,90.0,4.644067796610168,236,50.41525423728811
247,0.195,0.9,150.0,5.327868852459017,122,56.655737704918074
248,0.195,0.9,210.0,4.69230769230769,39,75.05128205128204
249,0.195,0.9,270.0,0.0,0,0.0
250,0.2165789473684211,0.1,30.0,7.60904977375565,1105,184.83076923076948
251,0.2165789473684211,0.1,90.0,11.761603375527416,1422,311.1947960618841
252,0.2165789473684211,0.1,150.0,11.70952604411072,2131,280.5016424213978
253,0.2165789473684211,0.1,210.0,9.716220375500168,3249,176.09541397353004
254,0.2165789473684211,0.1,270.0,5.978395061728391,2592,65.57947530864182
255,0.2165789473684211,0.30000000000000004,30.0,7.938931297709946,1441,186.52185981956976
256,0.2165789473684211,0.30000000000000004,90.0,11.621032685930812,2111,304.03315963998017
257,0.2165789473684211,0.30000000000000004,150.0,12.031166518254642,3369,282.78747402790106
258,0.2165789473684211,0.30000000000000004,210.0,10.14169675090254,5540,187.94277978339332
259,0.2165789473684211,0.30000000000000004,270.0,5.960849924711408,5977,64.8017400033464
260,0.2165789473684211,0.5,30.0,7.215966386554636,1190,144.46638655462178
261,0.2165789473684211,0.5,90.0,10.620314389359107,1654,240.6505441354289
262,0.2165789473684211,0.5,150.0,11.13811522319726,2621,245.89049980923295
263,0.2165789473684211,0.5,210.0,9.557945041816003,3348,165.5029868578253
264,0.2165789473684211,0.5,270.0,6.037969459347919,2423,63.18613289310747
265,0.2165789473684211,0.7000000000000001,30.0,5.321464903357063,983,111.0345879959308
266,0.2165789473684211,0.7000000000000001,90.0,9.047058823529412,935,175.8299465240642
267,0.2165789473684211,0.7000000000000001,150.0,10.368468468468466,1110,242.59369369369395
268,0.2165789473684211,0.7000000000000001,210.0,8.622331691297216,1218,140.05582922824328
269,0.2165789473684211,0.7000000000000001,270.0,6.191977077363899,698,66.0544412607452
270,0.2165789473684211,0.9,30.0,0.0,0,0.0
271,0.2165789473684211,0.9,90.0,0.0,0,0.0
272,0.2165789473684211,0.9,150.0,0.0,0,0.0
273,0.2165789473684211,0.9,210.0,0.0,0,0.0
274,0.2165789473684211,0.9,270.0,0.0,0,0.0
275,0.23815789473684212,0.1,30.0,7.904474002418383,827,188.89600967351853
276,0.23815789473684212,0.1,90.0,11.683724832214784,1192,301.6518456375836
277,0.23815789473684212,0.1,150.0,11.864953526517231,1829,272.6172772006565
278,0.23815789473684212,0.1,210.0,9.81987577639751,2898,176.31815044858538
279,0.23815789473684212,0.1,270.0,6.101275608813287,2587,66.29764205643605
280,0.23815789473684212,0.30000000000000004,30.0,7.791335101679919,1131,172.72148541114083
281,0.23815789473684212,0.30000000000000004,90.0,12.287106017191995,1745,349.98911174785076
282,0.23815789473684212,0.30000000000000004,150.0,11.860196215837453,2854,272.85669236159794
283,0.23815789473684212,0.30000000000000004,210.0,9.941627225602888,4437,181.62609871534812
284,0.23815789473684212,0.30000000000000004,270.0,6.070887673538078,4754,67.63251998317229
285,0.23815789473684212,0.5,30.0,7.408007626310779,1049,184.16491897044847
286,0.23815789473684212,0.5,90.0,11.107932379713912,1538,248.7009102730819
287,0.23815789473684212,0.5,150.0,10.99731783638803,2237,238.0245864997763
288,0.23815789473684212,0.5,210.0,9.176637168141603,2825,151.422300884956
289,0.23815789473684212,0.5,270.0,6.093144950287789,1911,66.74411302982743
290,0.23815789473684212,0.7000000000000001,30.0,5.564543889845084,581,105.46471600688461
291,0.23815789473684212,0.7000000000000001,90.0,8.929967426710096,614,186.27198697068374
292,0.23815789473684212,0.7000000000000001,150.0,9.799721835883162,719,199.02086230876228
293,0.23815789473684212,0.7000000000000001,210.0,8.514836795252224,674,130.79673590504447
294,0.23815789473684212,0.7000000000000001,270.0,6.025445292620862,393,65.50127226463091
295,0.23815789473684212,0.9,30.0,0.0,0,0.0
296,0.23815789473684212,0.9,90.0,0.0,0,0.0
297,0.23815789473684212,0.9,150.0,0.0,0,0.0
298,0.23815789473684212,0.9,210.0,0.0,0,0.0
299,0.23815789473684212,0.9,270.0,0.0,0,0.0
300,0.25973684210526315,0.1,30.0,8.958611481975957,749,231.50333778371171
301,0.25973684210526315,0.1,90.0,12.409375,960,314.386458333334
302,0.25973684210526315,0.1,150.0,11.930632289748292,1629,282.9361571516261
303,0.25973684210526315,0.1,210.0,9.96985681989449,2654,184.7859834212516
304,0.25973684210526315,0.1,270.0,5.8890182382615475,2577,63.683352735739255
305,0.25973684210526315,0.30000000000000004,30.0,8.29969418960244,981,193.56778797145765
306,0.25973684210526315,0.30000000000000004,90.0,12.242264647794615,1519,337.9512837393015
307,0.25973684210526315,0.30000000000000004,150.0,11.705508474576233,2360,263.5665254237298
308,0.25973684210526315,0.30000000000000004,210.0,10.05368184373245,3558,185.83277121978648
309,0.25973684210526315,0.30000000000000004,270.0,5.526755852842814,4186,59.196607740085994
310,0.25973684210526315,0.5,30.0,7.203007518797001,931,141.33404940923742
311,0.25973684210526315,0.5,90.0,11.360879454131926,1319,275.0363912054582
312,0.25973684210526315,0.5,150.0,10.512737127371272,1845,212.06612466124665
313,0.25973684210526315,0.5,210.0,9.17694944301628,2334,154.60197086546682
314,0.25973684210526315,0.5,270.0,5.947674418604641,1548,63.828811369509026
315,0.25973684210526315,0.7000000000000001,30.0,4.705596107055959,411,67.03649635036493
316,0.25973684210526315,0.7000000000000001,90.0,9.446629213483144,356,253.49157303370797
317,0.25973684210526315,0.7000000000000001,150.0,9.75133689839571,374,203.35026737967908
318,0.25973684210526315,0.7000000000000001,210.0,8.546419098143227,377,132.82758620689646
319,0.25973684210526315,0.7000000000000001,270.0,5.563218390804598,174,50.045977011494266
320,0.25973684210526315,0.9,30.0,0.0,0,0.0
321,0.25973684210526315,0.9,90.0,0.0,0,0.0
322,0.25973684210526315,0.9,150.0,0.0,0,0.0
323,0.25973684210526315,0.9,210.0,0.0,0,0.0
324,0.25973684210526315,0.9,270.0,0.0,0,0.0
325,0.28131578947368424,0.1,30.0,8.765925925925927,675,227.2459259259259
326,0.28131578947368424,0.1,90.0,12.448128342245983,935,321.71871657754
327,0.28131578947368424,0.1,150.0,11.745762711864389,1534,271.5736636245106
328,0.28131578947368424,0.1,210.0,9.761904761904743,2352,169.9362244897957
329,0.28131578947368424,0.1,270.0,5.657786885245912,2440,59.377459016393374
330,0.28131578947368424,0.30000000000000004,30.0,8.195571955719561,813,190.45633456334562
331,0.28131578947368424,0.30000000000000004,90.0,12.25123966942149,1210,307.6710743801647
332,0.28131578947368424,0.30000000000000004,150.0,11.991295442908324,1953,282.67946748591925
333,0.28131578947368424,0.30000000000000004,210.0,10.29004178272981,2872,204.6229108635098
334,0.28131578947368424,0.30000000000000004,270.0,5.946228528752803,2678,66.74085138162832
335,0.28131578947368424,0.5,30.0,7.101935483870969,775,135.33677419354854
336,0.28131578947368424,0.5,90.0,10.850838481906441,1133,243.00970873786437
337,0.28131578947368424,0.5,150.0,10.429197994987462,1596,218.8502506265665
338,0.28131578947368424,0.5,210.0,9.30298189563364,1878,153.60010649627262
339,0.28131578947368424,0.5,270.0,6.1356828193832555,1135,68.51982378854606
340,0.28131578947368424,0.7000000000000001,30.0,4.661818181818184,275,80.86545454545458
341,0.28131578947368424,0.7000000000000001,90.0,9.00423728813559,236,233.94491525423732
342,0.28131578947368424,0.7000000000000001,150.0,8.000000000000002,231,117.03896103896103
343,0.28131578947368424,0.7000000000000001,210.0,9.027472527472522,182,137.1923076923077
344,0.28131578947368424,0.7000000000000001,270.0,5.222222222222221,72,45.13888888888887
345,0.28131578947368424,0.9,30.0,0.0,0,0.0
346,0.28131578947368424,0.9,90.0,0.0,0,0.0
347,0.28131578947368424,0.9,150.0,0.0,0,0.0
348,0.28131578947368424,0.9,210.0,0.0,0,0.0
349,0.28131578947368424,0.9,270.0,0.0,0,0.0
350,0.3028947368421053,0.1,30.0,8.355982274741512,677,273.4815361890691
351,0.3028947368421053,0.1,90.0,12.101522842639591,985,343.2649746192898
352,0.3028947368421053,0.1,150.0,11.386657590197427,1469,262.40503744043576
353,0.3028947368421053,0.1,210.0,10.44358154408407,2189,210.10826861580588
354,0.3028947368421053,0.1,270.0,5.854419410745222,2308,60.429809358752216
355,0.3028947368421053,0.30000000000000004,30.0,8.764587525150914,497,187.87122736418533
356,0.3028947368421053,0.30000000000000004,90.0,12.456906729634003,847,328.59622195985776
357,0.3028947368421053,0.30000000000000004,150.0,12.519888346126978,1433,309.12142358688084
358,0.3028947368421053,0.30000000000000004,210.0,9.96803241782981,2221,180.561458802341
359,0.3028947368421053,0.30000000000000004,270.0,6.033707865168527,1869,66.10326377742113
360,0.3028947368421053,0.5,30.0,7.55766423357664,685,191.45255474452534
361,0.3028947368421053,0.5,90.0,10.633946830265833,978,248.49897750511195
362,0.3028947368421053,0.5,150.0,11.118827160493828,1296,226.33641975308635
363,0.3028947368421053,0.5,210.0,8.982698961937713,1445,148.7598615916955
364,0.3028947368421053,0.5,270.0,5.613801452784502,826,58.36198547215501
365,0.3028947368421053,0.7000000000000001,30.0,4.742489270386261,233,74.62231759656655
366,0.3028947368421053,0.7000000000000001,90.0,6.865497076023394,171,100.8070175438597
367,0.3028947368421053,0.7000000000000001,150.0,10.212121212121207,165,229.72727272727298
368,0.3028947368421053,0.7000000000000001,210.0,8.367647058823534,136,127.69117647058826
369,0.3028947368421053,0.7000000000000001,270.0,6.5967741935483835,62,92.4032258064516
370,0.3028947368421053,0.9,30.0,0.0,0,0.0
371,0.3028947368421053,0.9,90.0,0.0,0,0.0
372,0.3028947368421053,0.9,150.0,0.0,0,0.0
373,0.3028947368421053,0.9,210.0,0.0,0,0.0
374,0.3028947368421053,0.9,270.0,0.0,0,0.0
375,0.32447368421052636,0.1,30.0,7.974212034383956,698,172.67908309455572
376,0.32447368421052636,0.1,90.0,12.082706766917305,931,338.0096670247043
377,0.32447368421052636,0.1,150.0,11.727203647416411,1316,271.17249240121583
378,0.32447368421052636,0.1,210.0,9.881910896403673,1863,178.2630166398284
379,0.32447368421052636,0.1,270.0,5.875494071146254,2024,62.32015810276671
380,0.32447368421052636,0.30000000000000004,30.0,8.613707165109037,321,173.69158878504686
381,0.32447368421052636,0.30000000000000004,90.0,13.69965870307167,586,387.7201365187711
382,0.32447368421052636,0.30000000000000004,150.0,12.551690821256031,1035,315.67632850241523
383,0.32447368421052636,0.30000000000000004,210.0,10.104236718224598,1487,187.90786819098835
384,0.32447368421052636,0.30000000000000004,270.0,6.933229813664592,1288,90.65527950310546
385,0.32447368421052636,0.5,30.0,6.782300884955752,565,133.85840707964618
386,0.32447368421052636,0.5,90.0,11.608755129958968,731,300.96306429548554
387,0.32447368421052636,0.5,150.0,10.865326633165843,995,222.58391959798968
388,0.32447368421052636,0.5,210.0,8.836846929422565,1091,134.62053162236487
389,0.32447368421052636,0.5,270.0,5.989492119089311,571,61.71628721541153
390,0.32447368421052636,0.7000000000000001,30.0,3.770833333333336,144,80.75694444444458
391,0.32447368421052636,0.7000000000000001,90.0,8.153153153153154,111,135.88288288288288
392,0.32447368421052636,0.7000000000000001,150.0,9.305970149253733,134,216.455223880597
393,0.32447368421052636,0.7000000000000001,210.0,7.532710280373835,107,110.31775700934585
394,0.32447368421052636,0.7000000000000001,270.0,5.178571428571428,28,37.607142857142854
395,0.32447368421052636,0.9,30.0,0.0,0,0.0
396,0.32447368421052636,0.9,90.0,0.0,0,0.0
397,0.32447368421052636,0.9,150.0,0.0,0,0.0
398,0.32447368421052636,0.9,210.0,0.0,0,0.0
399,0.32447368421052636,0.9,270.0,0.0,0,0.0
400,0.3460526315789474,0.1,30.0,7.597615499254844,671,200.56929955290644
401,0.3460526315789474,0.1,90.0,11.41437908496735,765,305.8980392156865
402,0.3460526315789474,0.1,150.0,11.217032967032946,1092,260.936813186813
403,0.3460526315789474,0.1,210.0,10.124668435013264,1508,193.65915119363373
404,0.3460526315789474,0.1,270.0,5.788741721854302,1510,64.34238410596035
405,0.3460526315789474,0.30000000000000004,30.0,8.627450980392153,255,201.20000000000024
406,0.3460526315789474,0.30000000000000004,90.0,11.789587852494577,461,288.3709327548802
407,0.3460526315789474,0.30000000000000004,150.0,11.307159353348714,866,224.7344110854504
408,0.3460526315789474,0.30000000000000004,210.0,10.50043975373791,1137,193.91644678979785
409,0.3460526315789474,0.30000000000000004,270.0,6.7407024793388475,968,86.6787190082644
410,0.3460526315789474,0.5,30.0,7.230769230769226,455,132.40000000000003
411,0.3460526315789474,0.5,90.0,10.305599999999997,625,202.88159999999988
412,0.3460526315789474,0.5,150.0,11.171834625323012,774,227.74289405684786
413,0.3460526315789474,0.5,210.0,8.5006468305304,773,130.68175937904257
414,0.3460526315789474,0.5,270.0,5.954441913439636,439,64.57403189066059
415,0.3460526315789474,0.7000000000000001,30.0,4.034482758620691,116,90.01724137931043
416,0.3460526315789474,0.7000000000000001,90.0,6.1862745098039245,102,135.7941176470588
417,0.3460526315789474,0.7000000000000001,150.0,8.826086956521737,92,159.49999999999997
418,0.3460526315789474,0.7000000000000001,210.0,7.618421052631578,76,126.11842105263152
419,0.3460526315789474,0.7000000000000001,270.0,5.290322580645161,31,43.29032258064516
420,0.3460526315789474,0.9,30.0,0.0,0,0.0
421,0.3460526315789474,0.9,90.0,0.0,0,0.0
422,0.3460526315789474,0.9,150.0,0.0,0,0.0
423,0.3460526315789474,0.9,210.0,0.0,0,0.0
424,0.3460526315789474,0.9,270.0,0.0,0,0.0
425,0.3676315789473684,0.1,30.0,7.031982942430701,469,135.8422174840086
426,0.3676315789473684,0.1,90.0,12.20383275261323,574,307.05400696864143
427,0.3676315789473684,0.1,150.0,12.117073170731722,820,300.3780487804879
428,0.3676315789473684,0.1,210.0,9.624060150375959,1064,159.00000000000009
429,0.3676315789473684,0.1,270.0,6.597883597883604,945,79.88253968253966
430,0.3676315789473684,0.30000000000000004,30.0,9.474708171206222,257,224.57976653696494
431,0.3676315789473684,0.30000000000000004,90.0,13.298329355608589,419,391.3842482100239
432,0.3676315789473684,0.30000000000000004,150.0,12.791158536585364,656,325.26371951219505
433,0.3676315789473684,0.30000000000000004,210.0,9.811625403659878,929,166.857911733046
434,0.3676315789473684,0.30000000000000004,270.0,6.448940269749513,519,68.59152215799621
435,0.3676315789473684,0.5,30.0,7.714659685863875,382,191.24869109947662
436,0.3676315789473684,0.5,90.0,11.073275862068975,464,287.66810344827576
437,0.3676315789473684,0.5,150.0,10.578856152512982,577,213.24090121317153
438,0.3676315789473684,0.5,210.0,9.013513513513523,592,142.02364864864865
439,0.3676315789473684,0.5,270.0,6.329545454545448,264,70.4659090909091
440,0.3676315789473684,0.7000000000000001,30.0,4.164179104477611,67,56.91044776119403
441,0.3676315789473684,0.7000000000000001,90.0,6.985714285714285,70,96.61428571428574
442,0.3676315789473684,0.7000000000000001,150.0,10.633333333333333,60,285.6666666666666
443,0.3676315789473684,0.7000000000000001,210.0,8.0,50,156.23999999999998
444,0.3676315789473684,0.7000000000000001,270.0,6.307692307692308,13,105.69230769230771
445,0.3676315789473684,0.9,30.0,0.0,0,0.0
446,0.3676315789473684,0.9,90.0,0.0,0,0.0
447,0.3676315789473684,0.9,150.0,0.0,0,0.0
448,0.3676315789473684,0.9,210.0,0.0,0,0.0
449,0.3676315789473684,0.9,270.0,0.0,0,0.0
450,0.3892105263157895,0.1,30.0,8.12299465240642,374,221.24064171123013
451,0.3892105263157895,0.1,90.0,11.605855855855854,444,311.50225225225256
452,0.3892105263157895,0.1,150.0,12.064308681672037,622,293.9196141479101
453,0.3892105263157895,0.1,210.0,10.0249343832021,762,183.3976377952758
454,0.3892105263157895,0.1,270.0,6.217647058823536,680,72.37058823529408
455,0.3892105263157895,0.30000000000000004,30.0,9.218749999999998,192,178.10416666666669
456,0.3892105263157895,0.30000000000000004,90.0,12.749262536873152,339,338.40117994100285
457,0.3892105263157895,0.30000000000000004,150.0,12.325082508250812,606,302.97194719471986
458,0.3892105263157895,0.30000000000000004,210.0,10.394094993581517,779,192.1322207958923
459,0.3892105263157895,0.30000000000000004,270.0,6.338942307692302,416,71.5552884615384
460,0.3892105263157895,0.5,30.0,7.525,280,169.66071428571425
461,0.3892105263157895,0.5,90.0,10.983002832861198,353,264.8243626062324
462,0.3892105263157895,0.5,150.0,9.827664399092969,441,178.6303854875283
463,0.3892105263157895,0.5,210.0,8.719512195121942,410,139.1439024390245
464,0.3892105263157895,0.5,270.0,6.335078534031418,191,69.70680628272247
465,0.3892105263157895,0.7000000000000001,30.0,3.7027027027027017,37,35.21621621621621
466,0.3892105263157895,0.7000000000000001,90.0,7.3571428571428585,28,125.14285714285712
467,0.3892105263157895,0.7000000000000001,150.0,3.823529411764706,17,23.941176470588236
468,0.3892105263157895,0.7000000000000001,210.0,8.666666666666666,6,146.33333333333334
469,0.3892105263157895,0.7000000000000001,270.0,1.0,1,1.0
470,0.3892105263157895,0.9,30.0,0.0,0,0.0
471,0.3892105263157895,0.9,90.0,0.0,0,0.0
472,0.3892105263157895,0.9,150.0,0.0,0,0.0
473,0.3892105263157895,0.9,210.0,0.0,0,0.0
474,0.3892105263157895,0.9,270.0,0.0,0,0.0
475,0.7,0.1,30.0,8.355478260869566,2875,203.5366956521741
476,0.7,0.1,90.0,11.76049811757891,3453,310.03272516652186
477,0.7,0.1,150.0,11.222937529804478,4194,253.8557463042445
478,0.7,0.1,210.0,9.613361388742783,3802,176.33561283535033
479,0.7,0.1,270.0,6.735655737704912,1952,88.58401639344257
480,0.7,0.30000000000000004,30.0,8.120977353992837,1678,196.83253873659075
481,0.7,0.30000000000000004,90.0,11.309894736842095,2375,272.26147368421033
482,0.7,0.30000000000000004,150.0,11.172268907563023,3332,244.98559423769512
483,0.7,0.30000000000000004,210.0,9.33508432402544,3617,160.3591374066911
484,0.7,0.30000000000000004,270.0,6.431865828092236,1431,74.9266247379455
485,0.7,0.5,30.0,4.906870229007638,1965,86.8346055979645
486,0.7,0.5,90.0,8.245010323468701,1453,156.71713695801813
487,0.7,0.5,150.0,8.542545454545422,1375,151.42545454545464
488,0.7,0.5,210.0,7.671065989847708,985,114.18071065989854
489,0.7,0.5,270.0,5.069230769230772,390,48.92051282051283
490,0.7,0.7000000000000001,30.0,0.0,0,0.0
491,0.7,0.7000000000000001,90.0,0.0,0,0.0
492,0.7,0.7000000000000001,150.0,0.0,0,0.0
493,0.7,0.7000000000000001,210.0,0.0,0,0.0
494,0.7,0.7000000000000001,270.0,0.0,0,0.0
495,0.7,0.9,30.0,0.0,0,0.0
496,0.7,0.9,90.0,0.0,0,0.0
497,0.7,0.9,150.0,0.0,0,0.0
498,0.7,0.9,210.0,0.0,0,0.0
499,0.7,0.9,270.0,0.0,0,0.0
