,voc_bin,rtmean,rtcount,rt_squaredmean
0,0.0007894736842105274,6.564074676966641,8641058,98.87741524243914
1,0.022368421052631583,7.631562329890929,2077711,121.43823611657238
2,0.04394736842105264,8.104609793286855,1149032,135.68428207395434
3,0.0655263157894737,8.464177746515494,653965,146.45517420657083
4,0.08710526315789476,8.768146897974695,399352,157.37220547286609
5,0.1086842105263158,9.028221780154947,258382,167.3084967219079
6,0.13026315789473686,9.200326376654477,177096,174.326179021548
7,0.1518421052631579,9.412802121061475,126729,180.15545770896958
8,0.17342105263157898,9.543402410657647,94580,204.97025798266014
9,0.195,9.622424309027947,72796,189.88620253860043
10,0.2165789473684211,9.749272197962158,57708,193.2966833021419
11,0.23815789473684212,9.78738048913158,47799,193.21393753007362
12,0.25973684210526315,9.878997785445746,38834,199.2502703816242
13,0.28131578947368424,9.957250576431749,32094,203.1190876799405
14,0.3028947368421053,9.940598193274102,26346,200.43183025886262
15,0.32447368421052636,10.054123834568488,20915,207.82328472388224
16,0.3460526315789474,10.206366214938546,15865,219.12121021115664
17,0.3676315789473684,10.28709862856203,12177,213.14560236511434
18,0.3892105263157895,10.485879952754203,9313,224.15902501879077
19,0.7,10.404483074107944,43720,223.82891125343102
