,voc_bin,elo_bin,rtmean,rtcount,rt_squaredmean
0,0.0007894736842105274,625.0,19.854022803918433,6227,2352.4687650554047
1,0.0007894736842105274,1387.5,20.74016233920351,42134,1561.325627759061
2,0.0007894736842105274,1662.5,22.808974612968033,70666,1782.5659157161847
3,0.0007894736842105274,2400.0,25.84512468663409,37895,2227.4369441878903
4,0.022368421052631583,625.0,24.703289473684173,1520,2792.103289473682
5,0.022368421052631583,1387.5,25.220588235294134,10472,2008.1350267379698
6,0.022368421052631583,1662.5,27.051478523634813,18532,2100.131016619901
7,0.022368421052631583,2400.0,32.03901065755067,9946,2753.6121053689903
8,0.04394736842105264,625.0,24.205479452054796,803,1488.6961394769626
9,0.04394736842105264,1387.5,26.48262008733628,5725,2247.57746724891
10,0.04394736842105264,1662.5,28.95710639968589,10188,2637.0815665488703
11,0.04394736842105264,2400.0,34.98182472557135,5557,3309.9276588087055
12,0.0655263157894737,625.0,29.424628450106155,471,2453.1486199575374
13,0.0655263157894737,1387.5,28.124922887106663,3242,2185.8874151758137
14,0.0655263157894737,1662.5,30.531115324943933,5801,2877.744354421649
15,0.0655263157894737,2400.0,36.885230179028085,3128,3428.392263427113
16,0.08710526315789476,625.0,19.660156250000007,256,10054.246093750002
17,0.08710526315789476,1387.5,29.166578529878358,1891,2475.733474352193
18,0.08710526315789476,1662.5,31.085023617671464,3599,2706.0569602667383
19,0.08710526315789476,2400.0,37.29735563950351,1853,3538.8008634646544
20,0.1086842105263158,625.0,29.4931506849315,146,1988.3698630136985
21,0.1086842105263158,1387.5,28.577118644067824,1180,1995.4974576271172
22,0.1086842105263158,1662.5,30.89710884353743,2352,2452.7653061224496
23,0.1086842105263158,2400.0,41.49419448476051,1378,4765.0399129172765
24,0.13026315789473686,625.0,29.783505154639187,97,3591.0824742268046
25,0.13026315789473686,1387.5,30.186961869618706,813,2602.2115621156227
26,0.13026315789473686,1662.5,32.14080100125166,1598,2530.4724655819728
27,0.13026315789473686,2400.0,41.988789237668165,892,4258.966367713002
28,0.1518421052631579,625.0,29.18181818181818,66,2417.636363636363
29,0.1518421052631579,1387.5,29.862010221465063,587,2039.582623509371
30,0.1518421052631579,1662.5,33.80134115674767,1193,3079.6538139145046
31,0.1518421052631579,2400.0,38.561452513966444,716,3893.061452513963
32,0.17342105263157898,625.0,29.741379310344822,58,1829.2241379310335
33,0.17342105263157898,1387.5,34.54232804232803,378,7634.838624338626
34,0.17342105263157898,1662.5,37.47926829268294,820,4128.632926829261
35,0.17342105263157898,2400.0,41.49139579349908,523,5470.260038240921
36,0.195,625.0,29.04878048780487,41,1764.853658536585
37,0.195,1387.5,38.84337349397595,332,4128.054216867467
38,0.195,1662.5,37.37647058823526,680,3678.741176470588
39,0.195,2400.0,45.13461538461543,364,5607.777472527468
40,0.2165789473684211,625.0,39.48484848484849,33,3137.787878787879
41,0.2165789473684211,1387.5,32.26936026936029,297,2273.2929292929302
42,0.2165789473684211,1662.5,32.63216266173755,541,2498.7763401109023
43,0.2165789473684211,2400.0,40.59726962457345,293,3463.607508532424
44,0.23815789473684212,625.0,41.19999999999999,30,4703.2666666666655
45,0.23815789473684212,1387.5,30.736842105263168,209,2415.760765550238
46,0.23815789473684212,1662.5,40.6941747572815,412,5326.378640776699
47,0.23815789473684212,2400.0,40.77734375000001,256,4328.113281250006
48,0.25973684210526315,625.0,36.874999999999986,24,3806.2083333333335
49,0.25973684210526315,1387.5,32.144329896907216,194,3886.237113402062
50,0.25973684210526315,1662.5,30.43119266055044,327,2085.868501529055
51,0.25973684210526315,2400.0,38.16101694915256,236,3404.4406779661026
52,0.28131578947368424,625.0,29.4375,16,2739.6875
53,0.28131578947368424,1387.5,31.538461538461547,130,2269.723076923078
54,0.28131578947368424,1662.5,32.94244604316546,278,2842.985611510793
55,0.28131578947368424,2400.0,38.50000000000001,174,3828.5804597701162
56,0.3028947368421053,625.0,46.0,7,3611.142857142857
57,0.3028947368421053,1387.5,36.17213114754098,122,3022.696721311475
58,0.3028947368421053,1662.5,31.753036437246973,247,2997.8016194332004
59,0.3028947368421053,2400.0,43.69444444444442,144,6618.847222222222
60,0.32447368421052636,625.0,21.909090909090914,11,1168.2727272727273
61,0.32447368421052636,1387.5,31.67105263157894,76,2780.7499999999986
62,0.32447368421052636,1662.5,34.36893203883494,206,2787.5533980582536
63,0.32447368421052636,2400.0,40.4677419354839,124,3473.564516129034
64,0.3460526315789474,625.0,8.444444444444445,9,166.2222222222222
65,0.3460526315789474,1387.5,28.743243243243235,74,2274.878378378379
66,0.3460526315789474,1662.5,38.11290322580646,124,3611.129032258066
67,0.3460526315789474,2400.0,45.14666666666666,75,4444.986666666666
68,0.3676315789473684,625.0,41.49999999999999,8,2864.5
69,0.3676315789473684,1387.5,50.84848484848484,66,25737.696969696975
70,0.3676315789473684,1662.5,38.702702702702695,111,3679.1351351351364
71,0.3676315789473684,2400.0,49.22950819672129,61,5583.4918032786845
72,0.3892105263157895,625.0,63.50000000000001,6,9077.5
73,0.3892105263157895,1387.5,38.56666666666668,30,2959.9000000000005
74,0.3892105263157895,1662.5,32.12328767123286,73,2683.5479452054788
75,0.3892105263157895,2400.0,47.82608695652175,46,5860.434782608692
76,0.7,625.0,48.81481481481481,27,5969.629629629629
77,0.7,1387.5,32.12209302325579,172,2464.11046511628
78,0.7,1662.5,41.612500000000004,320,4429.437500000001
79,0.7,2400.0,39.760368663594456,217,3784.8387096774213
