,voc_bin,rtmean,rtcount,rt_squaredmean
0,0.0007894736842105274,9.648749812035199,5353395,214.9750259414818
1,0.022368421052631583,11.418515662792794,1287861,269.8931150178488
2,0.04394736842105264,12.080560983763817,714887,298.4167427859217
3,0.0655263157894737,12.586473916144735,409372,322.87681619651687
4,0.08710526315789476,13.016324944515251,249618,346.178685030727
5,0.1086842105263158,13.346593992009087,162184,360.36424061559745
6,0.13026315789473686,13.659630724705014,111949,378.854174668822
7,0.1518421052631579,13.948331987483611,79256,392.2041864338338
8,0.17342105263157898,14.022114019070782,59148,398.42540745249084
9,0.195,14.292863198626144,46001,412.54320558248685
10,0.2165789473684211,14.294058436258792,36758,408.24568801349113
11,0.23815789473684212,14.449771995708113,29824,422.83657457081443
12,0.25973684210526315,14.447747385357989,24860,416.4205551086076
13,0.28131578947368424,14.574002067234321,20317,426.07382979770676
14,0.3028947368421053,14.585794236723038,16796,428.4548106692064
15,0.32447368421052636,14.605021618751422,13183,430.20207843434866
16,0.3460526315789474,14.590231208087294,9991,425.9360424381948
17,0.3676315789473684,14.745736434108537,7740,427.6883720930245
18,0.3892105263157895,14.5517180925666,5704,428.8329242636715
19,0.7,14.654320526237147,26756,443.3826805202576
