,voc_bin,elo_bin,rtmean,rtcount,rt_squaredmean
0,0.0007894736842105274,625.0,6.975692147606457,1727919,105.81741100132606
1,0.0007894736842105274,1387.5,6.417568447610924,2051496,94.27825060346248
2,0.0007894736842105274,1662.5,6.213212175331852,1814160,91.70947490849773
3,0.0007894736842105274,2400.0,5.996820677873908,1555363,90.72220118390348
4,0.022368421052631583,625.0,8.11817176996214,386319,131.19681920899546
5,0.022368421052631583,1387.5,7.445403494596488,495050,114.92736289263694
6,0.022368421052631583,1662.5,7.215942818004593,455528,111.55538188651389
7,0.022368421052631583,2400.0,7.11408207161233,403087,114.83657870385304
8,0.04394736842105264,625.0,8.465076988982352,207757,140.11968309130367
9,0.04394736842105264,1387.5,7.8863917942685,272005,127.80957702983407
10,0.04394736842105264,1662.5,7.770555387450817,254471,129.1178366100655
11,0.04394736842105264,2400.0,7.732112515698411,230119,133.03454299731902
12,0.0655263157894737,625.0,8.742426769427974,113921,148.3761202938875
13,0.0655263157894737,1387.5,8.239721839140271,153724,138.48356144778916
14,0.0655263157894737,1662.5,8.126973506353046,147960,140.3063868613138
15,0.0655263157894737,2400.0,8.280466721107643,135927,152.082625232662
16,0.08710526315789476,625.0,8.962503524104875,67393,156.5925541228318
17,0.08710526315789476,1387.5,8.461225549593212,92432,144.81259736887625
18,0.08710526315789476,1662.5,8.483695352707183,90741,151.14295632624683
19,0.08710526315789476,2400.0,8.606487404340493,85982,163.9120629899282
20,0.1086842105263158,625.0,9.141115520806098,42079,162.97414387224035
21,0.1086842105263158,1387.5,8.732922240456196,60327,153.16135395428276
22,0.1086842105263158,1662.5,8.696946386166779,59798,157.7932037860798
23,0.1086842105263158,2400.0,8.872053754830603,57446,173.74003411899875
24,0.13026315789473686,625.0,9.467913392825409,28127,176.7695097237529
25,0.13026315789473686,1387.5,8.930706688609956,40711,159.5138414679082
26,0.13026315789473686,1662.5,8.996372781351251,41354,170.57595395850367
27,0.13026315789473686,2400.0,9.093965409978827,40185,179.60141843971556
28,0.1518421052631579,625.0,9.472706155633004,19803,172.89198606271805
29,0.1518421052631579,1387.5,9.069763414042745,28869,165.02258477952162
30,0.1518421052631579,1662.5,9.20747840172785,29632,173.94235961123067
31,0.1518421052631579,2400.0,9.419411506368021,29601,193.36664301881697
32,0.17342105263157898,625.0,9.651994497936778,14540,178.9349381017882
33,0.17342105263157898,1387.5,9.268927444794933,21556,171.73784561143063
34,0.17342105263157898,1662.5,9.373468926553674,22125,182.43995480225965
35,0.17342105263157898,2400.0,9.572897112720142,22374,201.2970412085459
36,0.195,625.0,9.818723328591778,11248,190.48728662873367
37,0.195,1387.5,9.3476199051564,16659,174.94207335374256
38,0.195,1662.5,9.330578512396672,17303,177.176847945443
39,0.195,2400.0,9.664204938841417,17332,204.2133625663509
40,0.2165789473684211,625.0,9.969679828034797,8839,188.44348908247449
41,0.2165789473684211,1387.5,9.39404698949912,13237,175.8083402583666
42,0.2165789473684211,1662.5,9.48926031815852,13641,183.75727585954158
43,0.2165789473684211,2400.0,9.837384259259263,13824,210.01663773148138
44,0.23815789473684212,625.0,10.077297372445436,7193,194.34895036841343
45,0.23815789473684212,1387.5,9.621955859969576,10512,188.4054414003047
46,0.23815789473684212,1662.5,9.423193848354794,11184,179.76457439198842
47,0.23815789473684212,2400.0,9.815654782915608,11332,212.39701729615234
48,0.25973684210526315,625.0,9.720694396699901,5818,182.8303540735648
49,0.25973684210526315,1387.5,9.448003609293947,8866,176.70336115497363
50,0.25973684210526315,1662.5,9.555293360506294,9323,187.73806714576867
51,0.25973684210526315,2400.0,9.864458464773934,9510,213.1744479495268
52,0.28131578947368424,625.0,10.096965969659683,4878,194.36797867978714
53,0.28131578947368424,1387.5,9.69312244033327,7081,187.01440474509235
54,0.28131578947368424,1662.5,9.741226930075412,7694,197.8010137769695
55,0.28131578947368424,2400.0,9.730024059769551,7897,202.90869950614115
56,0.3028947368421053,625.0,10.259043764229686,3953,194.38148241841643
57,0.3028947368421053,1387.5,9.75240299038799,5618,188.3216447134212
58,0.3028947368421053,1662.5,9.71253427972252,6199,201.563800613002
59,0.3028947368421053,2400.0,9.77772578380908,6411,207.48822336608922
60,0.32447368421052636,625.0,10.0132538104705,3018,194.6454605699136
61,0.32447368421052636,1387.5,9.65141612200435,4590,192.37342047930264
62,0.32447368421052636,1662.5,9.841058244462682,4876,195.49405250205055
63,0.32447368421052636,2400.0,9.651107121484154,5013,206.90783961699597
64,0.3460526315789474,625.0,9.753937845891873,2349,175.4968071519794
65,0.3460526315789474,1387.5,9.747860810039926,3506,183.7786651454647
66,0.3460526315789474,1662.5,9.84296415195295,3738,193.22605671482083
67,0.3460526315789474,2400.0,10.07556935817807,3864,222.47567287784685
68,0.3676315789473684,625.0,9.965128205128183,1950,177.06051282051263
69,0.3676315789473684,1387.5,9.865565152084105,2663,190.115659031168
70,0.3676315789473684,1662.5,10.318181818181804,2904,218.28856749311308
71,0.3676315789473684,2400.0,10.507425742574197,2828,249.01661951909486
72,0.3892105263157895,625.0,10.449691991786466,1461,205.43942505133498
73,0.3892105263157895,1387.5,10.373681567051717,1991,210.3716725263683
74,0.3892105263157895,1662.5,10.476076555023933,2090,232.29234449760784
75,0.3892105263157895,2400.0,10.551984877126651,2116,245.76275992438525
76,0.7,625.0,10.170246202200072,7636,195.36092194866336
77,0.7,1387.5,10.227012360566812,9951,204.07386192342454
78,0.7,1662.5,10.658772981614678,10008,250.82044364508386
79,0.7,2400.0,10.296840325478183,9463,237.63087815703267
