,voc_bin,elo_bin,rtmean,rtcount,rt_squaredmean
0,0.0007894736842105274,625.0,1.9932920334889623,2122849,6.89714247221541
1,0.0007894736842105274,1387.5,1.7536459523887231,2449840,6.299986937922491
2,0.0007894736842105274,1662.5,1.6297646434439503,1965231,4.703339200328098
3,0.0007894736842105274,2400.0,1.4719449099309134,1473369,4.059027982806731
4,0.022368421052631583,625.0,2.177428067811794,464639,7.799186034749581
5,0.022368421052631583,1387.5,1.8986628039218005,584731,6.107312593312151
6,0.022368421052631583,1662.5,1.7641473534696581,491417,5.271877041290811
7,0.022368421052631583,2400.0,1.5984148160185327,381533,4.555453918796007
8,0.04394736842105264,625.0,2.2459789522071008,226247,8.37314969922254
9,0.04394736842105264,1387.5,1.9762463663286542,293092,6.466747642378486
10,0.04394736842105264,1662.5,1.8407149772031743,256176,5.73181328461684
11,0.04394736842105264,2400.0,1.7030164321520544,206668,5.1572715659898964
12,0.0655263157894737,625.0,2.3205764274819867,114082,8.87617678511946
13,0.0655263157894737,1387.5,2.0296254345193856,153618,6.766492207944393
14,0.0655263157894737,1662.5,1.9165283806404343,137999,6.254748222813196
15,0.0655263157894737,2400.0,1.7931860481147077,116056,5.7163955331908936
16,0.08710526315789476,625.0,2.3518524417826767,62782,9.12541811347204
17,0.08710526315789476,1387.5,2.077912236790745,87098,7.204849709522634
18,0.08710526315789476,1662.5,1.9677307080350024,80448,6.559591288782807
19,0.08710526315789476,2400.0,1.8498425768951317,70193,6.1442024133460755
20,0.1086842105263158,625.0,2.4057839311487577,37414,9.543753675094887
21,0.1086842105263158,1387.5,2.121327354938808,52857,7.491855383392922
22,0.1086842105263158,1662.5,2.026547614302226,50174,7.161597640212036
23,0.1086842105263158,2400.0,1.9063240223463684,44750,6.536536312849172
24,0.13026315789473686,625.0,2.459193954659947,23820,10.050881612090686
25,0.13026315789473686,1387.5,2.1724989944262423,34806,7.929552376027122
26,0.13026315789473686,1662.5,2.066153424824258,32863,7.260079724918578
27,0.13026315789473686,2400.0,1.9426803452206483,30705,6.805927373391936
28,0.1518421052631579,625.0,2.5017932228543014,16172,10.346834034133115
29,0.1518421052631579,1387.5,2.228502374491177,23584,8.390222184531913
30,0.1518421052631579,1662.5,2.110755890338964,22834,7.739467460804075
31,0.1518421052631579,2400.0,2.0090534979423866,21870,7.243895747599455
32,0.17342105263157898,625.0,2.53352920843415,11572,10.386104389906725
33,0.17342105263157898,1387.5,2.215409913084336,17028,8.188865398167748
34,0.17342105263157898,1662.5,2.1279626598775536,16497,7.757349821179607
35,0.17342105263157898,2400.0,2.0360217351486756,16379,7.524268880884062
36,0.195,625.0,2.528271217926385,8613,10.347149657494484
37,0.195,1387.5,2.2892896004974363,12866,9.075081610446126
38,0.195,1662.5,2.1522463883156098,12598,7.897444038736319
39,0.195,2400.0,2.0594419733117633,12365,7.76603315810754
40,0.2165789473684211,625.0,2.5836003495484983,6866,11.543402272065242
41,0.2165789473684211,1387.5,2.305790960451978,9912,8.794289749798171
42,0.2165789473684211,1662.5,2.1471857128524094,9967,7.984248018460936
43,0.2165789473684211,2400.0,2.0514446061109917,9622,7.512471419663271
44,0.23815789473684212,625.0,2.5691222861384277,5389,11.090925960289463
45,0.23815789473684212,1387.5,2.2574909859505174,8043,8.541464627626496
46,0.23815789473684212,1662.5,2.1862500000000105,8000,7.963750000000013
47,0.23815789473684212,2400.0,2.044367759428152,8114,7.6406211486319755
48,0.25973684210526315,625.0,2.579458709229706,4323,13.198473282442746
49,0.25973684210526315,1387.5,2.3300031220730597,6406,8.981579768966586
50,0.25973684210526315,1662.5,2.2036109846760756,6591,8.538309816416383
51,0.25973684210526315,2400.0,2.1051829268292725,6560,8.059756097560932
52,0.28131578947368424,625.0,2.634110787172003,3430,11.561807580174921
53,0.28131578947368424,1387.5,2.326945189727851,5218,9.117669605212718
54,0.28131578947368424,1662.5,2.1962723468999545,5258,7.987828071510045
55,0.28131578947368424,2400.0,2.1411743051720826,5433,8.427940364439559
56,0.3028947368421053,625.0,2.6517571884984026,2817,11.440539581114681
57,0.3028947368421053,1387.5,2.282702443699082,4174,8.50982271202682
58,0.3028947368421053,1662.5,2.259853670049566,4237,8.994807646919964
59,0.3028947368421053,2400.0,2.055868438837565,4439,7.6305474205902115
60,0.32447368421052636,625.0,2.548966756513923,2226,10.378256963162622
61,0.32447368421052636,1387.5,2.2631907586637476,3203,8.226974711208252
62,0.32447368421052636,1662.5,2.2872628726287245,3321,9.261668172237297
63,0.32447368421052636,2400.0,2.1569649580075296,3453,8.444830582102492
64,0.3460526315789474,625.0,2.655514250309785,1614,11.686493184634445
65,0.3460526315789474,1387.5,2.415536374845867,2433,10.108919030004115
66,0.3460526315789474,1662.5,2.2754940711462477,2530,9.279446640316207
67,0.3460526315789474,2400.0,2.207267334074895,2697,8.931776047460119
68,0.3676315789473684,625.0,2.6191999999999953,1250,10.833599999999992
69,0.3676315789473684,1387.5,2.3985706432105562,1819,9.654205607476614
70,0.3676315789473684,1662.5,2.229649595687328,1855,8.362264150943409
71,0.3676315789473684,2400.0,2.230016313213698,1839,8.903208265361613
72,0.3892105263157895,625.0,2.8353591160220963,905,13.363535911602206
73,0.3892105263157895,1387.5,2.423896499238961,1314,9.714611872146126
74,0.3892105263157895,1662.5,2.4128630705394176,1446,9.858229598893516
75,0.3892105263157895,2400.0,2.2517006802721107,1470,9.028571428571416
76,0.7,625.0,2.550105115627183,4281,11.839056295258121
77,0.7,1387.5,2.37988296694607,6323,9.565079867151683
78,0.7,1662.5,2.32623888182973,6296,9.927255400254111
79,0.7,2400.0,2.323648859731331,6402,10.317713214620456
