,voc_bin,rtmean,rtcount,rt_squaredmean
0,0.0007894736842105274,23.086040759683524,89353,1497.4443499378845
1,0.022368421052631583,28.1451563791379,22989,1876.661925268606
2,0.04394736842105264,29.65051609921431,12982,2032.6925743336876
3,0.0655263157894737,31.374850458593606,7523,2331.0292436527952
4,0.08710526315789476,31.740314367943256,4517,2495.9625857870224
5,0.1086842105263158,32.5980132450331,3020,2414.242384105955
6,0.13026315789473686,32.71442080378254,2115,2432.5990543735206
7,0.1518421052631579,33.340710932260265,1491,2557.2937625754566
8,0.17342105263157898,34.515583259127276,1123,2839.9955476402565
9,0.195,34.79176470588231,850,2633.0811764705873
10,0.2165789473684211,36.038626609442076,699,2790.0786838340487
11,0.23815789473684212,36.83249581239535,597,3097.4154103852647
12,0.25973684210526315,36.83664459161152,453,3242.7660044150075
13,0.28131578947368424,35.3389021479714,419,2661.1766109785203
14,0.3028947368421053,37.348973607038126,341,3793.1085043988223
15,0.32447368421052636,31.864197530864175,243,2115.633744855971
16,0.3460526315789474,38.93714285714287,175,4872.171428571428
17,0.3676315789473684,33.32061068702293,131,2123.763358778626
18,0.3892105263157895,41.03157894736841,95,3091.010526315788
19,0.7,36.791208791208774,455,3127.2131868131855
