,voc_bin,rtmean,rtcount,rt_squaredmean
0,0.0007894736842105274,10.767594515195686,8939462,304.07807651064456
1,0.022368421052631583,12.78922272928286,2179884,373.77317233394194
2,0.04394736842105264,13.586495029192253,1210769,415.7100066156302
3,0.0655263157894737,14.237998040966824,694220,521.9517199158768
4,0.08710526315789476,14.67501496801323,424238,479.50019800206456
5,0.1086842105263158,15.142684287214422,275209,507.6458146354207
6,0.13026315789473686,15.520027576697712,188565,541.0195211200385
7,0.1518421052631579,15.812660513792173,135113,553.2108975450192
8,0.17342105263157898,16.03743999682628,100828,556.7850101162392
9,0.195,16.244750496444784,78055,579.3026968163497
10,0.2165789473684211,16.26499734132554,62061,581.0293098725455
11,0.23815789473684212,16.49352626064958,50589,589.8866749688669
12,0.25973684210526315,16.581409796893613,41850,608.3667383512542
13,0.28131578947368424,16.773773426896483,34629,621.5434751220079
14,0.3028947368421053,16.698741912293293,27820,603.1945722501798
15,0.32447368421052636,16.885154314034686,22195,625.67884658707
16,0.3460526315789474,16.945082258255454,16898,623.3899869807088
17,0.3676315789473684,17.24938195302843,12944,656.0463535228686
18,0.3892105263157895,17.530691612360737,9514,668.7985074626878
19,0.7,17.506092450518988,46533,685.7633722304616
