,voc_bin,elo_bin,rtmean,rtcount,rt_squaredmean
0,0.0007894736842105274,625.0,9.678871393589741,1722939,211.82315392477602
1,0.0007894736842105274,1387.5,9.631671117806269,1654258,213.36747895431066
2,0.0007894736842105274,1662.5,9.722687987330497,1081017,237.34850145742274
3,0.0007894736842105274,2400.0,9.704432165772358,388388,237.80937361607445
4,0.022368421052631583,625.0,11.347209038738514,390851,255.27763776989238
5,0.022368421052631583,1387.5,11.3543302197707,402647,266.9806977327526
6,0.022368421052631583,1662.5,11.652133027438946,273297,292.32027062133835
7,0.022368421052631583,2400.0,11.896975686894628,101180,314.3592211899592
8,0.04394736842105264,625.0,11.882021204601795,212784,276.87608090833834
9,0.04394736842105264,1387.5,11.99888324782034,222968,297.6965259588812
10,0.04394736842105264,1662.5,12.402649109518519,154467,323.1632646455229
11,0.04394736842105264,2400.0,12.780738095650836,57689,360.4705229766517
12,0.0655263157894737,625.0,12.329749284449264,119139,295.7522725555863
13,0.0655263157894737,1387.5,12.482562714425091,127084,315.44520159894233
14,0.0655263157894737,1662.5,12.942700287832125,89983,350.37139237411435
15,0.0655263157894737,2400.0,13.544833650886673,34115,403.600996629049
16,0.08710526315789476,625.0,12.590471442814438,70210,307.9730380287712
17,0.08710526315789476,1387.5,12.848447733484624,77564,332.36172708988715
18,0.08710526315789476,1662.5,13.43547093116546,56091,375.918436112746
19,0.08710526315789476,2400.0,13.787713841368612,21862,418.7177293934695
20,0.1086842105263158,625.0,12.838191605798697,44769,317.11677723424503
21,0.1086842105263158,1387.5,13.23388101310875,50577,351.8613203630112
22,0.1086842105263158,1662.5,13.78277509364314,36842,394.8818468052771
23,0.1086842105263158,2400.0,14.413394445204496,14618,464.61451634970535
24,0.13026315789473686,625.0,13.2248803827751,30096,338.63310738968636
25,0.13026315789473686,1387.5,13.477149406609986,34463,366.50996721121425
26,0.13026315789473686,1662.5,14.250625684342182,25572,426.4441967777247
27,0.13026315789473686,2400.0,14.399351287595808,10174,452.8611165716524
28,0.1518421052631579,625.0,13.392378796453531,21204,348.013393699301
29,0.1518421052631579,1387.5,13.731746096457247,24529,375.273757593053
30,0.1518421052631579,1662.5,14.363486579856534,18815,431.45134201435064
31,0.1518421052631579,2400.0,14.878932064499084,7566,478.8353158868622
32,0.17342105263157898,625.0,13.610511877299041,16039,356.5004676101987
33,0.17342105263157898,1387.5,13.94351942539986,18378,379.4982043747949
34,0.17342105263157898,1662.5,14.553445198143518,14005,429.14352017136696
35,0.17342105263157898,2400.0,15.028611797951257,5662,505.5884846344016
36,0.195,625.0,13.879301868239944,12204,369.62659783677304
37,0.195,1387.5,14.391056739084531,14223,411.1720452787742
38,0.195,1662.5,14.609468512728927,11195,445.47574810183227
39,0.195,2400.0,15.15267517349445,4467,493.99664204163804
40,0.2165789473684211,625.0,13.663085428183946,9587,358.80984666736066
41,0.2165789473684211,1387.5,14.398399288572701,11245,416.00106714095176
42,0.2165789473684211,1662.5,15.190748797801694,8734,472.899931302952
43,0.2165789473684211,2400.0,15.23608335712246,3503,514.4276334570378
44,0.23815789473684212,625.0,13.746812620734051,7765,368.13444945267133
45,0.23815789473684212,1387.5,14.36394666666668,9375,407.6070399999984
46,0.23815789473684212,1662.5,15.152854511970485,7059,470.30287576143894
47,0.23815789473684212,2400.0,15.503850016739205,2987,543.8593906930032
48,0.25973684210526315,625.0,14.327082356618185,6399,382.4380371933103
49,0.25973684210526315,1387.5,14.25045207956597,7742,407.0561870317735
50,0.25973684210526315,1662.5,15.223677665395442,6031,478.37240921903265
51,0.25973684210526315,2400.0,15.13414634146345,2460,501.93252032520377
52,0.28131578947368424,625.0,14.275954198473304,5240,372.0347328244263
53,0.28131578947368424,1387.5,14.520106399624439,6391,418.6565482710049
54,0.28131578947368424,1662.5,14.910487505120843,4882,454.7490782466193
55,0.28131578947368424,2400.0,14.74756831866605,2159,480.023158869847
56,0.3028947368421053,625.0,14.305415328132165,4358,381.120927030747
57,0.3028947368421053,1387.5,14.341635614826421,5099,412.98646793488854
58,0.3028947368421053,1662.5,15.241818636022947,4003,481.0594554084433
59,0.3028947368421053,2400.0,15.220035778175285,1677,498.20632081097267
60,0.32447368421052636,625.0,14.373716012084579,3310,389.0879154078554
61,0.32447368421052636,1387.5,14.71758349705303,4072,423.70235756385046
62,0.32447368421052636,1662.5,15.279546846295192,3266,471.0701163502759
63,0.32447368421052636,2400.0,14.834944237918226,1345,473.9293680297397
64,0.3460526315789474,625.0,14.200076219512168,2624,375.7945884146335
65,0.3460526315789474,1387.5,15.24708171206225,3084,460.76329442282713
66,0.3460526315789474,1662.5,15.993348115299343,2255,517.6980044345897
67,0.3460526315789474,2400.0,14.801896733403591,949,477.95890410958947
68,0.3676315789473684,625.0,14.73473375671715,2047,412.8255984367366
69,0.3676315789473684,1387.5,14.708549222797924,2316,439.342400690846
70,0.3676315789473684,1662.5,15.266590389016013,1748,497.98970251716236
71,0.3676315789473684,2400.0,16.20918367346937,784,597.4515306122447
72,0.3892105263157895,625.0,13.961141469338214,1647,359.89556769884587
73,0.3892105263157895,1387.5,14.972626674432142,1717,452.07687827606145
74,0.3892105263157895,1662.5,15.512510088781294,1239,513.0718321226801
75,0.3892105263157895,2400.0,14.24428822495604,569,419.5905096660806
76,0.7,625.0,14.009267840593127,7553,385.9782867734663
77,0.7,1387.5,14.666095680900494,8173,437.28961213752495
78,0.7,1662.5,15.561367167270845,5793,508.57017089590926
79,0.7,2400.0,14.987336428872949,2369,538.8514140987762
