,voc_bin,elo_bin,rtmean,rtcount,rt_squaredmean
0,0.0007894736842105274,625.0,20.003182011030997,9428,1263.356809503608
1,0.0007894736842105274,1387.5,21.47824679079447,43235,1727.1486989707473
2,0.0007894736842105274,1662.5,24.816878930569157,63286,1942.5065733337567
3,0.0007894736842105274,2400.0,27.10207718154973,19642,2514.8479279095845
4,0.022368421052631583,625.0,23.963988919667617,2166,1414.7423822714675
5,0.022368421052631583,1387.5,24.862033960871194,10836,1820.2324658545565
6,0.022368421052631583,1662.5,30.03344481605352,16445,2523.616053511702
7,0.022368421052631583,2400.0,34.051866404715184,5090,3193.0479371316283
8,0.04394736842105264,625.0,27.527923211169227,1146,2528.217277486909
9,0.04394736842105264,1387.5,27.3265648598758,5959,2023.367511327402
10,0.04394736842105264,1662.5,32.33094081272095,9056,2868.920605123676
11,0.04394736842105264,2400.0,36.22180833051141,2953,3726.372163901121
12,0.0655263157894737,625.0,25.47393364928911,633,1516.3870458135855
13,0.0655263157894737,1387.5,29.103997501561523,3202,3080.6455340412144
14,0.0655263157894737,1662.5,33.762100541954744,5351,2998.6766959446795
15,0.0655263157894737,2400.0,40.30175438596491,1710,4709.11228070175
16,0.08710526315789476,625.0,30.073770491803288,366,2100.3306010929023
17,0.08710526315789476,1387.5,27.82243952650541,1943,1891.6001029336087
18,0.08710526315789476,1662.5,35.31123388581938,3258,3314.271332105582
19,0.08710526315789476,2400.0,39.38611111111123,1080,4037.445370370366
20,0.1086842105263158,625.0,32.63054187192119,203,3763.7536945812835
21,0.1086842105263158,1387.5,28.974527526705025,1217,2137.4248151191446
22,0.1086842105263158,1662.5,35.52216268874814,2053,3075.0233804188933
23,0.1086842105263158,2400.0,40.863380281690105,710,3890.421126760566
24,0.13026315789473686,625.0,29.09722222222222,144,3533.5138888888882
25,0.13026315789473686,1387.5,32.636147443519604,841,2795.9393579072566
26,0.13026315789473686,1662.5,37.45479082321182,1482,3072.7975708501976
27,0.13026315789473686,2400.0,39.78678038379538,469,3489.4626865671653
28,0.1518421052631579,625.0,31.964285714285726,112,2072.9107142857147
29,0.1518421052631579,1387.5,29.385382059800687,602,2118.408637873754
30,0.1518421052631579,1662.5,36.38197845249762,1021,2990.483839373167
31,0.1518421052631579,2400.0,42.25222551928791,337,3975.166172106828
32,0.17342105263157898,625.0,25.49999999999998,88,1155.590909090909
33,0.17342105263157898,1387.5,32.34065934065939,455,2847.6197802197803
34,0.17342105263157898,1662.5,40.48971193415637,729,4844.621399176956
35,0.17342105263157898,2400.0,49.99029126213593,309,6303.239482200654
36,0.195,625.0,28.017543859649127,57,1646.7894736842102
37,0.195,1387.5,35.60932944606417,343,7132.0408163265365
38,0.195,1662.5,39.944537815126104,595,3425.2252100840324
39,0.195,2400.0,35.951219512195145,205,3146.5756097560966
40,0.2165789473684211,625.0,34.678571428571416,56,9092.571428571424
41,0.2165789473684211,1387.5,29.92363636363638,275,2049.13090909091
42,0.2165789473684211,1662.5,39.21019108280258,471,3562.4670912951165
43,0.2165789473684211,2400.0,38.60773480662983,181,3551.1823204419898
44,0.23815789473684212,625.0,30.93617021276595,47,2167.914893617021
45,0.23815789473684212,1387.5,30.10780669144982,269,2054.3903345724916
46,0.23815789473684212,1662.5,40.37400530503975,377,4676.522546419099
47,0.23815789473684212,2400.0,41.68181818181817,154,4162.551948051947
48,0.25973684210526315,625.0,25.191489361702118,47,1148.5531914893616
49,0.25973684210526315,1387.5,27.376470588235293,170,1816.1529411764704
50,0.25973684210526315,1662.5,41.940809968847304,321,4580.277258566976
51,0.25973684210526315,2400.0,45.32031250000001,128,5219.554687500002
52,0.28131578947368424,625.0,25.04166666666667,24,1549.8749999999998
53,0.28131578947368424,1387.5,29.681481481481487,135,2178.037037037039
54,0.28131578947368424,1662.5,39.87603305785124,242,3681.8842975206658
55,0.28131578947368424,2400.0,42.09090909090907,77,3985.8831168831175
56,0.3028947368421053,625.0,37.00000000000001,22,3225.272727272726
57,0.3028947368421053,1387.5,33.778947368421036,95,2999.5473684210524
58,0.3028947368421053,1662.5,40.165829145728644,199,3702.9698492462303
59,0.3028947368421053,2400.0,44.53333333333332,75,4210.399999999999
60,0.32447368421052636,625.0,46.43750000000001,16,4478.5625
61,0.32447368421052636,1387.5,38.73809523809523,84,4015.7857142857133
62,0.32447368421052636,1662.5,39.370370370370374,162,4366.765432098766
63,0.32447368421052636,2400.0,46.07692307692308,65,5999.3076923076915
64,0.3460526315789474,625.0,18.4,10,520.2
65,0.3460526315789474,1387.5,36.33870967741933,62,3386.7258064516122
66,0.3460526315789474,1662.5,43.96521739130435,115,3987.0260869565222
67,0.3460526315789474,2400.0,47.15384615384614,52,4422.499999999996
68,0.3676315789473684,625.0,92.50000000000001,6,18038.833333333336
69,0.3676315789473684,1387.5,25.428571428571413,56,9021.607142857143
70,0.3676315789473684,1662.5,45.19000000000003,100,4493.5300000000025
71,0.3676315789473684,2400.0,47.5483870967742,31,5099.741935483871
72,0.3892105263157895,625.0,14.272727272727272,11,394.4545454545455
73,0.3892105263157895,1387.5,48.51612903225807,31,22674.903225806458
74,0.3892105263157895,1662.5,53.86956521739129,69,6284.101449275363
75,0.3892105263157895,2400.0,36.30303030303031,33,3371.515151515153
76,0.7,625.0,28.843750000000007,32,3027.7187500000005
77,0.7,1387.5,40.11363636363636,176,4382.261363636367
78,0.7,1662.5,39.07666666666664,300,3397.916666666665
79,0.7,2400.0,51.91304347826089,115,7034.121739130436
