,voc_bin,elo_bin,rtmean,rtcount,rt_squaredmean
0,0.0007894736842105274,625.0,24.559523809523807,168,2330.214285714285
1,0.0007894736842105274,1387.5,27.903440621531622,901,2404.4694783573796
2,0.0007894736842105274,1662.5,47.79190421892817,1754,5711.373432155075
3,0.0007894736842105274,2400.0,46.50871369294605,1205,5735.122821576762
4,0.022368421052631583,625.0,38.903225806451616,31,4787.1612903225805
5,0.022368421052631583,1387.5,37.96341463414634,246,4438.32926829268
6,0.022368421052631583,1662.5,54.97035573122532,506,6608.994071146247
7,0.022368421052631583,2400.0,68.01311475409835,305,12609.527868852463
8,0.04394736842105264,625.0,24.03125,32,1217.40625
9,0.04394736842105264,1387.5,32.37931034482759,116,2987.2758620689665
10,0.04394736842105264,1662.5,63.042553191489326,235,8611.714893617025
11,0.04394736842105264,2400.0,67.71264367816092,174,10082.919540229885
12,0.0655263157894737,625.0,19.299999999999997,10,703.2999999999998
13,0.0655263157894737,1387.5,57.233333333333285,60,8512.499999999998
14,0.0655263157894737,1662.5,60.69852941176468,136,6881.477941176471
15,0.0655263157894737,2400.0,75.80219780219778,91,13701.406593406595
16,0.08710526315789476,625.0,19.285714285714285,7,573.2857142857142
17,0.08710526315789476,1387.5,47.842105263157904,38,4080.21052631579
18,0.08710526315789476,1662.5,75.76811594202898,69,11203.88405797101
19,0.08710526315789476,2400.0,74.13114754098359,61,13311.73770491803
20,0.1086842105263158,625.0,10.666666666666666,3,141.33333333333334
21,0.1086842105263158,1387.5,26.88235294117646,17,1203.9411764705874
22,0.1086842105263158,1662.5,70.625,56,8357.517857142855
23,0.1086842105263158,2400.0,66.95999999999997,50,11991.079999999998
24,0.13026315789473686,625.0,51.0,1,2601.0
25,0.13026315789473686,1387.5,70.66666666666666,18,11915.11111111111
26,0.13026315789473686,1662.5,70.99999999999997,41,7678.365853658536
27,0.13026315789473686,2400.0,60.96296296296298,27,9027.703703703706
28,0.1518421052631579,625.0,0.0,0,0.0
29,0.1518421052631579,1387.5,48.888888888888886,9,4801.555555555555
30,0.1518421052631579,1662.5,87.95454545454545,22,22544.863636363636
31,0.1518421052631579,2400.0,73.37037037037034,27,17692.037037037026
32,0.17342105263157898,625.0,35.0,1,1225.0
33,0.17342105263157898,1387.5,33.00000000000001,11,3009.0
34,0.17342105263157898,1662.5,78.125,16,8986.0
35,0.17342105263157898,2400.0,45.411764705882355,17,3430.000000000001
36,0.195,625.0,0.0,0,0.0
37,0.195,1387.5,102.125,8,25925.625
38,0.195,1662.5,86.21428571428572,14,10851.214285714286
39,0.195,2400.0,56.6,15,6994.7333333333345
40,0.2165789473684211,625.0,0.0,0,0.0
41,0.2165789473684211,1387.5,67.28571428571428,7,7471.285714285714
42,0.2165789473684211,1662.5,118.87500000000001,8,24676.625000000004
43,0.2165789473684211,2400.0,69.07692307692308,13,9498.76923076923
44,0.23815789473684212,625.0,0.0,0,0.0
45,0.23815789473684212,1387.5,36.0,2,1440.0
46,0.23815789473684212,1662.5,47.28571428571428,7,3809.5714285714284
47,0.23815789473684212,2400.0,39.0,4,2294.0
48,0.25973684210526315,625.0,53.0,1,2809.0
49,0.25973684210526315,1387.5,50.0,3,5094.666666666666
50,0.25973684210526315,1662.5,74.0,7,9411.714285714286
51,0.25973684210526315,2400.0,36.18181818181818,11,2501.6363636363635
52,0.28131578947368424,625.0,0.0,0,0.0
53,0.28131578947368424,1387.5,53.0,1,2809.0
54,0.28131578947368424,1662.5,131.83333333333334,6,28494.5
55,0.28131578947368424,2400.0,10.0,1,100.0
56,0.3028947368421053,625.0,6.0,1,36.0
57,0.3028947368421053,1387.5,0.0,0,0.0
58,0.3028947368421053,1662.5,75.22222222222221,9,7980.555555555554
59,0.3028947368421053,2400.0,63.0,4,11205.5
60,0.32447368421052636,625.0,0.0,0,0.0
61,0.32447368421052636,1387.5,50.400000000000006,5,12152.399999999998
62,0.32447368421052636,1662.5,35.5,4,1845.0
63,0.32447368421052636,2400.0,143.0,3,40221.666666666664
64,0.3460526315789474,625.0,0.0,0,0.0
65,0.3460526315789474,1387.5,74.0,4,9843.5
66,0.3460526315789474,1662.5,54.5,2,4376.5
67,0.3460526315789474,2400.0,116.0,1,13456.0
68,0.3676315789473684,625.0,0.0,0,0.0
69,0.3676315789473684,1387.5,0.0,0,0.0
70,0.3676315789473684,1662.5,28.666666666666664,3,1099.9999999999998
71,0.3676315789473684,2400.0,42.0,1,1764.0
72,0.3892105263157895,625.0,0.0,0,0.0
73,0.3892105263157895,1387.5,9.0,2,85.0
74,0.3892105263157895,1662.5,36.0,1,1296.0
75,0.3892105263157895,2400.0,161.0,2,48122.0
76,0.7,625.0,0.0,0,0.0
77,0.7,1387.5,84.5,4,10057.5
78,0.7,1662.5,109.71428571428572,7,20969.71428571429
79,0.7,2400.0,104.66666666666666,3,12576.666666666666
