,voc_bin,rtmean,rtcount,rt_squaredmean
0,0.0007894736842105274,6.2179812212421615,3852864,94.5917680977059
1,0.022368421052631583,7.324518901638456,942167,114.70269283470975
2,0.04394736842105264,7.7775549650595,524606,125.67845201922948
3,0.0655263157894737,8.15396650921441,302949,138.40355307328943
4,0.08710526315789476,8.421375535027979,187607,147.98230876246691
5,0.1086842105263158,8.706388924996748,123088,156.58023527882497
6,0.13026315789473686,8.842825243859432,85090,160.85866729345412
7,0.1518421052631579,9.072502754910237,61708,170.49653205418994
8,0.17342105263157898,9.216113086462576,46124,174.50086722747398
9,0.195,9.312759726676882,35855,181.38036536047952
10,0.2165789473684211,9.405597066555965,28908,183.6513421890131
11,0.23815789473684212,9.417136220912719,23249,184.22878403372175
12,0.25973684210526315,9.525011543789432,19491,187.23102970601792
13,0.28131578947368424,9.49375504877899,16093,189.27825762753938
14,0.3028947368421053,9.494745472162212,13417,188.83990459864376
15,0.32447368421052636,9.475636927249838,10323,190.13823500920327
16,0.3460526315789474,9.475155279503145,7728,292.62370600414135
17,0.3676315789473684,9.97978253482843,5886,207.37767584097833
18,0.3892105263157895,9.529675251959656,4465,190.71534154535314
19,0.7,9.64018436834018,20177,196.2879516280912
