,voc_bin,elo_bin,rtmean,rtcount,rt_squaredmean
0,0.0007894736842105274,625.0,4.651596964998195,930609,47.11744244897705
1,0.0007894736842105274,1387.5,4.167559168544858,1235665,37.8179579416749
2,0.0007894736842105274,1662.5,3.943123375471197,1476582,36.08236792809347
3,0.0007894736842105274,2400.0,3.788242270543839,1962913,37.44378991835121
4,0.022368421052631583,625.0,5.3038505603005115,203373,54.63886553278967
5,0.022368421052631583,1387.5,4.72318289786225,294700,46.178900576857906
6,0.022368421052631583,1662.5,4.484985716892167,367217,42.54743380616905
7,0.022368421052631583,2400.0,4.413005925914255,508276,44.13167845816072
8,0.04394736842105264,625.0,5.543131614957119,107427,58.49505245422487
9,0.04394736842105264,1387.5,5.011911197153899,159094,50.92920537543829
10,0.04394736842105264,1662.5,4.831581329227563,203291,48.83574285138066
11,0.04394736842105264,2400.0,4.863083488559598,287752,53.00063248908791
12,0.0655263157894737,625.0,5.718357803527828,58166,63.167726850737346
13,0.0655263157894737,1387.5,5.247797307066692,88528,55.1814680101212
14,0.0655263157894737,1662.5,5.1008831986854775,116848,54.0554566616461
15,0.0655263157894737,2400.0,5.188751975837469,170181,59.56548028275768
16,0.08710526315789476,625.0,5.846076932125621,34004,64.52834960592882
17,0.08710526315789476,1387.5,5.364698786096655,53052,57.483073211189094
18,0.08710526315789476,1662.5,5.316569791929921,71226,58.823294864234995
19,0.08710526315789476,2400.0,5.3951998815242606,108039,63.481409491017224
20,0.1086842105263158,625.0,6.078426664105265,20822,68.25621938334474
21,0.1086842105263158,1387.5,5.614629821191085,33835,63.49120732968834
22,0.1086842105263158,1662.5,5.514627688200978,46453,62.92233009708741
23,0.1086842105263158,2400.0,5.656702132086728,72089,70.2683904617898
24,0.13026315789473686,625.0,6.172949002217288,13981,73.55196337887102
25,0.13026315789473686,1387.5,5.66319414174874,22942,63.199328742045076
26,0.13026315789473686,1662.5,5.676795927345866,31822,67.44764628244646
27,0.13026315789473686,2400.0,5.879721456096079,51123,76.69066760557867
28,0.1518421052631579,625.0,6.272003309545965,9669,72.63460544006603
29,0.1518421052631579,1387.5,5.803806917143565,16076,65.46914655386891
30,0.1518421052631579,1662.5,5.758499824745868,22824,68.90921836663139
31,0.1518421052631579,2400.0,5.94905761981689,37140,78.36289714593426
32,0.17342105263157898,625.0,6.370695763072108,7057,75.31273912427388
33,0.17342105263157898,1387.5,5.952551936393948,11697,69.12840899375868
34,0.17342105263157898,1662.5,5.960390856744013,17193,72.82178793695103
35,0.17342105263157898,2400.0,6.080907412666858,28168,79.75500568020448
36,0.195,625.0,6.435858393604883,5254,77.59116863342192
37,0.195,1387.5,6.033409760890934,9159,70.6725625068236
38,0.195,1662.5,5.96568739087527,13173,73.04926744097753
39,0.195,2400.0,6.10720145852327,21940,81.53919781221543
40,0.2165789473684211,625.0,6.489618982432114,4383,77.74903034451286
41,0.2165789473684211,1387.5,6.062884292901086,7156,71.81749580771366
42,0.2165789473684211,1662.5,6.01566829081875,10467,74.45820196809007
43,0.2165789473684211,2400.0,6.15835540711735,17366,82.085569503628
44,0.23815789473684212,625.0,6.54153671675643,3527,84.5211227672243
45,0.23815789473684212,1387.5,6.046462882096067,5725,71.14235807860227
46,0.23815789473684212,1662.5,6.079849694692333,8516,76.53569751056823
47,0.23815789473684212,2400.0,6.327323445366734,14698,86.81255953190933
48,0.25973684210526315,625.0,6.715893108298176,2844,84.20745428973261
49,0.25973684210526315,1387.5,6.148038176033926,4715,73.80530222693514
50,0.25973684210526315,1662.5,6.223514211886312,6966,84.07134654033872
51,0.25973684210526315,2400.0,6.2885486128262125,12147,86.9311764221623
52,0.28131578947368424,625.0,6.525754884547065,2252,76.56216696269992
53,0.28131578947368424,1387.5,6.177760775312413,3921,71.7870441213974
54,0.28131578947368424,1662.5,6.001378359751877,5804,72.86216402481033
55,0.28131578947368424,2400.0,6.263552878443727,10127,87.1635232546652
56,0.3028947368421053,625.0,6.848893685914735,1853,91.55585536967078
57,0.3028947368421053,1387.5,6.2612386042125,3181,78.12417478780242
58,0.3028947368421053,1662.5,6.347891243844998,4671,81.84221794048361
59,0.3028947368421053,2400.0,6.41328011611029,8268,90.27031930333807
60,0.32447368421052636,625.0,6.629852744310566,1494,78.59638554216863
61,0.32447368421052636,1387.5,6.293103448275884,2494,77.17441860465135
62,0.32447368421052636,1662.5,6.344864864864882,3700,86.18054054054039
63,0.32447368421052636,2400.0,6.324320124320125,6435,88.35508935508915
64,0.3460526315789474,625.0,6.719184430027801,1079,84.18906394810011
65,0.3460526315789474,1387.5,6.516281512605037,1904,84.33035714285703
66,0.3460526315789474,1662.5,6.283293798712312,2951,83.00779396814639
67,0.3460526315789474,2400.0,6.461269056448281,4854,95.1402966625461
68,0.3676315789473684,625.0,6.447859495060371,911,72.33150384193199
69,0.3676315789473684,1387.5,6.713896457765673,1468,87.90463215258852
70,0.3676315789473684,1662.5,6.590372388737522,2202,91.55313351498647
71,0.3676315789473684,2400.0,6.292608089260786,3585,87.43793584379351
72,0.3892105263157895,625.0,6.853915662650608,664,88.49548192771094
73,0.3892105263157895,1387.5,6.486757990867573,1095,82.3242009132422
74,0.3892105263157895,1662.5,6.665189873417714,1580,93.17911392405058
75,0.3892105263157895,2400.0,6.548204158790164,2645,91.2672967863892
76,0.7,625.0,6.677485380116943,3420,82.2201754385963
77,0.7,1387.5,6.611008836524292,5432,87.5605670103095
78,0.7,1662.5,6.856535600425082,7528,97.7741764080766
79,0.7,2400.0,6.7371530306708864,12357,99.42146151978604
