,voc_bin,rtmean,rtcount,rt_squaredmean
0,0.0007894736842105274,15.24203482624893,144661,651.218448648911
1,0.022368421052631583,18.55158751549775,37102,820.4406500997245
2,0.04394736842105264,20.077542206517453,20376,940.9159795838247
3,0.0655263157894737,20.494330113397744,11905,949.393616127677
4,0.08710526315789476,20.87990094923645,7269,993.0243499793634
5,0.1086842105263158,22.2025577557756,4848,1104.3089933993385
6,0.13026315789473686,22.412903225806478,3255,1228.4866359447008
7,0.1518421052631579,24.147263249348434,2302,1314.9456993918357
8,0.17342105263157898,22.745593419506434,1702,1148.9253819036426
9,0.195,24.261730205278585,1364,1590.4919354838712
10,0.2165789473684211,22.704480457578644,1049,1199.7626310772162
11,0.23815789473684212,24.678260869565232,920,1353.686956521739
12,0.25973684210526315,24.56366237482118,699,1303.3047210300429
13,0.28131578947368424,23.712887438825483,613,1195.510603588908
14,0.3028947368421053,25.134969325153364,489,1362.8895705521475
15,0.32447368421052636,25.718498659517447,373,1618.6675603217172
16,0.3460526315789474,25.06818181818182,308,1437.185064935064
17,0.3676315789473684,23.809756097560992,205,1138.70731707317
18,0.3892105263157895,25.22424242424243,165,1648.1212121212116
19,0.7,24.75808538163002,773,1416.9676584734805
