,voc_bin,elo_bin,rtmean,rtcount,rt_squaredmean
0,0.0007894736842105274,625.0,9.596343042799788,1687906,205.39615653952308
1,0.0007894736842105274,1387.5,9.606742453939617,1747435,213.2885595172359
2,0.0007894736842105274,1662.5,9.74136212653885,1133786,227.9330402739144
3,0.0007894736842105274,2400.0,9.654154481417338,417513,238.90005580664516
4,0.022368421052631583,625.0,11.272250832529586,384671,254.03941550051871
5,0.022368421052631583,1387.5,11.323420685122821,426055,261.7565619462271
6,0.022368421052631583,1662.5,11.594114104496546,287263,287.8828599576007
7,0.022368421052631583,2400.0,11.855351906158342,109120,315.5993585043991
8,0.04394736842105264,625.0,11.751121334652352,208234,273.1770556201202
9,0.04394736842105264,1387.5,11.978747326974645,235688,291.63965496758345
10,0.04394736842105264,1662.5,12.354220413390555,162413,362.2049466483602
11,0.04394736842105264,2400.0,12.717356061700443,62301,357.180526797324
12,0.0655263157894737,625.0,12.213788360697993,116330,293.1763775466346
13,0.0655263157894737,1387.5,12.403207534596524,135057,311.28385792665426
14,0.0655263157894737,1662.5,12.928391133736339,94290,352.554247534204
15,0.0655263157894737,2400.0,13.257736456089615,36677,381.4829457152986
16,0.08710526315789476,625.0,12.5103192472001,69288,305.436886618175
17,0.08710526315789476,1387.5,12.818823615036603,82439,329.4409320831169
18,0.08710526315789476,1662.5,13.429603682268896,59094,378.7648999898467
19,0.08710526315789476,2400.0,13.682655246252654,23350,408.2012847965738
20,0.1086842105263158,625.0,12.76193501542932,44072,318.2168270103475
21,0.1086842105263158,1387.5,13.120845639089266,53498,348.4389883733953
22,0.1086842105263158,1662.5,13.85196374622361,39058,407.0506426340316
23,0.1086842105263158,2400.0,14.215793838106752,15677,442.91643809402177
24,0.13026315789473686,625.0,12.910857908847252,29840,331.46568364611215
25,0.13026315789473686,1387.5,13.450291593309844,36352,361.4793408890844
26,0.13026315789473686,1662.5,14.09393353518405,27413,421.15810017145094
27,0.13026315789473686,2400.0,14.612639801171614,11266,457.54819811823165
28,0.1518421052631579,625.0,13.276693236599717,20951,343.690611426662
29,0.1518421052631579,1387.5,13.636374085284086,26101,367.1146316233086
30,0.1518421052631579,1662.5,14.49193671465638,19657,436.8176222210918
31,0.1518421052631579,2400.0,14.692664469669245,8193,464.0548028805089
32,0.17342105263157898,625.0,13.55781790242029,15618,355.2241003969786
33,0.17342105263157898,1387.5,13.855150214592285,19572,378.79608624565606
34,0.17342105263157898,1662.5,14.52592693011589,14753,439.358706703721
35,0.17342105263157898,2400.0,14.960360941024796,6206,485.61392201095657
36,0.195,625.0,13.492456805731122,11865,350.6277286135683
37,0.195,1387.5,14.075852104813805,15227,391.7734944506472
38,0.195,1662.5,14.621893542007015,11629,433.6403818041111
39,0.195,2400.0,15.151917098445558,4825,489.3699481865274
40,0.2165789473684211,625.0,13.566631908237722,9590,355.38581856100217
41,0.2165789473684211,1387.5,14.157903508041018,12001,406.2008999250058
42,0.2165789473684211,1662.5,15.46035722064908,9182,500.2937268568934
43,0.2165789473684211,2400.0,14.999999999999968,3881,493.00979129090405
44,0.23815789473684212,625.0,13.895551257253356,7755,367.11850419084385
45,0.23815789473684212,1387.5,14.33452648803436,9778,405.51881775414245
46,0.23815789473684212,1662.5,14.879550321199144,7472,453.7288543897218
47,0.23815789473684212,2400.0,15.006244146113001,3203,475.1367467998736
48,0.25973684210526315,625.0,13.769731618230898,6297,365.97935524853045
49,0.25973684210526315,1387.5,14.454291163382067,7865,421.10629370629425
50,0.25973684210526315,1662.5,15.396039603960427,6060,490.27755775577566
51,0.25973684210526315,2400.0,15.476748582230636,2645,536.8030245746684
52,0.28131578947368424,625.0,13.58968105065664,5330,345.0354596622873
53,0.28131578947368424,1387.5,14.473235645932997,6688,415.6744916267952
54,0.28131578947368424,1662.5,15.20038387715928,5210,471.61727447216856
55,0.28131578947368424,2400.0,14.69354838709679,2170,473.8262672811055
56,0.3028947368421053,625.0,13.798117647058833,4250,357.24894117647045
57,0.3028947368421053,1387.5,14.43376383763837,5420,411.03487084870795
58,0.3028947368421053,1662.5,15.258282781147885,4286,462.22655156322736
59,0.3028947368421053,2400.0,15.5078933043005,1837,548.4953728905829
60,0.32447368421052636,625.0,13.907292589312055,3387,366.7948036610582
61,0.32447368421052636,1387.5,14.857209737827716,4272,455.1118913857673
62,0.32447368421052636,1662.5,15.466091612135653,3362,480.4559785841752
63,0.32447368421052636,2400.0,14.76881720430108,1488,486.73521505376345
64,0.3460526315789474,625.0,14.073926868044532,2516,422.77583465818736
65,0.3460526315789474,1387.5,14.93634686346862,3252,448.94741697416913
66,0.3460526315789474,1662.5,15.280701754385952,2508,473.50797448165815
67,0.3460526315789474,2400.0,14.312149532710263,1070,416.15514018691516
68,0.3676315789473684,625.0,14.319465081723608,2019,389.92719167904875
69,0.3676315789473684,1387.5,14.937448896156965,2446,464.0347506132455
70,0.3676315789473684,1662.5,15.386904761904784,1848,463.27435064935025
71,0.3676315789473684,2400.0,14.456441717791392,815,450.64294478527586
72,0.3892105263157895,625.0,14.623959000640612,1561,408.9442664958355
73,0.3892105263157895,1387.5,15.18023887079257,1842,484.94245385450535
74,0.3892105263157895,1662.5,15.612021857923514,1464,527.4863387978148
75,0.3892105263157895,2400.0,15.830670926517547,626,577.79552715655
76,0.7,625.0,13.683087460484717,7592,366.5300316122225
77,0.7,1387.5,14.617115080262275,8846,438.32704047027
78,0.7,1662.5,15.90665390138826,6267,549.6733684378501
79,0.7,2400.0,14.679420056383393,2483,455.88360853805864
