,voc_bin,elo_bin,rtmean,rtcount,rt_squaredmean
0,0.0007894736842105274,625.0,4.3298952092726335,728595,38.1337533197456
1,0.0007894736842105274,1387.5,4.1201530239070285,765632,35.882271117194776
2,0.0007894736842105274,1662.5,4.0117342216657015,587768,35.3271273699826
3,0.0007894736842105274,2400.0,3.947559119482662,398811,36.15946902166698
4,0.022368421052631583,625.0,4.909096322053984,167947,45.63150279552473
5,0.022368421052631583,1387.5,4.670478837109876,187120,42.7573215049166
6,0.022368421052631583,1662.5,4.616478596462788,148083,43.658812963000486
7,0.022368421052631583,2400.0,4.627285364017225,103594,45.34663204432692
8,0.04394736842105264,625.0,5.193819533051265,89346,51.77434915944751
9,0.04394736842105264,1387.5,4.9951084602968505,101604,49.406548954765725
10,0.04394736842105264,1662.5,4.95858728115972,82366,49.75712065658168
11,0.04394736842105264,2400.0,5.045527009112097,59591,53.895957443237954
12,0.0655263157894737,625.0,5.345338939171153,48283,53.70824099579563
13,0.0655263157894737,1387.5,5.193070855196842,57554,52.99718525211086
14,0.0655263157894737,1662.5,5.241546502109455,47643,55.10771781793779
15,0.0655263157894737,2400.0,5.299640114483287,35289,59.57689364957933
16,0.08710526315789476,625.0,5.497048569160137,28969,56.386551140874715
17,0.08710526315789476,1387.5,5.386897968500338,35048,56.797820132389866
18,0.08710526315789476,1662.5,5.454815816154109,29590,60.033322068266315
19,0.08710526315789476,2400.0,5.505643746908292,22237,63.95534469577707
20,0.1086842105263158,625.0,5.663740753008744,18114,60.223418350447325
21,0.1086842105263158,1387.5,5.558638813415874,22451,60.141775422030314
22,0.1086842105263158,1662.5,5.594665976178147,19310,63.16473329880897
23,0.1086842105263158,2400.0,5.76561232765612,14796,69.82860232495264
24,0.13026315789473686,625.0,5.744846891169713,11789,67.97981168886247
25,0.13026315789473686,1387.5,5.751455675498861,15285,63.508079816813826
26,0.13026315789473686,1662.5,5.75596072931276,13547,67.2833837750054
27,0.13026315789473686,2400.0,5.799245283018887,10600,71.6883018867926
28,0.1518421052631579,625.0,5.823990498812352,8420,63.19809976247028
29,0.1518421052631579,1387.5,5.8359511343804495,10887,67.66400293928527
30,0.1518421052631579,1662.5,5.9751294284844265,9851,72.52756065374093
31,0.1518421052631579,2400.0,5.983341810783325,7864,75.37118514750749
32,0.17342105263157898,625.0,5.958829205532327,6218,65.03023480218721
33,0.17342105263157898,1387.5,5.906647116324532,8184,68.17790811339202
34,0.17342105263157898,1662.5,5.957721825770837,7427,69.18971320856359
35,0.17342105263157898,2400.0,6.095094592332146,5973,77.28109827557319
36,0.195,625.0,5.96563356525405,4743,66.1271347248578
37,0.195,1387.5,5.989408789124274,6326,69.27489724944665
38,0.195,1662.5,6.136268708666887,5746,76.19230769230768
39,0.195,2400.0,6.080181543116486,4627,75.78971255673197
40,0.2165789473684211,625.0,6.267640573318628,3628,73.5085446527013
41,0.2165789473684211,1387.5,6.017334130304826,5019,69.27136879856518
42,0.2165789473684211,1662.5,6.2473867595818655,4592,79.44512195121945
43,0.2165789473684211,2400.0,6.025414660246124,3738,78.28544676297484
44,0.23815789473684212,625.0,6.153871391076121,3048,70.62565616797923
45,0.23815789473684212,1387.5,6.074210139603235,4083,74.58265980896391
46,0.23815789473684212,1662.5,6.052388707926164,3684,71.81080347448417
47,0.23815789473684212,2400.0,6.0811912225705385,3190,75.92382445141033
48,0.25973684210526315,625.0,6.381011097410595,2433,74.46979038224433
49,0.25973684210526315,1387.5,6.086318261890795,3406,69.94010569583088
50,0.25973684210526315,1662.5,6.191014765944064,3183,74.78667923342744
51,0.25973684210526315,2400.0,6.139043824701212,2510,78.11513944223124
52,0.28131578947368424,625.0,6.095823095823095,2035,68.08108108108138
53,0.28131578947368424,1387.5,6.247656813266042,2774,77.87995674116785
54,0.28131578947368424,1662.5,6.054898970644306,2623,72.02592451391517
55,0.28131578947368424,2400.0,6.194036697247696,2180,82.119724770642
56,0.3028947368421053,625.0,6.356121814791793,1609,74.87942821628326
57,0.3028947368421053,1387.5,6.121759259259264,2160,74.16342592592576
58,0.3028947368421053,1662.5,6.325153374233126,2119,80.46012269938666
59,0.3028947368421053,2400.0,6.371024734982321,1698,88.0094228504121
60,0.32447368421052636,625.0,6.224489795918363,1274,70.79434850863426
61,0.32447368421052636,1387.5,6.228387850467299,1712,73.8113317757011
62,0.32447368421052636,1662.5,6.222222222222222,1683,76.52168746286388
63,0.32447368421052636,2400.0,6.127644055433979,1371,74.6484318016044
64,0.3460526315789474,625.0,6.172901921132457,989,68.81395348837208
65,0.3460526315789474,1387.5,6.343553459119495,1272,81.56682389937095
66,0.3460526315789474,1662.5,6.33059885151763,1219,82.43232157506165
67,0.3460526315789474,2400.0,6.269743589743582,975,85.40410256410263
68,0.3676315789473684,625.0,6.674002751031631,727,82.1513067400276
69,0.3676315789473684,1387.5,6.158697863682604,983,70.10986775178037
70,0.3676315789473684,1662.5,6.273495248152065,947,81.68637803590276
71,0.3676315789473684,2400.0,6.422005571030639,718,88.64206128133694
72,0.3892105263157895,625.0,6.2098765432098775,567,64.13227513227505
73,0.3892105263157895,1387.5,6.360892388451441,762,78.66272965879264
74,0.3892105263157895,1662.5,6.614958448753459,722,83.19944598337959
75,0.3892105263157895,2400.0,6.397082658022689,617,74.96110210696908
76,0.7,625.0,6.328066215199397,2658,79.36945071482326
77,0.7,1387.5,6.378830083565453,3590,81.80891364902519
78,0.7,1662.5,6.450238473767877,3145,85.8868044515103
79,0.7,2400.0,6.22512647554807,2372,81.3650927487353
