,voc_bin,elo_bin,rtmean,rtcount,rt_squaredmean
0,0.0007894736842105274,625.0,4.621426577059201,770025,44.21866822505746
1,0.0007894736842105274,1387.5,4.142396570912793,1245346,38.36584451228829
2,0.0007894736842105274,1662.5,3.9568249162383164,1580078,37.45327888876367
3,0.0007894736842105274,2400.0,3.839465270737082,2121597,40.6965177646836
4,0.022368421052631583,625.0,5.288396317115042,169541,55.12950849646993
5,0.022368421052631583,1387.5,4.71448358867295,297447,44.795513150241966
6,0.022368421052631583,1662.5,4.500983609899275,392432,43.46631773147967
7,0.022368421052631583,2400.0,4.458617503410038,545448,44.82993795925541
8,0.04394736842105264,625.0,5.522667325154611,89093,58.22680794226252
9,0.04394736842105264,1387.5,4.998578358627717,160378,49.98163089700579
10,0.04394736842105264,1662.5,4.8243862241680215,217221,48.6170397889706
11,0.04394736842105264,2400.0,4.902174998309093,310483,53.34770019614595
12,0.0655263157894737,625.0,5.733595236633733,48873,62.39539213880888
13,0.0655263157894737,1387.5,5.191263427338666,89463,53.32805740920824
14,0.0655263157894737,1662.5,5.096515221197523,123939,63.04731359781823
15,0.0655263157894737,2400.0,5.22834046652146,182714,59.80655560055618
16,0.08710526315789476,625.0,5.881463551532997,28506,67.55963656773993
17,0.08710526315789476,1387.5,5.375924566653472,53133,57.107654376752656
18,0.08710526315789476,1662.5,5.33022235147924,75646,59.46445284615149
19,0.08710526315789476,2400.0,5.483975354665025,115884,66.22778813296034
20,0.1086842105263158,625.0,6.13827050005595,17878,74.71148898087039
21,0.1086842105263158,1387.5,5.525465765153987,33869,60.72030470341628
22,0.1086842105263158,1662.5,5.505410489270045,49441,63.21132258651716
23,0.1086842105263158,2400.0,5.6929873069355175,77759,71.55018711660409
24,0.13026315789473686,625.0,6.125395603455653,11691,71.95312633649822
25,0.13026315789473686,1387.5,5.64500990269525,23226,62.56363558081459
26,0.13026315789473686,1662.5,5.64194380902106,34098,66.70751950261025
27,0.13026315789473686,2400.0,5.861503550252535,54644,75.00190322816763
28,0.1518421052631579,625.0,6.323784304285038,8308,77.02094366875296
29,0.1518421052631579,1387.5,5.793251008680778,16358,64.74043281574781
30,0.1518421052631579,1662.5,5.755893441604176,24137,68.36259684302102
31,0.1518421052631579,2400.0,5.977495426409063,39903,77.29088038493359
32,0.17342105263157898,625.0,6.330315278900561,6185,73.99434114793848
33,0.17342105263157898,1387.5,5.8886504333470695,12115,68.25497317375131
34,0.17342105263157898,1662.5,5.830605337624146,18023,69.70587582533393
35,0.17342105263157898,2400.0,6.151627565002339,29922,82.7690328186619
36,0.195,625.0,6.301375752364573,4652,77.33147033533984
37,0.195,1387.5,5.886548534492351,8973,66.22824027638478
38,0.195,1662.5,5.935472293999428,13932,72.11922193511363
39,0.195,2400.0,6.265389406761437,23279,86.22604063748443
40,0.2165789473684211,625.0,6.336652314316468,3716,72.5998385360602
41,0.2165789473684211,1387.5,6.204615384615403,7150,77.00209790209786
42,0.2165789473684211,1662.5,5.895709392464414,11094,69.61177212907874
43,0.2165789473684211,2400.0,6.311352785145878,18850,85.78286472148525
44,0.23815789473684212,625.0,6.377608479629019,3019,75.43623716462416
45,0.23815789473684212,1387.5,6.051408211740759,5894,71.4969460468272
46,0.23815789473684212,1662.5,5.998663994655983,8982,72.86216878200848
47,0.23815789473684212,2400.0,6.404203929760424,15319,89.38742737776636
48,0.25973684210526315,625.0,6.489946655724258,2437,80.84201887566672
49,0.25973684210526315,1387.5,6.061474558670824,4815,69.73582554517132
50,0.25973684210526315,1662.5,6.128661374212969,7306,76.28305502326863
51,0.25973684210526315,2400.0,6.3186524493895835,12942,88.87776232421587
52,0.28131578947368424,625.0,6.637688703800103,1921,85.64862051015088
53,0.28131578947368424,1387.5,6.172135285209482,3962,74.37304391721348
54,0.28131578947368424,1662.5,6.187651136546833,6203,78.51652426245381
55,0.28131578947368424,2400.0,6.374074421220378,10669,87.17489924079133
56,0.3028947368421053,625.0,6.472928897586435,1533,75.0560991519897
57,0.3028947368421053,1387.5,6.157640232108326,3102,72.37749838813657
58,0.3028947368421053,1662.5,6.182797844741547,5011,78.04071043703853
59,0.3028947368421053,2400.0,6.388598088302225,8788,87.51900318616299
60,0.32447368421052636,625.0,6.689883913764501,1206,84.42288557213932
61,0.32447368421052636,1387.5,6.329774614472116,2529,79.98181099248698
62,0.32447368421052636,1662.5,6.166543301258351,4053,76.77152726375525
63,0.32447368421052636,2400.0,6.256980056980049,7020,88.0806267806268
64,0.3460526315789474,625.0,7.0585267406659815,991,107.8113017154389
65,0.3460526315789474,1387.5,6.377684651650069,1909,76.71398638030382
66,0.3460526315789474,1662.5,6.110998650472325,2964,78.35188933873131
67,0.3460526315789474,2400.0,6.44718581341557,5188,92.07440246723195
68,0.3676315789473684,625.0,7.016905071521459,769,96.75162548764638
69,0.3676315789473684,1387.5,6.345974717232196,1503,76.9115103127081
70,0.3676315789473684,1662.5,6.62732382187635,2313,88.07047124945967
71,0.3676315789473684,2400.0,6.819110884006122,3914,102.88809402146147
72,0.3892105263157895,625.0,6.1815235008103775,617,67.15397082658028
73,0.3892105263157895,1387.5,6.394439617723718,1151,77.46655082536907
74,0.3892105263157895,1662.5,6.434445768772358,1678,85.97914183551838
75,0.3892105263157895,2400.0,6.807035519125679,2928,97.88695355191251
76,0.7,625.0,6.637811634349035,2888,80.59141274238223
77,0.7,1387.5,6.568888056907551,5342,83.74934481467595
78,0.7,1662.5,6.657229143072867,7947,90.40732351830877
79,0.7,2400.0,7.033585476550684,13220,106.90393343419063
