,voc_bin,rtmean,rtcount,rt_squaredmean
0,0.0007894736842105274,6.2036681390944155,3779246,90.35720405604705
1,0.022368421052631583,7.319313283440345,927719,114.82362870653687
2,0.04394736842105264,7.82701341310433,518150,129.92254945479132
3,0.0655263157894737,8.17551199882742,300196,140.29871817079547
4,0.08710526315789476,8.451168264477028,186088,151.1604241004256
5,0.1086842105263158,8.721866892917166,122578,162.53429652955742
6,0.13026315789473686,8.972478568417117,85388,168.32306647304063
7,0.1518421052631579,9.135630751062013,60967,173.77676447914484
8,0.17342105263157898,9.234300837726087,45719,179.68741661016185
9,0.195,9.339688967631231,35559,180.37132652774247
10,0.2165789473684211,9.436754512508353,28421,186.23299672777188
11,0.23815789473684212,9.534181307695597,23507,190.33802697069018
12,0.25973684210526315,9.516377944708482,19569,190.35709540599893
13,0.28131578947368424,9.469656665635641,16165,186.82567274976824
14,0.3028947368421053,9.628835740072239,13296,194.12642900120395
15,0.32447368421052636,9.341285810098702,10437,180.4730286480789
16,0.3460526315789474,9.577234726688083,7775,190.8654662379418
17,0.3676315789473684,9.663952884115686,5773,190.50199203187202
18,0.3892105263157895,9.626893070215718,4358,195.1073887104177
19,0.7,9.550461922596785,20025,193.92289637952584
