,voc_bin,rtmean,rtcount,rt_squaredmean
0,0.0007894736842105274,6.483858960040406,7527427,99.16129920622289
1,0.022368421052631583,7.549227822056142,1818169,119.81475209400254
2,0.04394736842105264,8.025669272236662,1005794,136.7694478193349
3,0.0655263157894737,8.405507700795047,572798,147.4900645602808
4,0.08710526315789476,8.687115437597559,348448,156.51199031132361
5,0.1086842105263158,8.91499724517908,226875,164.510862809917
6,0.13026315789473686,9.118737889161604,154820,170.6057033974943
7,0.1518421052631579,9.298996685478851,111630,182.06121114395813
8,0.17342105263157898,9.48816286165685,82917,185.35332923284764
9,0.195,9.58679337308642,63559,187.26753095548997
10,0.2165789473684211,9.725410714633725,51313,197.27008750219264
11,0.23815789473684212,9.76397292708009,41813,194.85401669337318
12,0.25973684210526315,9.813616848456691,34472,197.51024019494153
13,0.28131578947368424,9.784868467701909,28206,196.26370275827853
14,0.3028947368421053,10.087892222270103,23233,211.36426634528453
15,0.32447368421052636,9.854968910221436,18334,200.0883058797859
16,0.3460526315789474,10.072277869856627,13877,208.8394465662606
17,0.3676315789473684,10.221749006246462,10566,217.2425705091811
18,0.3892105263157895,10.361534616345942,8002,225.079855036241
19,0.7,10.402611476753139,37833,223.79980440356306
