,voc_bin,elo_bin,rtmean,rtcount,rt_squaredmean
0,0.0007894736842105274,625.0,4.610632296437536,880995,43.98302147004244
1,0.0007894736842105274,1387.5,4.13726342930679,1292267,37.44998440724714
2,0.0007894736842105274,1662.5,3.9536819379487746,1590589,35.83659323684491
3,0.0007894736842105274,2400.0,3.8144509449808846,2099143,36.451259394905485
4,0.022368421052631583,625.0,5.268729080654207,194497,53.739317315948284
5,0.022368421052631583,1387.5,4.7005847726117915,309009,55.43815552297839
6,0.022368421052631583,1662.5,4.494101161117314,396773,42.91050046248118
7,0.022368421052631583,2400.0,4.44102302998105,542076,44.46170278706299
8,0.04394736842105264,625.0,5.473261590208712,102867,57.33858283025644
9,0.04394736842105264,1387.5,4.990346160816766,165530,50.1133208481846
10,0.04394736842105264,1662.5,4.831670982094009,219368,48.927956675540706
11,0.04394736842105264,2400.0,4.88493272755064,307481,52.69807890568843
12,0.0655263157894737,625.0,5.675642065423092,55485,60.96950527169502
13,0.0655263157894737,1387.5,5.246200806004844,92059,55.109657936758026
14,0.0655263157894737,1662.5,5.111355066583937,125706,54.53260783097064
15,0.0655263157894737,2400.0,5.2349337072077615,181166,60.54391000518879
16,0.08710526315789476,625.0,5.831646079068755,32301,65.02783195566678
17,0.08710526315789476,1387.5,5.400531511009889,55314,58.68331706258813
18,0.08710526315789476,1662.5,5.357244960853993,76253,59.876490105307454
19,0.08710526315789476,2400.0,5.460548219810872,114735,65.29887131215406
20,0.1086842105263158,625.0,5.97351616256623,20201,68.86931340032682
21,0.1086842105263158,1387.5,5.533578189009754,35395,62.00285351038279
22,0.1086842105263158,1662.5,5.498540408685575,50014,63.094733474627034
23,0.1086842105263158,2400.0,5.661485993960217,76824,68.87506508382799
24,0.13026315789473686,625.0,6.039884961780089,13213,69.39446000151352
25,0.13026315789473686,1387.5,5.772864108543564,23585,67.0341742633029
26,0.13026315789473686,1662.5,5.643626700557482,34621,66.88131480893098
27,0.13026315789473686,2400.0,5.8475260854931,53478,73.98612513556989
28,0.1518421052631579,625.0,6.264152958769495,9362,75.77622302926689
29,0.1518421052631579,1387.5,5.696494137155038,16886,63.72882861542096
30,0.1518421052631579,1662.5,5.8091150623339525,24465,69.64798692009008
31,0.1518421052631579,2400.0,5.9760511319883145,38958,77.25121926176936
32,0.17342105263157898,625.0,6.310842663523879,6788,75.33765468473786
33,0.17342105263157898,1387.5,5.891657289824778,12442,67.01414563575004
34,0.17342105263157898,1662.5,5.901161190908586,18171,70.31368664355281
35,0.17342105263157898,2400.0,6.078580823580964,29651,80.89609119422613
36,0.195,625.0,6.272181579440991,5331,73.47233164509448
37,0.195,1387.5,5.905184393372533,9355,68.85975414217003
38,0.195,1662.5,5.987529563534707,13953,73.80806994911487
39,0.195,2400.0,6.172142088266936,23225,83.11044133476861
40,0.2165789473684211,625.0,6.412604628261915,4062,75.87444608567156
41,0.2165789473684211,1387.5,6.030925086643558,7502,69.58997600639846
42,0.2165789473684211,1662.5,6.05384476859351,11106,75.49594813614246
43,0.2165789473684211,2400.0,6.333043855840221,18424,85.67010421189772
44,0.23815789473684212,625.0,6.309133489461368,3416,81.26405152224804
45,0.23815789473684212,1387.5,6.058029908972685,6152,72.40946033810143
46,0.23815789473684212,1662.5,6.149517684887464,9330,80.8539121114684
47,0.23815789473684212,2400.0,6.360963948830595,15478,88.0051040186071
48,0.25973684210526315,625.0,6.60788530465951,2790,83.69390681003591
49,0.25973684210526315,1387.5,6.175344105326128,5013,76.74266906044299
50,0.25973684210526315,1662.5,6.141016949152544,7375,76.92393220338947
51,0.25973684210526315,2400.0,6.364873270097968,12862,89.34963458249096
52,0.28131578947368424,625.0,6.776454420522209,2183,82.76179569399889
53,0.28131578947368424,1387.5,6.132459970887906,4122,72.39058709364367
54,0.28131578947368424,1662.5,6.163783526424383,6301,77.80288843040805
55,0.28131578947368424,2400.0,6.3049042503503125,10705,87.99850537132184
56,0.3028947368421053,625.0,6.4428406466512484,1732,74.84815242494214
57,0.3028947368421053,1387.5,6.085266646580292,3319,71.66827357637841
58,0.3028947368421053,1662.5,6.317662990907343,5169,85.69201005997273
59,0.3028947368421053,2400.0,6.219352617079887,8712,83.96774563819989
60,0.32447368421052636,625.0,6.478593272171261,1308,74.30122324159034
61,0.32447368421052636,1387.5,5.9692132269099245,2631,68.97795515013291
62,0.32447368421052636,1662.5,6.294558162755863,4006,77.99251123315
63,0.32447368421052636,2400.0,6.401260812197615,6821,90.17284855593002
64,0.3460526315789474,625.0,6.892380952380958,1050,91.41619047619041
65,0.3460526315789474,1387.5,6.257475924987328,1973,81.45362392295985
66,0.3460526315789474,1662.5,6.347068676716906,2985,83.18860971524306
67,0.3460526315789474,2400.0,6.461885940146814,5313,88.98927159796716
68,0.3676315789473684,625.0,6.701456310679611,824,106.02912621359225
69,0.3676315789473684,1387.5,6.397196261682256,1498,75.83244325767686
70,0.3676315789473684,1662.5,6.484982332155482,2264,84.23144876325094
71,0.3676315789473684,2400.0,6.644175013178687,3794,97.87717448603047
72,0.3892105263157895,625.0,6.592948717948729,624,80.4423076923077
73,0.3892105263157895,1387.5,6.472914875322439,1163,84.24591573516756
74,0.3892105263157895,1662.5,6.372189349112422,1690,78.21005917159765
75,0.3892105263157895,2400.0,6.610069444444439,2880,94.75937500000003
76,0.7,625.0,6.542172424525353,3213,80.2981637099284
77,0.7,1387.5,6.497783294910429,5639,84.60134775669404
78,0.7,1662.5,6.755069631077442,8186,96.50561935011014
79,0.7,2400.0,6.971561807201279,13081,109.9487042275052
