,voc_bin,elo_bin,rtmean,rtcount,rt_squaredmean
0,0.0007894736842105274,625.0,4.366508362249119,614428,38.51652105698302
1,0.0007894736842105274,1387.5,4.115066690101483,756709,35.65435061562647
2,0.0007894736842105274,1662.5,4.031438418661698,614821,35.714012696378305
3,0.0007894736842105274,2400.0,3.9315133343853494,430916,35.744548821580025
4,0.022368421052631583,625.0,4.983580378059339,142147,46.554362737166485
5,0.022368421052631583,1387.5,4.710604971435057,185017,43.58958365988
6,0.022368421052631583,1662.5,4.6191631486820315,155392,43.29981594934095
7,0.022368421052631583,2400.0,4.624336917562737,111600,45.405752688172214
8,0.04394736842105264,625.0,5.2388343574601715,75186,51.79984305588804
9,0.04394736842105264,1387.5,4.995403834458287,100301,48.755984486695205
10,0.04394736842105264,1662.5,4.978403679716364,86311,49.63238752882038
11,0.04394736842105264,2400.0,4.990398259388861,63426,52.40196449405623
12,0.0655263157894737,625.0,5.440721025889187,41330,55.71882409871759
13,0.0655263157894737,1387.5,5.2443198950000784,56381,53.159610507085766
14,0.0655263157894737,1662.5,5.254725597649115,50364,54.665495194980664
15,0.0655263157894737,2400.0,5.3138331911262755,37504,58.72440273037538
16,0.08710526315789476,625.0,5.624782139596654,24098,59.49389990870615
17,0.08710526315789476,1387.5,5.462384526558881,34640,59.467118937644436
18,0.08710526315789476,1662.5,5.4163695299837835,30850,58.750502431118235
19,0.08710526315789476,2400.0,5.534847853272195,23990,64.5636098374323
20,0.1086842105263158,625.0,5.649522075557589,15379,58.11041029975947
21,0.1086842105263158,1387.5,5.539232958395454,22137,59.84550752134437
22,0.1086842105263158,1662.5,5.614374225526644,20175,62.65516728624532
23,0.1086842105263158,2400.0,5.766372355967732,15743,70.56355205488144
24,0.13026315789473686,625.0,5.824509617215764,10502,63.75480860788411
25,0.13026315789473686,1387.5,5.735524568393087,15060,63.24229747675967
26,0.13026315789473686,1662.5,5.807529883329758,13971,67.12726361749326
27,0.13026315789473686,2400.0,5.763306704963654,11141,72.23112826496735
28,0.1518421052631579,625.0,5.879562542720419,7315,62.241558441558375
29,0.1518421052631579,1387.5,5.779970353900304,10794,63.94339447841382
30,0.1518421052631579,1662.5,5.876352088915359,10077,68.27448645430198
31,0.1518421052631579,2400.0,5.956599928066189,8341,73.97865963313731
32,0.17342105263157898,625.0,6.025392083644509,5356,66.87789395070976
33,0.17342105263157898,1387.5,5.817183304857223,8194,64.89187210153763
34,0.17342105263157898,1662.5,5.916547696301093,7705,68.72744970798175
35,0.17342105263157898,2400.0,6.128714444621013,6293,78.76529477196891
36,0.195,625.0,5.985085945399382,3956,63.8693124368048
37,0.195,1387.5,5.965894465894477,6216,68.5032175032175
38,0.195,1662.5,6.0330913388485605,5923,72.61151443525222
39,0.195,2400.0,6.2955755837771195,4882,82.48852929127388
40,0.2165789473684211,625.0,6.14144533662755,3238,68.63063619518232
41,0.2165789473684211,1387.5,5.9722552516845,5046,69.2318668252079
42,0.2165789473684211,1662.5,6.164968567092997,4613,77.91393886841534
43,0.2165789473684211,2400.0,6.31012166709811,3863,86.85581154543091
44,0.23815789473684212,625.0,6.2597059932152215,2653,74.12250282698815
45,0.23815789473684212,1387.5,5.859692612791272,4034,62.723351512146785
46,0.23815789473684212,1662.5,6.0862024993624155,3921,71.45524100994646
47,0.23815789473684212,2400.0,6.138570986699633,3233,76.77822455923285
48,0.25973684210526315,625.0,6.317153628652208,2122,75.333176248822
49,0.25973684210526315,1387.5,6.163493502568752,3309,74.30492595950459
50,0.25973684210526315,1662.5,6.223219814241483,3230,76.38482972136221
51,0.25973684210526315,2400.0,6.084881602914391,2745,77.31621129326048
52,0.28131578947368424,625.0,6.083956296722248,1739,67.65727429557221
53,0.28131578947368424,1387.5,6.208714756499454,2731,76.63493225924567
54,0.28131578947368424,1662.5,6.245495495495485,2664,79.27177177177164
55,0.28131578947368424,2400.0,6.370716510903437,2247,88.36982643524719
56,0.3028947368421053,625.0,5.7907979870596655,1391,61.854061826024584
57,0.3028947368421053,1387.5,6.125330979699913,2266,72.14121800529563
58,0.3028947368421053,1662.5,6.3735267452402695,2206,80.58023572076148
59,0.3028947368421053,2400.0,6.1576696953500845,1871,78.60769641902708
60,0.32447368421052636,625.0,6.102447869446955,1103,68.06255666364447
61,0.32447368421052636,1387.5,6.305385896724038,1801,77.21265963353707
62,0.32447368421052636,1662.5,6.19710669077758,1659,74.71910789632294
63,0.32447368421052636,2400.0,5.819156061620888,1493,65.45077026121912
64,0.3460526315789474,625.0,6.408872901678666,834,75.24580335731413
65,0.3460526315789474,1387.5,5.988085782366951,1259,69.06354249404278
66,0.3460526315789474,1662.5,6.349599999999988,1250,78.53679999999994
67,0.3460526315789474,2400.0,5.872050816696919,1102,66.71234119782203
68,0.3676315789473684,625.0,6.606012658227858,632,77.89082278481017
69,0.3676315789473684,1387.5,6.078391959798978,995,67.40502512562786
70,0.3676315789473684,1662.5,6.648999999999991,1000,90.67099999999986
71,0.3676315789473684,2400.0,6.425091352009747,821,81.3824604141291
72,0.3892105263157895,625.0,6.359918200408999,489,82.55214723926393
73,0.3892105263157895,1387.5,6.573490813648296,762,82.7020997375328
74,0.3892105263157895,1662.5,6.563587684069618,747,87.14725568942434
75,0.3892105263157895,2400.0,6.5609348914858,599,88.72787979966618
76,0.7,625.0,6.321381722780949,2287,78.83296895496301
77,0.7,1387.5,6.26090750436301,3438,77.48022105875498
78,0.7,1662.5,6.440762738355743,3199,85.67114723351031
79,0.7,2400.0,6.160814046288906,2506,84.05387071029548
