,voc_bin,rtmean,rtcount,rt_squaredmean
0,0.0007894736842105274,9.651246774115052,4459629,215.16907482662796
1,0.022368421052631583,11.481642709411977,1084501,274.9548935409009
2,0.04394736842105264,12.115965189742411,603845,304.9254875009317
3,0.0655263157894737,12.657679691380103,346316,330.08970708832476
4,0.08710526315789476,13.040134975503953,212483,354.72900420269025
5,0.1086842105263158,13.401173759631298,138870,364.5229135162387
6,0.13026315789473686,13.70655963930938,94929,383.7669205406154
7,0.1518421052631579,13.824858425515657,68162,385.14952612892756
8,0.17342105263157898,14.183498285154329,51025,408.2663596276343
9,0.195,14.306014490936866,39887,414.5329555995685
10,0.2165789473684211,14.432723564280678,31378,420.18114602587804
11,0.23815789473684212,14.53110850897743,25620,431.73149882903937
12,0.25973684210526315,14.617495630815716,21171,430.38755845259965
13,0.28131578947368424,14.512173078009315,17703,421.23690899847355
14,0.3028947368421053,14.709246503861408,14373,443.4857023585899
15,0.32447368421052636,14.726321390564012,11276,440.1347995743159
16,0.3460526315789474,14.72007042253521,8520,443.6834507042263
17,0.3676315789473684,14.925577812018492,6490,443.2355932203402
18,0.3892105263157895,14.728627613330577,4831,439.0627199337613
19,0.7,14.794147639104414,22555,456.1286632675673
