,voc_bin,rtmean,rtcount,rt_squaredmean
0,0.0007894736842105274,41.99031777557101,4028,4837.754468718973
1,0.022368421052631583,54.32352941176471,1088,7748.426470588237
2,0.04394736842105264,55.87432675044881,557,7475.156193895867
3,0.0655263157894737,63.23232323232324,297,9092.565656565666
4,0.08710526315789476,66.87428571428572,175,9966.542857142855
5,0.1086842105263158,61.84126984126984,126,8638.61904761904
6,0.13026315789473686,67.58620689655173,87,8915.33333333333
7,0.1518421052631579,75.10344827586205,58,17532.517241379304
8,0.17342105263157898,53.77777777777777,45,5253.555555555553
9,0.195,77.64864864864866,37,12547.108108108108
10,0.2165789473684211,82.85714285714286,28,13328.428571428569
11,0.23815789473684212,42.999999999999986,13,2978.6923076923076
12,0.25973684210526315,50.86363636363637,22,5067.863636363635
13,0.28131578947368424,106.75,8,21734.5
14,0.3028947368421053,66.78571428571429,14,8334.5
15,0.32447368421052636,68.58333333333333,12,15733.916666666664
16,0.3460526315789474,74.42857142857143,7,8797.57142857143
17,0.3676315789473684,32.0,4,1265.9999999999998
18,0.3892105263157895,75.2,5,19542.0
19,0.7,101.42857142857139,14,16053.428571428567
