,voc_bin,rtmean,rtcount,rt_squaredmean
0,0.0007894736842105274,4.02673152416035,4686377,39.07430238753723
1,0.022368421052631583,4.6149340735359266,1152117,49.49290046063031
2,0.04394736842105264,4.970119139426176,635390,53.46754591668101
3,0.0655263157894737,5.231016570496572,364805,57.375285426460636
4,0.08710526315789476,5.422534517648312,223364,61.20548969395253
5,0.1086842105263158,5.676569185903889,146764,67.54922188002529
6,0.13026315789473686,5.776385432713222,101268,69.23888098905876
7,0.1518421052631579,5.90372033179118,73058,71.40258424813182
8,0.17342105263157898,6.063008466016565,54453,76.81628193120662
9,0.195,6.110193749852135,42271,78.27181755813672
10,0.2165789473684211,6.157943478520645,33474,78.95217183485708
11,0.23815789473684212,6.213067764221671,27212,80.72820814346596
12,0.25973684210526315,6.312420256060529,22729,82.69422323903359
13,0.28131578947368424,6.4206097173705885,18894,87.21017254154766
14,0.3028947368421053,6.269504472155107,15317,81.62016060586272
15,0.32447368421052636,6.253860609526892,12239,82.47414004412103
16,0.3460526315789474,6.412215364971262,9398,86.61459885081926
17,0.3676315789473684,6.5241470979175755,6771,86.98729877418378
18,0.3892105263157895,6.691056910569111,5166,91.15021293070085
19,0.7,6.840590621993562,23907,98.13937340527879
