,voc_bin,rtmean,rtcount,rt_squaredmean
0,0.0007894736842105274,4.055975192698806,5605769,38.77357771966703
1,0.022368421052631583,4.630698488459962,1373566,45.703086710067076
2,0.04394736842105264,4.982319645600859,757564,52.22711744486275
3,0.0655263157894737,5.248156081185434,433723,57.66930506336994
4,0.08710526315789476,5.425663015684102,266321,61.17440982874072
5,0.1086842105263158,5.661077719848278,173199,66.73228482843396
6,0.13026315789473686,5.818608803016693,119868,71.28862582173683
7,0.1518421052631579,5.907500962559362,85709,72.7807814815252
8,0.17342105263157898,6.057069328550253,64115,75.4681587771973
9,0.195,6.090780600088836,49526,76.85260267334338
10,0.2165789473684211,6.139947170578057,39372,77.70882860916373
11,0.23815789473684212,6.236154746504054,32466,81.10469414156366
12,0.25973684210526315,6.292291541691616,26672,83.57348530293956
13,0.28131578947368424,6.206207021353594,22104,79.6006152732537
14,0.3028947368421053,6.414288098814877,17973,86.0627608078783
15,0.32447368421052636,6.356510656376113,14123,84.77865892515757
16,0.3460526315789474,6.448090470893595,10788,88.81831664812744
17,0.3676315789473684,6.465956404604446,8166,86.9462405094295
18,0.3892105263157895,6.6017713903743145,5984,89.82804144384995
19,0.7,6.737481295890328,28737,94.70080384173718
