,voc_bin,U_bin,clock_bin,rtmean,rtcount,rt_squaredmean
0,0.0007894736842105274,0.1,30.0,1.6318282402141668,1904334,5.128677007289689
1,0.0007894736842105274,0.30000000000000004,30.0,1.7465050275531029,929478,5.70471382862209
2,0.0007894736842105274,0.5,30.0,1.357029261165085,4659999,3.7195683947571743
3,0.0007894736842105274,0.7000000000000001,30.0,1.775191631444688,1284236,5.377404931803834
4,0.0007894736842105274,0.9,30.0,1.637735041839825,2482324,4.480199603274996
5,0.022368421052631583,0.1,30.0,1.8581381175345684,548026,6.295631959067639
6,0.022368421052631583,0.30000000000000004,30.0,1.8316741511730363,238270,5.962122801863454
7,0.022368421052631583,0.5,30.0,1.5117276659402967,1064193,4.331808234032741
8,0.022368421052631583,0.7000000000000001,30.0,1.8585171643306928,246150,5.654584602884417
9,0.022368421052631583,0.9,30.0,1.813751549022264,451091,5.2289648873509105
10,0.04394736842105264,0.1,30.0,1.9137299094356834,267103,6.778063144180324
11,0.04394736842105264,0.30000000000000004,30.0,1.903889660874861,174154,6.451451014619249
12,0.04394736842105264,0.5,30.0,1.7217113861409183,430014,5.286599971163712
13,0.04394736842105264,0.7000000000000001,30.0,1.9409748812988217,156696,6.185052585898824
14,0.04394736842105264,0.9,30.0,1.8008609062473055,174235,5.280437340373617
15,0.0655263157894737,0.1,30.0,1.9838115203850721,132131,7.33628747228129
16,0.0655263157894737,0.30000000000000004,30.0,1.9405428273887029,122912,6.658942983598021
17,0.0655263157894737,0.5,30.0,1.870192404960847,197708,6.079733748760802
18,0.0655263157894737,0.7000000000000001,30.0,1.9753968171578657,96329,6.349261385460253
19,0.0655263157894737,0.9,30.0,1.825878837769441,65598,5.407603890362506
20,0.08710526315789476,0.1,30.0,2.0064900251135764,70878,7.573069217528707
21,0.08710526315789476,0.30000000000000004,30.0,1.986493547800802,88032,6.91227053798619
22,0.08710526315789476,0.5,30.0,1.9513572582126946,103407,6.545378939530198
23,0.08710526315789476,0.7000000000000001,30.0,2.0200820848886156,59207,6.654027395409326
24,0.08710526315789476,0.9,30.0,1.7667535099146034,27636,5.217325227963542
25,0.1086842105263158,0.1,30.0,2.0652872097869563,40789,8.041408222805194
26,0.1086842105263158,0.30000000000000004,30.0,2.0193746316250825,66169,7.263250162462808
27,0.1086842105263158,0.5,30.0,2.0324542909480496,57866,7.031451975253156
28,0.1086842105263158,0.7000000000000001,30.0,2.0677635018020806,36347,7.084738767986365
29,0.1086842105263158,0.9,30.0,1.6602662178702583,13072,4.86222460220317
30,0.13026315789473686,0.1,30.0,2.122965362956106,25926,8.60479827200496
31,0.13026315789473686,0.30000000000000004,30.0,2.0623294731098025,49479,7.480628145273751
32,0.13026315789473686,0.5,30.0,2.105356428285598,34986,7.453610015434736
33,0.13026315789473686,0.7000000000000001,30.0,2.09200156746636,22967,7.211346714851709
34,0.13026315789473686,0.9,30.0,1.5674493218608787,6857,4.441592533177789
35,0.1518421052631579,0.1,30.0,2.157682454897258,18347,8.735869624461747
36,0.1518421052631579,0.30000000000000004,30.0,2.1250344637441394,36270,8.017783291976784
37,0.1518421052631579,0.5,30.0,2.1400663942798746,23496,7.710120871637738
38,0.1518421052631579,0.7000000000000001,30.0,2.106483993488878,14744,7.438958220293008
39,0.1518421052631579,0.9,30.0,1.5384188626907027,3605,4.190291262135917
40,0.17342105263157898,0.1,30.0,2.235827022436119,14129,9.282893339939148
41,0.17342105263157898,0.30000000000000004,30.0,2.1199676458693335,27199,7.821206662009638
42,0.17342105263157898,0.5,30.0,2.14066526820497,16685,7.545040455498954
43,0.17342105263157898,0.7000000000000001,30.0,2.0917081746264246,10239,7.349057525148973
44,0.17342105263157898,0.9,30.0,1.468243243243242,1480,4.138513513513501
45,0.195,0.1,30.0,2.2111646156589932,11214,8.866238630283581
46,0.195,0.30000000000000004,30.0,2.1620268563140437,21373,8.31221634772846
47,0.195,0.5,30.0,2.1732936756418235,12776,8.033500313087055
48,0.195,0.7000000000000001,30.0,2.086043459238734,6857,7.538573720285836
49,0.195,0.9,30.0,1.13594470046083,434,2.7764976958525387
50,0.2165789473684211,0.1,30.0,2.263131003474344,9786,9.489781320253416
51,0.2165789473684211,0.30000000000000004,30.0,2.173983642049553,16628,8.311943709405785
52,0.2165789473684211,0.5,30.0,2.1715549572074244,10399,8.115011058755611
53,0.2165789473684211,0.7000000000000001,30.0,2.062121551917474,4459,7.357030724377666
54,0.2165789473684211,0.9,30.0,0.0,0,0.0
55,0.23815789473684212,0.1,30.0,2.238436252641463,8518,9.297370274712362
56,0.23815789473684212,0.30000000000000004,30.0,2.1588632484974397,13477,8.110187727239033
57,0.23815789473684212,0.5,30.0,2.160139545352248,8886,7.683659689399075
58,0.23815789473684212,0.7000000000000001,30.0,2.0996427153632404,2519,8.098848749503746
59,0.23815789473684212,0.9,30.0,0.0,0,0.0
60,0.25973684210526315,0.1,30.0,2.196954691755383,8078,8.798341173557814
61,0.25973684210526315,0.30000000000000004,30.0,2.1793513019643673,10945,8.474645957058001
62,0.25973684210526315,0.5,30.0,2.2037087912087845,7280,7.932554945054968
63,0.25973684210526315,0.7000000000000001,30.0,2.005061460592911,1383,7.32971800433839
64,0.25973684210526315,0.9,30.0,0.0,0,0.0
65,0.28131578947368424,0.1,30.0,2.2210616683359583,6989,9.056946630419226
66,0.28131578947368424,0.30000000000000004,30.0,2.2520501688374357,8292,8.932223830197811
67,0.28131578947368424,0.5,30.0,2.191112654053108,5761,8.010588439507
68,0.28131578947368424,0.7000000000000001,30.0,2.0302648171500626,793,8.179066834804544
69,0.28131578947368424,0.9,30.0,0.0,0,0.0
70,0.3028947368421053,0.1,30.0,2.238327738785479,6554,9.043942630454705
71,0.3028947368421053,0.30000000000000004,30.0,2.230528569076244,6073,8.622756463033095
72,0.3028947368421053,0.5,30.0,2.13732004429679,4515,7.736877076411934
73,0.3028947368421053,0.7000000000000001,30.0,1.8183760683760675,468,5.56623931623931
74,0.3028947368421053,0.9,30.0,0.0,0,0.0
75,0.32447368421052636,0.1,30.0,2.1811339688911158,5979,8.50025087807326
76,0.32447368421052636,0.30000000000000004,30.0,2.2832469775474973,4053,8.802862077473433
77,0.32447368421052636,0.5,30.0,2.259556103575826,3244,8.966091245376065
78,0.32447368421052636,0.7000000000000001,30.0,1.8423772609819111,387,5.723514211886308
79,0.32447368421052636,0.9,30.0,0.0,0,0.0
80,0.3460526315789474,0.1,30.0,2.270447110141764,4585,9.422900763358784
81,0.3460526315789474,0.30000000000000004,30.0,2.320149486141383,3211,9.246963562753029
82,0.3460526315789474,0.5,30.0,2.2611464968152886,2355,9.371974522292989
83,0.3460526315789474,0.7000000000000001,30.0,2.1119402985074625,268,8.664179104477618
84,0.3460526315789474,0.9,30.0,0.0,0,0.0
85,0.3676315789473684,0.1,30.0,2.264276649746194,3152,9.16529187817259
86,0.3676315789473684,0.30000000000000004,30.0,2.345038791343403,2449,9.077582686810947
87,0.3676315789473684,0.5,30.0,2.2400455062571085,1758,8.450511945392485
88,0.3676315789473684,0.7000000000000001,30.0,1.7152777777777783,144,5.145833333333334
89,0.3676315789473684,0.9,30.0,0.0,0,0.0
90,0.3892105263157895,0.1,30.0,2.314543889845098,2324,9.385111876075742
91,0.3892105263157895,0.30000000000000004,30.0,2.484515484515487,2002,10.657342657342644
92,0.3892105263157895,0.5,30.0,2.276595744680851,1316,8.826747720364747
93,0.3892105263157895,0.7000000000000001,30.0,1.2500000000000004,28,3.1071428571428568
94,0.3892105263157895,0.9,30.0,0.0,0,0.0
95,0.7,0.1,30.0,2.373277310924356,11900,10.573781512605061
96,0.7,0.30000000000000004,30.0,2.3201681493792274,10229,9.643073614234032
97,0.7,0.5,30.0,1.9181333333333324,3750,7.037600000000001
98,0.7,0.7000000000000001,30.0,0.0,0,0.0
99,0.7,0.9,30.0,0.0,0,0.0
