,voc_bin,elo_bin,rtmean,rtcount,rt_squaredmean
0,0.0007894736842105274,625.0,11.672570786578044,2497578,327.8304893781097
1,0.0007894736842105274,1387.5,11.019706890402164,3709261,297.92020270344966
2,0.0007894736842105274,1662.5,10.734289372566879,3165421,295.4676521701221
3,0.0007894736842105274,2400.0,10.61813177750503,1758206,313.81868165618846
4,0.022368421052631583,625.0,13.729415262025464,551683,390.32655166100864
5,0.022368421052631583,1387.5,13.034135587158802,883594,373.08759000174246
6,0.022368421052631583,1662.5,12.74311118969884,791755,370.9251321431505
7,0.022368421052631583,2400.0,12.865629885986342,455384,402.17390597825164
8,0.04394736842105264,625.0,14.32778981436902,299088,418.76779409404605
9,0.04394736842105264,1387.5,13.701703030789572,485781,419.5093488629645
10,0.04394736842105264,1662.5,13.558260373604705,445337,414.98729052380526
11,0.04394736842105264,2400.0,13.929821369116311,258298,460.92371988943034
12,0.0655263157894737,625.0,14.776747111076146,165373,441.5508033354895
13,0.0655263157894737,1387.5,14.260275562843269,275654,437.3980860063701
14,0.0655263157894737,1662.5,14.182842152787533,256932,449.77197079382915
15,0.0655263157894737,2400.0,14.794695113540058,152237,516.0308729152566
16,0.08710526315789476,625.0,15.191902271613033,97904,469.66170942964555
17,0.08710526315789476,1387.5,14.648140282749827,164810,455.2794976033007
18,0.08710526315789476,1662.5,14.777209957011884,157718,482.94557374554574
19,0.08710526315789476,2400.0,15.350768909972372,95915,557.3862378147326
20,0.1086842105263158,625.0,15.446320043015636,61373,473.0303716618047
21,0.1086842105263158,1387.5,15.09065316916428,105501,480.97994331807257
22,0.1086842105263158,1662.5,15.128485717885823,103171,506.2017524304311
23,0.1086842105263158,2400.0,15.910538429021011,63871,595.4723740038513
24,0.13026315789473686,625.0,15.87546944145439,41805,510.7261810788177
25,0.13026315789473686,1387.5,15.396296296296303,72090,516.2126647246495
26,0.13026315789473686,1662.5,15.620463575229177,71229,531.909559308709
27,0.13026315789473686,2400.0,16.39945505314356,44408,630.6114889209157
28,0.1518421052631579,625.0,16.066486726570773,29269,504.2468823670088
29,0.1518421052631579,1387.5,15.602258419892975,50832,505.25271482530695
30,0.1518421052631579,1662.5,15.766755716193938,50908,543.9148660328441
31,0.1518421052631579,2400.0,16.586906337529594,32489,638.1327834036134
32,0.17342105263157898,625.0,16.44054178145084,21780,541.6519283746559
33,0.17342105263157898,1387.5,16.101535948573424,37957,549.2402455410064
34,0.17342105263157898,1662.5,16.174889186141055,38127,582.8596532640933
35,0.17342105263157898,2400.0,16.999630632849072,24366,687.5593449889191
36,0.195,625.0,16.447863977085717,16409,535.1920897068685
37,0.195,1387.5,16.030586702328282,29163,529.0446113225678
38,0.195,1662.5,16.46446666216301,29606,598.5508005134101
39,0.195,2400.0,16.802666525018584,18826,638.491182407309
40,0.2165789473684211,625.0,16.65068908072089,13206,550.9962895653488
41,0.2165789473684211,1387.5,16.528624052004314,23075,576.333867822318
42,0.2165789473684211,1662.5,16.532642531235386,23451,601.9068270009799
43,0.2165789473684211,2400.0,17.29013361416445,15193,689.1047850983994
44,0.23815789473684212,625.0,16.445969761617704,10781,533.5219367405615
45,0.23815789473684212,1387.5,16.355027072937684,18838,547.1368510457587
46,0.23815789473684212,1662.5,16.609338154378225,19083,609.5066813394125
47,0.23815789473684212,2400.0,17.235298942015913,12193,681.4616583285504
48,0.25973684210526315,625.0,16.763980076975326,8834,555.4902648856685
49,0.25973684210526315,1387.5,16.62964148527526,15620,579.7373239436605
50,0.25973684210526315,1662.5,16.950443140681582,16022,623.9570590438136
51,0.25973684210526315,2400.0,17.47352451796028,10217,716.2837427816388
52,0.28131578947368424,625.0,16.894789293849612,7024,558.421554669705
53,0.28131578947368424,1387.5,16.873144293456953,12731,570.8302568533494
54,0.28131578947368424,1662.5,17.022546117057622,13173,656.8066499658379
55,0.28131578947368424,2400.0,17.422689950271778,8647,678.6059905169435
56,0.3028947368421053,625.0,17.14605195252024,5813,567.2516772750718
57,0.3028947368421053,1387.5,16.67577519379847,10320,594.6833333333353
58,0.3028947368421053,1662.5,16.812692487167528,10715,609.2009332711141
59,0.3028947368421053,2400.0,17.540694365395613,7028,726.2413204325564
60,0.32447368421052636,625.0,17.663390126692832,4578,599.1692878986446
61,0.32447368421052636,1387.5,16.87929125138427,8127,586.9354005167968
62,0.32447368421052636,1662.5,16.869818268202856,8419,622.3407768143494
63,0.32447368421052636,2400.0,17.13843447669307,5685,672.5336851363242
64,0.3460526315789474,625.0,17.70701552616447,3478,591.7955721679126
65,0.3460526315789474,1387.5,17.215342989017945,6283,601.7752665923921
66,0.3460526315789474,1662.5,17.220567705909687,6447,636.7260741430116
67,0.3460526315789474,2400.0,18.239193783390014,4118,784.9847013113167
68,0.3676315789473684,625.0,16.78967971530246,2810,564.2145907473314
69,0.3676315789473684,1387.5,17.704582989265077,4844,646.629851362509
70,0.3676315789473684,1662.5,17.372744243932793,4821,667.8394523957693
71,0.3676315789473684,2400.0,17.75239005736141,3138,708.6657106437211
72,0.3892105263157895,625.0,17.54312796208532,2110,600.0635071090052
73,0.3892105263157895,1387.5,17.452199891363332,3682,662.4896795219989
74,0.3892105263157895,1662.5,18.116778149386853,3588,723.3336120401339
75,0.3892105263157895,2400.0,18.106288032454394,2465,768.8121703853966
76,0.7,625.0,16.720511025551247,11428,553.3099404970242
77,0.7,1387.5,17.541708098552636,18102,664.4019445365153
78,0.7,1662.5,17.855739788549307,17309,701.0999480039293
79,0.7,2400.0,18.082738669238175,10370,783.4946962391513
