,voc_bin,rtmean,rtcount,rt_squaredmean
0,0.0007894736842105274,15.217186992624224,215570,612.4151551700157
1,0.022368421052631583,18.632776629410785,54667,821.5409662136202
2,0.04394736842105264,19.952936908413374,30321,938.756538372745
3,0.0655263157894737,20.43079555175368,17535,1541.9874536641069
4,0.08710526315789476,21.523951260347854,10751,1037.4487954608821
5,0.1086842105263158,21.96791758646051,6795,1069.2226637233255
6,0.13026315789473686,23.165209976550823,4691,1195.255169473455
7,0.1518421052631579,23.009734513274367,3390,1228.0480825958698
8,0.17342105263157898,23.41380655226212,2564,1264.6665366614673
9,0.195,23.304801670146105,1916,1174.5271398747368
10,0.2165789473684211,23.77221526908642,1598,1305.7534418022517
11,0.23815789473684212,23.385770750988176,1265,1242.7391304347827
12,0.25973684210526315,23.334597156398058,1055,1239.7080568720385
13,0.28131578947368424,24.2349323493235,813,1288.788437884378
14,0.3028947368421053,24.42877697841726,695,1241.729496402877
15,0.32447368421052636,25.23905109489049,548,1329.468978102187
16,0.3460526315789474,21.849187935034816,431,924.3735498839906
17,0.3676315789473684,23.667774086378746,301,1148.9833887043194
18,0.3892105263157895,25.0084745762712,236,1284.347457627118
19,0.7,24.97431018078019,1051,1323.0275927687908
