,voc_bin,rtmean,rtcount,rt_squaredmean
0,0.0007894736842105274,6.223260642131827,3687654,91.18150184371942
1,0.022368421052631583,7.307625711312354,903260,136.15251201204507
2,0.04394736842105264,7.789824389817237,503046,127.60017572945642
3,0.0655263157894737,8.149067019072596,290574,139.04222332349042
4,0.08710526315789476,8.465607906790613,179896,149.57281429270245
5,0.1086842105263158,8.709501007850172,117577,157.35287513714403
6,0.13026315789473686,8.88409542501187,82033,162.72650031085084
7,0.1518421052631579,9.106830240967895,59178,173.17104329311422
8,0.17342105263157898,9.221492523746743,44006,176.54026723628604
9,0.195,9.346211989069136,34398,181.976306762021
10,0.2165789473684211,9.542254812098989,27275,192.95519706691206
11,0.23815789473684212,9.38442725008894,22488,180.63460512273213
12,0.25973684210526315,9.412140235143916,18797,182.07522476991042
13,0.28131578947368424,9.5515470618825,15384,190.20430317212652
14,0.3028947368421053,9.533419334032097,12403,185.25187454648056
15,0.32447368421052636,9.568526379624021,9894,184.3728522336768
16,0.3460526315789474,9.460162601626003,7380,187.8284552845531
17,0.3676315789473684,9.666550096170655,5719,194.48417555516647
18,0.3892105263157895,9.743919550982234,4276,199.04560336763285
19,0.7,9.631911120383888,19172,198.8874921760896
