,voc_bin,elo_bin,rtmean,rtcount,rt_squaredmean
0,0.0007894736842105274,625.0,14.040916294482056,20823,676.4818710080186
1,0.0007894736842105274,1387.5,14.381229869469388,47192,536.3171935921338
2,0.0007894736842105274,1662.5,15.462553102583728,71795,729.9808621770338
3,0.0007894736842105274,2400.0,16.767877541695235,56901,788.8165234354402
4,0.022368421052631583,625.0,16.257345491388044,4935,559.2725430597764
5,0.022368421052631583,1387.5,17.519877935068227,11797,721.340849368484
6,0.022368421052631583,1662.5,18.63882519925759,18318,774.1698875423094
7,0.022368421052631583,2400.0,21.14961255712305,15099,1072.7009735744107
8,0.04394736842105264,625.0,16.93710191082802,2512,698.9283439490442
9,0.04394736842105264,1387.5,18.222553792995175,6367,700.0328255065194
10,0.04394736842105264,1662.5,19.83874458874467,10164,844.4798307752874
11,0.04394736842105264,2400.0,22.925288739172185,8312,1265.3280798845058
12,0.0655263157894737,625.0,18.282404055032544,1381,669.8001448225928
13,0.0655263157894737,1387.5,18.7958785853523,3591,723.8167641325538
14,0.0655263157894737,1662.5,20.442176870748277,5880,1504.5860544217674
15,0.0655263157894737,2400.0,23.621702637889687,5004,1285.8699040767362
16,0.08710526315789476,625.0,18.882821387940854,879,716.6598407281002
17,0.08710526315789476,1387.5,19.355515041020947,2194,823.0957155879673
18,0.08710526315789476,1662.5,20.97321672588139,3659,1002.7502049740324
19,0.08710526315789476,2400.0,25.01724678582629,3189,1393.576669802447
20,0.1086842105263158,625.0,18.903999999999996,500,790.1839999999996
21,0.1086842105263158,1387.5,19.818376068376057,1404,765.0876068376076
22,0.1086842105263158,1662.5,22.154161541615412,2439,1056.593685936859
23,0.1086842105263158,2400.0,24.510618216139697,2119,1469.3610193487539
24,0.13026315789473686,625.0,20.536363636363657,330,885.7909090909088
25,0.13026315789473686,1387.5,20.00965665236053,932,829.6427038626614
26,0.13026315789473686,1662.5,22.303194695599778,1659,1044.4996986136211
27,0.13026315789473686,2400.0,26.105858854860184,1502,1580.681091877496
28,0.1518421052631579,625.0,20.134146341463413,246,924.020325203252
29,0.1518421052631579,1387.5,20.38704819277112,664,975.5015060240983
30,0.1518421052631579,1662.5,23.496533795493917,1154,1210.7790294627382
31,0.1518421052631579,2400.0,26.911472448057808,1107,1795.3685636856353
32,0.17342105263157898,625.0,20.31410256410255,156,736.9423076923075
33,0.17342105263157898,1387.5,20.823300970873778,515,947.8718446601929
34,0.17342105263157898,1662.5,23.72779700115342,867,1162.6851211072665
35,0.17342105263157898,2400.0,28.613825983313447,839,1799.073897497022
36,0.195,625.0,18.811320754716988,159,919.3270440251576
37,0.195,1387.5,21.144702842377267,387,894.4935400516805
38,0.195,1662.5,24.58823529411766,697,1248.083213773315
39,0.195,2400.0,27.161184210526308,608,1896.6578947368432
40,0.2165789473684211,625.0,21.222222222222214,99,948.7777777777776
41,0.2165789473684211,1387.5,22.432885906040266,298,1049.4731543624155
42,0.2165789473684211,1662.5,21.656363636363643,550,864.3872727272725
43,0.2165789473684211,2400.0,25.679347826086968,552,1520.7735507246377
44,0.23815789473684212,625.0,19.042105263157882,95,652.7894736842105
45,0.23815789473684212,1387.5,22.6403162055336,253,1110.4031620553367
46,0.23815789473684212,1662.5,22.999999999999996,477,1049.947589098532
47,0.23815789473684212,2400.0,24.890951276102083,431,1455.5081206496518
48,0.25973684210526315,625.0,19.208955223880594,67,656.2537313432836
49,0.25973684210526315,1387.5,19.63366336633662,202,819.2376237623763
50,0.25973684210526315,1662.5,25.19273743016758,358,1396.768156424582
51,0.25973684210526315,2400.0,25.283333333333317,360,1478.5666666666675
52,0.28131578947368424,625.0,21.131147540983598,61,838.2459016393441
53,0.28131578947368424,1387.5,20.59375,160,950.4187499999996
54,0.28131578947368424,1662.5,25.64048338368581,331,1358.4199395770381
55,0.28131578947368424,2400.0,25.66107382550336,298,1548.1510067114114
56,0.3028947368421053,625.0,20.76923076923077,65,710.6153846153845
57,0.3028947368421053,1387.5,20.553030303030297,132,918.6590909090911
58,0.3028947368421053,1662.5,25.948717948717945,234,1735.581196581198
59,0.3028947368421053,2400.0,28.216450216450212,231,1918.7705627705632
60,0.32447368421052636,625.0,18.56756756756756,37,596.7837837837836
61,0.32447368421052636,1387.5,24.0608695652174,115,1350.8086956521747
62,0.32447368421052636,1662.5,20.118226600985235,203,822.6502463054188
63,0.32447368421052636,2400.0,27.86934673366835,199,1770.8643216080395
64,0.3460526315789474,625.0,20.115384615384613,26,875.4999999999999
65,0.3460526315789474,1387.5,18.4,105,1057.6952380952387
66,0.3460526315789474,1662.5,23.75555555555557,135,1106.4222222222224
67,0.3460526315789474,2400.0,29.96551724137932,174,1795.7356321839086
68,0.3676315789473684,625.0,21.24,25,770.5200000000001
69,0.3676315789473684,1387.5,20.53030303030303,66,795.469696969697
70,0.3676315789473684,1662.5,23.174757281553397,103,964.1456310679614
71,0.3676315789473684,2400.0,24.904,125,1768.2159999999992
72,0.3892105263157895,625.0,29.466666666666665,15,2026.5333333333347
73,0.3892105263157895,1387.5,28.229166666666664,48,2060.2708333333335
74,0.3892105263157895,1662.5,26.907894736842096,76,1186.8289473684204
75,0.3892105263157895,2400.0,18.839999999999993,75,719.4266666666664
76,0.7,625.0,19.658536585365844,82,657.7804878048781
77,0.7,1387.5,25.309523809523824,210,1442.8904761904753
78,0.7,1662.5,23.55710306406684,359,1117.9470752089132
79,0.7,2400.0,27.042424242424218,330,1689.6848484848476
