,voc_bin,U_bin,clock_bin,rtmean,rtcount,rt_squaredmean
0,0.0007894736842105274,0.1,30.0,2.8068441902510566,399346,29.230812378238344
1,0.0007894736842105274,0.1,90.0,3.9611389395759073,365533,36.56849313194705
2,0.0007894736842105274,0.1,150.0,3.207401555336995,186069,21.05417882613443
3,0.0007894736842105274,0.30000000000000004,30.0,3.5484844159551465,154132,39.7781836348063
4,0.0007894736842105274,0.30000000000000004,90.0,4.825839208416087,227089,53.26558750093573
5,0.0007894736842105274,0.30000000000000004,150.0,3.465733578053274,266427,24.604094179643962
6,0.0007894736842105274,0.5,30.0,2.880023236940909,342558,32.29844581063656
7,0.0007894736842105274,0.5,90.0,4.78559414643417,526175,56.97197320283181
8,0.0007894736842105274,0.5,150.0,2.5669691383675404,2731385,15.734066416854462
9,0.0007894736842105274,0.7000000000000001,30.0,3.501990576259236,158748,37.349913069771034
10,0.0007894736842105274,0.7000000000000001,90.0,4.928600683557881,283224,53.06825692737915
11,0.0007894736842105274,0.7000000000000001,150.0,3.659857641848007,416555,25.856667186806078
12,0.0007894736842105274,0.9,30.0,2.504938006548217,484406,20.25491633051607
13,0.0007894736842105274,0.9,90.0,3.995151594052569,476239,33.77429189965554
14,0.0007894736842105274,0.9,150.0,3.306960805169252,300856,20.258312947057718
15,0.022368421052631583,0.1,30.0,4.009419822106502,91403,48.61793376585008
16,0.022368421052631583,0.1,90.0,4.993701007838752,114304,51.31138017917136
17,0.022368421052631583,0.1,150.0,3.711947819188782,68071,26.488578102275596
18,0.022368421052631583,0.30000000000000004,30.0,3.981843938824477,34589,45.98508196247364
19,0.022368421052631583,0.30000000000000004,90.0,5.678108184650245,52965,66.6374586991409
20,0.022368421052631583,0.30000000000000004,150.0,3.8906813266041844,77672,28.86145586569156
21,0.022368421052631583,0.5,30.0,4.117973656750197,50791,54.893347246559465
22,0.022368421052631583,0.5,90.0,5.8679727427598,119748,75.26036342986946
23,0.022368421052631583,0.5,150.0,3.043315625304614,656576,20.221753460376267
24,0.022368421052631583,0.7000000000000001,30.0,3.69369524630188,34815,37.096136722677
25,0.022368421052631583,0.7000000000000001,90.0,5.391624450014887,57047,57.611478254772194
26,0.022368421052631583,0.7000000000000001,150.0,4.0882262668426375,65162,30.002071759614484
27,0.022368421052631583,0.9,30.0,3.4019923276822204,64648,30.651682960029675
28,0.022368421052631583,0.9,90.0,4.852860317533052,87298,45.361165204242994
29,0.022368421052631583,0.9,150.0,3.734528545220049,55053,24.267687501135214
30,0.04394736842105264,0.1,30.0,4.1514087921037754,51569,52.66594271752408
31,0.04394736842105264,0.1,90.0,5.339938178647868,63085,60.0601727827535
32,0.04394736842105264,0.1,150.0,3.934010281467889,39294,29.53323662645697
33,0.04394736842105264,0.30000000000000004,30.0,4.557297839365492,21938,60.090892515270426
34,0.04394736842105264,0.30000000000000004,90.0,6.109572230014014,39928,75.75408234822669
35,0.04394736842105264,0.30000000000000004,150.0,4.012729196607645,63319,30.80219207504856
36,0.04394736842105264,0.5,30.0,4.7009636542985085,26358,60.858866378329346
37,0.04394736842105264,0.5,90.0,6.3710098254088985,67071,85.17785630153128
38,0.04394736842105264,0.5,150.0,3.5633394002117456,252189,26.000757368481583
39,0.04394736842105264,0.7000000000000001,30.0,4.07648283038501,23064,45.86827956989236
40,0.04394736842105264,0.7000000000000001,90.0,5.701431544112108,39887,63.39777371073296
41,0.04394736842105264,0.7000000000000001,150.0,4.264944813452182,40499,32.19669621472117
42,0.04394736842105264,0.9,30.0,3.1607659831121926,33160,27.206001206272646
43,0.04394736842105264,0.9,90.0,4.9047580162229645,36738,47.37985192443782
44,0.04394736842105264,0.9,150.0,3.8012745670363906,20556,25.434277096711476
45,0.0655263157894737,0.1,30.0,4.554981684981678,27300,60.68443223443232
46,0.0655263157894737,0.1,90.0,5.676375777112585,34744,66.55756389592439
47,0.0655263157894737,0.1,150.0,4.032437236169745,22505,31.1619640079982
48,0.0655263157894737,0.30000000000000004,30.0,4.903508185766801,14965,67.4096224523889
49,0.0655263157894737,0.30000000000000004,90.0,6.407017071281853,29699,82.919492238796
50,0.0655263157894737,0.30000000000000004,150.0,4.104525381841742,49366,32.321435806020254
51,0.0655263157894737,0.5,30.0,5.035158465125045,15871,67.9218070694979
52,0.0655263157894737,0.5,90.0,6.632032621038493,38748,88.23216682151343
53,0.0655263157894737,0.5,150.0,3.946831541481674,109012,30.655872747954312
54,0.0655263157894737,0.7000000000000001,30.0,4.287585123101111,15272,50.36354112100579
55,0.0655263157894737,0.7000000000000001,90.0,5.853819840364883,26310,66.26446218168022
56,0.0655263157894737,0.7000000000000001,150.0,4.375301771758262,24439,34.10458693072542
57,0.0655263157894737,0.9,30.0,3.385314103453059,14422,31.328317847732638
58,0.0655263157894737,0.9,90.0,4.895994422613752,15778,46.8801495753582
59,0.0655263157894737,0.9,150.0,3.7834064619066465,7521,24.869432256348826
60,0.08710526315789476,0.1,30.0,4.6427520235467385,16308,63.30132450331124
61,0.08710526315789476,0.1,90.0,5.850456399300845,20596,72.97077102349948
62,0.08710526315789476,0.1,150.0,4.193186044781666,13443,34.280071412631045
63,0.08710526315789476,0.30000000000000004,30.0,5.006508768757929,11062,67.53661182426328
64,0.08710526315789476,0.30000000000000004,90.0,6.559549665351716,22561,86.14564957227057
65,0.08710526315789476,0.30000000000000004,150.0,4.247230228192176,37819,34.71873925804495
66,0.08710526315789476,0.5,30.0,5.158853118712277,9940,70.82223340040245
67,0.08710526315789476,0.5,90.0,6.718979769866641,24073,89.20857392099002
68,0.08710526315789476,0.5,150.0,4.135137091665915,55255,33.35946068229129
69,0.08710526315789476,0.7000000000000001,30.0,4.471084337349394,9960,53.89397590361448
70,0.08710526315789476,0.7000000000000001,90.0,5.992503394132557,16941,68.83283159199584
71,0.08710526315789476,0.7000000000000001,150.0,4.493422384132767,14823,35.54084868110363
72,0.08710526315789476,0.9,30.0,3.2364864864864895,7992,29.878128128128143
73,0.08710526315789476,0.9,90.0,4.731298542035678,7339,45.08230004087751
74,0.08710526315789476,0.9,150.0,3.757443718228035,2754,24.944081336238195
75,0.1086842105263158,0.1,30.0,4.799421128798843,10365,70.3803183791606
76,0.1086842105263158,0.1,90.0,6.318217603527007,12702,82.84411903637212
77,0.1086842105263158,0.1,150.0,4.421166799862991,8759,36.828062564219664
78,0.1086842105263158,0.30000000000000004,30.0,5.363573961789273,8741,79.82645006292209
79,0.1086842105263158,0.30000000000000004,90.0,6.996705481397331,17605,99.64981539335442
80,0.1086842105263158,0.30000000000000004,150.0,4.317853188301967,30706,36.259884061746966
81,0.1086842105263158,0.5,30.0,5.398038605230377,6424,80.64118929016169
82,0.1086842105263158,0.5,90.0,6.872222944004165,15394,93.31031570741872
83,0.1086842105263158,0.5,150.0,4.412334494773516,28700,37.096167247386774
84,0.1086842105263158,0.7000000000000001,30.0,4.512021095082981,6447,54.43167364665735
85,0.1086842105263158,0.7000000000000001,90.0,6.248530197755216,11226,75.63228220203112
86,0.1086842105263158,0.7000000000000001,150.0,4.547379565907906,9445,37.06320804658545
87,0.1086842105263158,0.9,30.0,2.965292841648587,5071,24.288897653322817
88,0.1086842105263158,0.9,90.0,4.589978448275874,3712,42.972521551724164
89,0.1086842105263158,0.9,150.0,3.5414175918018835,1171,23.165670367207543
90,0.13026315789473686,0.1,30.0,4.890787949015052,6904,70.95770567786785
91,0.13026315789473686,0.1,90.0,6.552047881704031,8521,90.94449008332361
92,0.13026315789473686,0.1,150.0,4.605279600124962,6402,41.086379256482346
93,0.13026315789473686,0.30000000000000004,30.0,5.321753640776712,6592,75.43340412621362
94,0.13026315789473686,0.30000000000000004,90.0,7.050173260179022,13852,99.3575656944844
95,0.13026315789473686,0.30000000000000004,150.0,4.386666666666661,23850,37.031194968553464
96,0.13026315789473686,0.5,30.0,5.359703075291616,4715,73.71092258748654
97,0.13026315789473686,0.5,90.0,7.008037962424919,10326,94.80660468719718
98,0.13026315789473686,0.5,150.0,4.60970690198551,15865,38.79855026788533
99,0.13026315789473686,0.7000000000000001,30.0,4.870076957899499,4418,63.4708012675418
100,0.13026315789473686,0.7000000000000001,90.0,6.166483062517212,7262,73.59969705315339
101,0.13026315789473686,0.7000000000000001,150.0,4.5478635309705195,6038,36.752235839682
102,0.13026315789473686,0.9,30.0,2.6208092485549086,3460,18.917919075144546
103,0.13026315789473686,0.9,90.0,4.438766519823796,2270,41.143612334801766
104,0.13026315789473686,0.9,150.0,3.5992578849721655,539,25.83673469387751
105,0.1518421052631579,0.1,30.0,5.160282258064513,4960,79.29495967741948
106,0.1518421052631579,0.1,90.0,6.893099000322453,6202,97.01628506933234
107,0.1518421052631579,0.1,150.0,4.620835740419803,5193,39.541690737531226
108,0.1518421052631579,0.30000000000000004,30.0,5.454581515271701,5042,74.69377231257442
109,0.1518421052631579,0.30000000000000004,90.0,7.079073257668122,10661,98.4314792233371
110,0.1518421052631579,0.30000000000000004,150.0,4.5229175848391545,18152,39.19083296606444
111,0.1518421052631579,0.5,30.0,5.3399055817828405,3601,71.85254096084427
112,0.1518421052631579,0.5,90.0,6.9690200771174124,7521,93.57000398883116
113,0.1518421052631579,0.5,150.0,4.761219910240704,9804,41.26305589555284
114,0.1518421052631579,0.7000000000000001,30.0,4.58113329040566,3106,58.02157115260787
115,0.1518421052631579,0.7000000000000001,90.0,6.348266774782091,4933,75.94121224407056
116,0.1518421052631579,0.7000000000000001,150.0,4.58557426489068,3979,37.89545111837147
117,0.1518421052631579,0.9,30.0,2.7554957379991007,2229,21.533423059668
118,0.1518421052631579,0.9,90.0,4.176470588235282,1275,40.447843137254914
119,0.1518421052631579,0.9,150.0,3.473282442748092,262,23.610687022900766
120,0.17342105263157898,0.1,30.0,5.582314472561865,3517,95.83480238839917
121,0.17342105263157898,0.1,90.0,7.185048264530692,4869,105.27541589648789
122,0.17342105263157898,0.1,150.0,4.666666666666673,4422,41.7182270465853
123,0.17342105263157898,0.30000000000000004,30.0,5.585383678440917,4105,82.82241169305708
124,0.17342105263157898,0.30000000000000004,90.0,7.3573417261832885,8261,106.90001210507195
125,0.17342105263157898,0.30000000000000004,150.0,4.585563843791126,13674,40.81388035688176
126,0.17342105263157898,0.5,30.0,5.49662390276839,2962,80.84031060094505
127,0.17342105263157898,0.5,90.0,6.906425561797747,5696,90.81478230337056
128,0.17342105263157898,0.5,150.0,4.7314400370427645,6479,41.1265627411638
129,0.17342105263157898,0.7000000000000001,30.0,4.719622155431521,2329,61.44611421210811
130,0.17342105263157898,0.7000000000000001,90.0,6.5438247011952075,3514,82.03784860557771
131,0.17342105263157898,0.7000000000000001,150.0,4.576383763837629,2710,37.31070110701109
132,0.17342105263157898,0.9,30.0,2.2688941925218757,1257,16.79554494828957
133,0.17342105263157898,0.9,90.0,3.973821989528796,573,37.34205933682375
134,0.17342105263157898,0.9,150.0,3.625,88,25.670454545454547
135,0.195,0.1,30.0,5.737288135593222,2714,103.64959469417813
136,0.195,0.1,90.0,7.339458907605926,3918,106.06789178152103
137,0.195,0.1,150.0,4.735339506172842,3888,42.16177983539081
138,0.195,0.30000000000000004,30.0,5.859008607895497,3369,90.04007123775568
139,0.195,0.30000000000000004,90.0,7.344915381159215,6677,109.57645649243652
140,0.195,0.30000000000000004,150.0,4.565398500416549,10803,39.70267518281942
141,0.195,0.5,30.0,5.542124542124553,2457,76.95685795685802
142,0.195,0.5,90.0,6.79516483516483,4550,89.98945054945037
143,0.195,0.5,150.0,4.802264625707702,4769,41.94799748374926
144,0.195,0.7000000000000001,30.0,4.411209766925639,1802,54.871809100998874
145,0.195,0.7000000000000001,90.0,6.288222698072789,2335,78.99571734475383
146,0.195,0.7000000000000001,150.0,4.571829405162735,1782,37.69977553310892
147,0.195,0.9,30.0,1.8436873747494984,499,12.06412825651304
148,0.195,0.9,90.0,2.6713286713286726,143,14.279720279720284
149,0.195,0.9,150.0,3.1818181818181817,11,17.727272727272727
150,0.2165789473684211,0.1,30.0,5.9283962726827015,2039,97.36145169200614
151,0.2165789473684211,0.1,90.0,7.332829504232147,3308,108.6133615477631
152,0.2165789473684211,0.1,150.0,4.67643894566972,3718,41.207369553523364
153,0.2165789473684211,0.30000000000000004,30.0,5.710652414301511,2713,87.15628455584212
154,0.2165789473684211,0.30000000000000004,90.0,7.386279585798821,5408,109.79530325443764
155,0.2165789473684211,0.30000000000000004,150.0,4.655870922152885,8491,41.67812978447756
156,0.2165789473684211,0.5,30.0,5.2589445438282745,2236,73.37701252236133
157,0.2165789473684211,0.5,90.0,6.954779312212298,3693,93.83211481180616
158,0.2165789473684211,0.5,150.0,4.819817326321628,3613,41.89261001937448
159,0.2165789473684211,0.7000000000000001,30.0,3.8375499334221033,1502,42.7030625832224
160,0.2165789473684211,0.7000000000000001,90.0,6.384169884169881,1554,79.54890604890598
161,0.2165789473684211,0.7000000000000001,150.0,4.6579961464354565,1038,37.968208092485646
162,0.2165789473684211,0.9,30.0,0.0,0,0.0
163,0.2165789473684211,0.9,90.0,0.0,0,0.0
164,0.2165789473684211,0.9,150.0,0.0,0,0.0
165,0.23815789473684212,0.1,30.0,6.0746089049338075,1662,95.76173285198564
166,0.23815789473684212,0.1,90.0,7.554063604240272,2830,117.90106007067129
167,0.23815789473684212,0.1,150.0,4.727688787185354,3496,42.658466819221886
168,0.23815789473684212,0.30000000000000004,30.0,5.668414154652664,2289,82.87155963302764
169,0.23815789473684212,0.30000000000000004,90.0,7.468152866242041,4396,111.70928116469514
170,0.23815789473684212,0.30000000000000004,150.0,4.698141943344503,6566,42.231190983856216
171,0.23815789473684212,0.5,30.0,5.37540279269601,1862,77.52577873254569
172,0.23815789473684212,0.5,90.0,7.01052957572003,3229,94.24496748219251
173,0.23815789473684212,0.5,150.0,4.6758620689655155,2900,39.238620689655036
174,0.23815789473684212,0.7000000000000001,30.0,3.8719052744886944,929,50.125941872981755
175,0.23815789473684212,0.7000000000000001,90.0,6.280462184873949,952,83.36659663865564
176,0.23815789473684212,0.7000000000000001,150.0,4.5137763371150825,617,37.269043760129684
177,0.23815789473684212,0.9,30.0,0.0,0,0.0
178,0.23815789473684212,0.9,90.0,0.0,0,0.0
179,0.23815789473684212,0.9,150.0,0.0,0,0.0
180,0.25973684210526315,0.1,30.0,6.2118881118881015,1430,98.51258741258738
181,0.25973684210526315,0.1,90.0,7.55564387917328,2516,112.46184419713816
182,0.25973684210526315,0.1,150.0,4.709338631847847,3523,41.62503548112408
183,0.25973684210526315,0.30000000000000004,30.0,5.823409669211206,1965,85.19949109414763
184,0.25973684210526315,0.30000000000000004,90.0,7.46197874080131,3669,113.53829381302809
185,0.25973684210526315,0.30000000000000004,150.0,4.5477651183172565,5705,41.66923751095529
186,0.25973684210526315,0.5,30.0,5.393833624200107,1719,69.02734147760324
187,0.25973684210526315,0.5,90.0,7.183650615901443,2679,105.78238148562895
188,0.25973684210526315,0.5,150.0,4.666524883028508,2351,39.98511271799236
189,0.25973684210526315,0.7000000000000001,30.0,3.9590909090909085,660,58.14090909090918
190,0.25973684210526315,0.7000000000000001,90.0,6.491295938104447,517,81.07156673114115
191,0.25973684210526315,0.7000000000000001,150.0,4.317567567567569,296,34.20270270270271
192,0.25973684210526315,0.9,30.0,0.0,0,0.0
193,0.25973684210526315,0.9,90.0,0.0,0,0.0
194,0.25973684210526315,0.9,150.0,0.0,0,0.0
195,0.28131578947368424,0.1,30.0,6.776470588235292,1275,131.9654901960784
196,0.28131578947368424,0.1,90.0,7.712702472293266,2346,114.24467178175627
197,0.28131578947368424,0.1,150.0,4.74759825327509,3435,43.78224163027659
198,0.28131578947368424,0.30000000000000004,30.0,6.407630522088362,1494,113.63788487282478
199,0.28131578947368424,0.30000000000000004,90.0,7.559293804130588,3002,114.72385076615586
200,0.28131578947368424,0.30000000000000004,150.0,4.8032413269182035,3949,44.56925804001017
201,0.28131578947368424,0.5,30.0,5.568524590163932,1525,81.65508196721332
202,0.28131578947368424,0.5,90.0,6.8862727676588165,2251,90.80897378942718
203,0.28131578947368424,0.5,150.0,4.81314285714286,1750,42.92857142857144
204,0.28131578947368424,0.7000000000000001,30.0,3.545054945054941,455,38.16483516483515
205,0.28131578947368424,0.7000000000000001,90.0,5.927113702623901,343,72.36443148688043
206,0.28131578947368424,0.7000000000000001,150.0,4.184931506849316,146,29.719178082191792
207,0.28131578947368424,0.9,30.0,0.0,0,0.0
208,0.28131578947368424,0.9,90.0,0.0,0,0.0
209,0.28131578947368424,0.9,150.0,0.0,0,0.0
210,0.3028947368421053,0.1,30.0,6.152254249815229,1353,100.61197339246112
211,0.3028947368421053,0.1,90.0,7.5363967242948116,2198,115.94858962693353
212,0.3028947368421053,0.1,150.0,4.608024691358029,3240,40.78518518518512
213,0.3028947368421053,0.30000000000000004,30.0,5.803444782168186,987,95.75278622087119
214,0.3028947368421053,0.30000000000000004,90.0,7.422475106685641,2109,108.06258890469405
215,0.3028947368421053,0.30000000000000004,150.0,4.716848399577922,2843,41.97537812170239
216,0.3028947368421053,0.5,30.0,5.507989907485283,1189,78.28343145500405
217,0.3028947368421053,0.5,90.0,6.916440586001079,1843,91.44709712425383
218,0.3028947368421053,0.5,150.0,4.971782518926361,1453,45.96421197522364
219,0.3028947368421053,0.7000000000000001,30.0,3.333333333333331,339,35.09144542772862
220,0.3028947368421053,0.7000000000000001,90.0,5.910714285714289,224,63.30357142857144
221,0.3028947368421053,0.7000000000000001,150.0,4.227272727272726,88,30.29545454545457
222,0.3028947368421053,0.9,30.0,0.0,0,0.0
223,0.3028947368421053,0.9,90.0,0.0,0,0.0
224,0.3028947368421053,0.9,150.0,0.0,0,0.0
225,0.32447368421052636,0.1,30.0,5.621169916434546,1436,93.33008356545976
226,0.32447368421052636,0.1,90.0,7.6011450381679255,2096,116.16889312977096
227,0.32447368421052636,0.1,150.0,4.56633733239237,2834,39.95024700070571
228,0.32447368421052636,0.30000000000000004,30.0,6.6657060518732,694,100.55907780979817
229,0.32447368421052636,0.30000000000000004,90.0,7.688703465982028,1558,115.10077021822852
230,0.32447368421052636,0.30000000000000004,150.0,4.889355007865742,1907,47.76507603565817
231,0.32447368421052636,0.5,30.0,5.083168316831672,1010,70.30693069306925
232,0.32447368421052636,0.5,90.0,6.588607594936717,1422,85.63502109704655
233,0.32447368421052636,0.5,150.0,4.548086866597714,967,37.451913133402215
234,0.32447368421052636,0.7000000000000001,30.0,3.2301886792452863,265,37.03396226415097
235,0.32447368421052636,0.7000000000000001,90.0,6.098039215686274,153,88.64705882352945
236,0.32447368421052636,0.7000000000000001,150.0,3.6438356164383547,73,22.958904109589035
237,0.32447368421052636,0.9,30.0,0.0,0,0.0
238,0.32447368421052636,0.9,90.0,0.0,0,0.0
239,0.32447368421052636,0.9,150.0,0.0,0,0.0
240,0.3460526315789474,0.1,30.0,5.943262411347522,1128,104.50531914893612
241,0.3460526315789474,0.1,90.0,7.201334141904185,1649,102.43480897513639
242,0.3460526315789474,0.1,150.0,4.701250578971748,2159,43.99536822603061
243,0.3460526315789474,0.30000000000000004,30.0,7.396933560476992,587,139.8091993185689
244,0.3460526315789474,0.30000000000000004,90.0,7.4695312499999975,1280,106.90078125000005
245,0.3460526315789474,0.30000000000000004,150.0,4.990161630358398,1423,49.8151791988756
246,0.3460526315789474,0.5,30.0,4.903067484662581,815,61.38159509202457
247,0.3460526315789474,0.5,90.0,6.8620689655172304,1044,93.12643678160904
248,0.3460526315789474,0.5,150.0,4.682615629984053,627,39.709728867623596
249,0.3460526315789474,0.7000000000000001,30.0,3.8593750000000027,192,49.53645833333332
250,0.3460526315789474,0.7000000000000001,90.0,5.53947368421053,152,61.394736842105246
251,0.3460526315789474,0.7000000000000001,150.0,4.1756756756756745,74,35.82432432432432
252,0.3460526315789474,0.9,30.0,0.0,0,0.0
253,0.3460526315789474,0.9,90.0,0.0,0,0.0
254,0.3460526315789474,0.9,150.0,0.0,0,0.0
255,0.3676315789473684,0.1,30.0,5.851807228915661,830,103.4036144578315
256,0.3676315789473684,0.1,90.0,7.430107526881718,1302,106.22580645161285
257,0.3676315789473684,0.1,150.0,4.624999999999998,1416,39.62641242937853
258,0.3676315789473684,0.30000000000000004,30.0,6.523305084745761,472,86.95974576271199
259,0.3676315789473684,0.30000000000000004,90.0,7.697959183673479,980,111.03265306122474
260,0.3676315789473684,0.30000000000000004,150.0,4.917824074074083,864,40.96180555555561
261,0.3676315789473684,0.5,30.0,5.187604690117252,597,66.69179229480747
262,0.3676315789473684,0.5,90.0,7.232616940581547,791,104.8230088495576
263,0.3676315789473684,0.5,150.0,4.439130434782608,460,35.19565217391311
264,0.3676315789473684,0.7000000000000001,30.0,3.3578947368421064,95,63.58947368421056
265,0.3676315789473684,0.7000000000000001,90.0,5.444444444444443,72,54.24999999999998
266,0.3676315789473684,0.7000000000000001,150.0,4.565217391304348,23,42.21739130434782
267,0.3676315789473684,0.9,30.0,0.0,0,0.0
268,0.3676315789473684,0.9,90.0,0.0,0,0.0
269,0.3676315789473684,0.9,150.0,0.0,0,0.0
270,0.3892105263157895,0.1,30.0,6.673381294964023,695,112.47482014388501
271,0.3892105263157895,0.1,90.0,7.51108647450111,902,100.75498891352561
272,0.3892105263157895,0.1,150.0,4.6108910891088986,1010,39.83861386138615
273,0.3892105263157895,0.30000000000000004,30.0,6.625000000000004,416,96.62980769230772
274,0.3892105263157895,0.30000000000000004,90.0,7.649888143176724,894,124.5492170022371
275,0.3892105263157895,0.30000000000000004,150.0,5.1432506887052325,726,48.76859504132229
276,0.3892105263157895,0.5,30.0,5.1379310344827545,464,67.59051724137926
277,0.3892105263157895,0.5,90.0,6.7241992882562265,562,88.23309608540926
278,0.3892105263157895,0.5,150.0,4.876923076923082,325,42.77230769230769
279,0.3892105263157895,0.7000000000000001,30.0,2.0588235294117623,68,19.23529411764707
280,0.3892105263157895,0.7000000000000001,90.0,3.5714285714285716,14,23.14285714285714
281,0.3892105263157895,0.7000000000000001,150.0,3.0,1,9.0
282,0.3892105263157895,0.9,30.0,0.0,0,0.0
283,0.3892105263157895,0.9,90.0,0.0,0,0.0
284,0.3892105263157895,0.9,150.0,0.0,0,0.0
285,0.7,0.1,30.0,6.400492408699224,4874,108.3139105457528
286,0.7,0.1,90.0,7.40345771995891,5842,108.07172201300914
287,0.7,0.1,150.0,5.100218545113942,3203,48.2841086481425
288,0.7,0.30000000000000004,30.0,6.156166219839152,2984,96.40214477211792
289,0.7,0.30000000000000004,90.0,7.219851980844584,4594,100.69133652590341
290,0.7,0.30000000000000004,150.0,5.113186402689587,2677,47.152782966006754
291,0.7,0.5,30.0,3.699554896142433,2696,48.63353115727
292,0.7,0.5,90.0,5.960854092526677,1686,72.24673784104395
293,0.7,0.5,150.0,4.462519936204147,627,37.53110047846892
294,0.7,0.7000000000000001,30.0,0.0,0,0.0
295,0.7,0.7000000000000001,90.0,0.0,0,0.0
296,0.7,0.7000000000000001,150.0,0.0,0,0.0
297,0.7,0.9,30.0,0.0,0,0.0
298,0.7,0.9,90.0,0.0,0,0.0
299,0.7,0.9,150.0,0.0,0,0.0
