elo_bin,r_spear_mean,r_spear_count,r_spearsquared_mean
400.0,0.1011043879459906,454,0.08631985055603744
900.0,0.11712184098686881,2390,0.033793412702004186
1100.0,0.12003814881439491,2480,0.02015560844077414
1300.0,0.12839362541149144,2469,0.020103349058681063
1500.0,0.1361994557827548,2474,0.022219812440470735
1700.0,0.14747729370649687,2479,0.02633598152103804
1900.0,0.16065048660682743,2468,0.034640562741407935
2100.0,0.17273713910669042,2258,0.0504198774746419
2600.0,0.17208878304065733,1189,0.06643049800955812
