elo_bin,r_spear_mean,r_spear_count,r_spearsquared_mean
400.0,0.09598322259280098,1319,0.07443984832397253
900.0,0.12300927475588258,2615,0.019050277340895323
1100.0,0.13478414887609128,2596,0.019828824094510856
1300.0,0.14154269088298096,2573,0.021292620359113033
1500.0,0.14783954130401483,2580,0.022994190473855754
1700.0,0.15901000408226626,2577,0.026662709525780398
1900.0,0.1733897415871518,2594,0.03224086565600209
2100.0,0.1856175416162586,2618,0.039849759489208283
2600.0,0.1825461527979299,2224,0.05810392704249887
