elo_bin,r_spear_mean,r_spear_count,r_spearsquared_mean
400.0,0.10070254957881342,904,0.0759895575746073
900.0,0.12782165911890472,2682,0.02224544856554536
1100.0,0.14111104740385524,2668,0.02193168457011632
1300.0,0.14908099117017537,2659,0.023681984639377894
1500.0,0.15777973103751486,2658,0.026384579152672574
1700.0,0.17083081256232713,2682,0.03154270532990233
1900.0,0.18049934897358855,2683,0.039155419989919185
2100.0,0.1884704135563342,2227,0.062160282456264315
2600.0,0.16520065187004063,503,0.07391439189600402
