elo_bin,r_spear_mean,r_spear_count,r_spearsquared_mean
400.0,0.11721672657110428,678,0.03647546168908064
900.0,0.12102242729703515,655,0.015416071154867395
1100.0,0.1327102638202192,623,0.017946723152426788
1300.0,0.14135668187731437,563,0.020235636926542615
1500.0,0.14943649450999533,569,0.022585568768556434
1700.0,0.16127394189813324,605,0.026302873114239612
1900.0,0.17238158475345913,644,0.030175197708680802
2100.0,0.18484516951722388,683,0.03543539363422409
2600.0,0.18124434260952998,696,0.04179151060583833
