elo_bin,r_spear_mean,r_spear_count,r_spearsquared_mean
400.0,0.10864025998955394,12,0.052006304200198444
900.0,0.10243712771198875,122,0.08527735151597766
1100.0,0.11228915861353143,709,0.07136750161032496
1300.0,0.14895569113246962,1154,0.06702582023609549
1500.0,0.14541576290829886,1650,0.06053903852406196
1700.0,0.17236316666540877,1774,0.0654547255801401
1900.0,0.19054300824094114,1296,0.07349196409100209
2100.0,0.18628303128147924,817,0.07035194980348132
2600.0,0.17568698149476666,271,0.07868326737066232
