elo_bin,r_spear_mean,r_spear_count,r_spearsquared_mean
400.0,-0.0052117762306140986,2,0.008643046569694317
900.0,0.1870091243582451,75,0.09566751539320778
1100.0,0.13260621239515183,327,0.0791868668618207
1300.0,0.1406943932025881,861,0.07524921101474538
1500.0,0.1534353872149016,1463,0.06683876057974604
1700.0,0.16629616093915622,1529,0.0700411168661865
1900.0,0.1906353748803456,991,0.07573886573052017
2100.0,0.19151762049041796,395,0.0862505049255053
2600.0,0.20993189784937155,74,0.08594820677162375
