elo_bin,r_spear_mean,r_spear_count,r_spearsquared_mean
400.0,0.1136435950225453,402,0.08833490097358129
900.0,0.12082815176135848,1781,0.04466723287484995
1100.0,0.12699488554982566,1979,0.02173716019536688
1300.0,0.13418680458744486,1979,0.021131555967030757
1500.0,0.14612294102721443,1977,0.023546858236320238
1700.0,0.15783358275701304,1976,0.027297860150243332
1900.0,0.1703779224704057,1978,0.031949376137915986
2100.0,0.1813576456019792,1982,0.03813560158099048
2600.0,0.18688060509462223,1893,0.048826738277053326
