elo_bin,r_spear_mean,r_spear_count,r_spearsquared_mean
400.0,0.095985626579583,903,0.08568135277512316
900.0,0.12465062261668612,4823,0.02663502596419213
1100.0,0.13519585343823387,4785,0.02078706191588615
1300.0,0.14541805974798508,4719,0.022603282163310697
1500.0,0.15382102014343033,4686,0.024863130892423844
1700.0,0.16422134989834666,4730,0.0285076728674305
1900.0,0.17741741537553352,4800,0.034387160421866035
2100.0,0.18553958161860015,4806,0.04429134989006662
2600.0,0.18064906256598356,3210,0.07020746427739286
