elo_bin,r_spear_mean,r_spear_count,r_spearsquared_mean
400.0,0.1060105325818516,1735,0.05981640972427659
900.0,0.12240260901543988,2475,0.020711807482072627
1100.0,0.13507019794641198,2452,0.02017836009122589
1300.0,0.14135979220781156,2437,0.02119127124048649
1500.0,0.1487348718838324,2423,0.02328044499078929
1700.0,0.1577032479413405,2436,0.026207698419318786
1900.0,0.1715343251878707,2449,0.03130972893133599
2100.0,0.18194826329850103,2471,0.03717280173745577
2600.0,0.18827073785277507,2322,0.0514206233705906
