elo_bin,r_spear_mean,r_spear_count,r_spearsquared_mean
400.0,0.08134685177881959,728,0.07893776798884168
900.0,0.10912385347795392,4519,0.034552928914088614
1100.0,0.11789941364046268,4820,0.02159864325940228
1300.0,0.12442056765247175,4824,0.020440529897565073
1500.0,0.13486712458287606,4818,0.021332029661194987
1700.0,0.1443899066755093,4785,0.023766703752109167
1900.0,0.15804294599538743,4789,0.028330177848618483
2100.0,0.17334322283339232,4817,0.03608047808575234
2600.0,0.18297586349272602,4723,0.044682454583341774
