elo_bin,r_spear_mean,r_spear_count,r_spearsquared_mean
400.0,0.03372746719689842,1,0.0011375420435178589
900.0,0.07481053548880694,22,0.07108670606550821
1100.0,0.11111368248303231,172,0.07518775586172682
1300.0,0.1254434713859112,465,0.07008454389927153
1500.0,0.14937032921001894,905,0.0695601800718629
1700.0,0.1739067829671979,1086,0.06520041667718854
1900.0,0.1786405749272244,871,0.07210799909974543
2100.0,0.17764471230748693,366,0.07525294752868406
2600.0,0.18205193216944468,85,0.0719284536099856
