elo_bin,r_spear_mean,r_spear_count,r_spearsquared_mean
400.0,0.06945598410543077,560,0.04222034236156756
900.0,0.06765136259969384,595,0.0056176856104858475
1100.0,0.07396375273452016,546,0.005829882074493272
1300.0,0.07965064036167818,508,0.006606612331570208
1500.0,0.08478223113182336,517,0.007420768711565185
1700.0,0.09219616487035429,540,0.00881745555838705
1900.0,0.1053550085690691,571,0.011616588664877601
2100.0,0.11907415582635555,607,0.015115764710541636
2600.0,0.13571932950056764,607,0.020064503722831407
