elo_bin,r_spear_mean,r_spear_count,r_spearsquared_mean
400.0,0.09798357586313484,260,0.09988408049175539
900.0,0.11947111243429363,2351,0.03692480580147661
1100.0,0.12843795687162196,2479,0.02186369370503844
1300.0,0.13596457871482046,2469,0.02124706931268073
1500.0,0.1457541309757436,2474,0.023718798477516873
1700.0,0.15982679606069716,2474,0.0278265364764348
1900.0,0.1698993053715739,2475,0.03219137533578037
2100.0,0.18220051195028913,2473,0.03914182483442569
2600.0,0.1869517298180275,2306,0.05088022219345237
