elo_bin,r_spear_mean,r_spear_count,r_spearsquared_mean
400.0,0.11112436573888752,483,0.08692721248567621
900.0,0.10945270682539339,2524,0.031745860566576634
1100.0,0.11816057157980017,2620,0.01919039128096028
1300.0,0.12942098228380702,2612,0.020801495573515388
1500.0,0.1387056745654021,2612,0.023141280979864603
1700.0,0.15174240618131107,2616,0.027950332825914515
1900.0,0.1608663895643466,2603,0.03442389168036713
2100.0,0.1747321599259064,2365,0.051925333263889886
2600.0,0.17224190624422595,1155,0.06540221931440941
