elo_bin,r_spear_mean,r_spear_count,r_spearsquared_mean
400.0,0.09927325719846099,764,0.08019196254436549
900.0,0.12395156218308975,2624,0.02196630757858521
1100.0,0.13776342224476285,2597,0.020560434147837446
1300.0,0.14694503945314102,2557,0.022511391803278213
1500.0,0.1548144696566848,2541,0.02469690136234806
1700.0,0.16386131013169067,2555,0.027766475995808077
1900.0,0.17850664673025488,2591,0.03335570198285327
2100.0,0.18801298532168004,2615,0.04037848394693532
2600.0,0.19559492387853347,2135,0.06608397105571337
