elo_bin,r_spear_mean,r_spear_count,r_spearsquared_mean
400.0,0.10733455192694803,1914,0.07308236310827614
900.0,0.12081391104276493,4834,0.020808855656734494
1100.0,0.1329490144289439,4782,0.02029136158325724
1300.0,0.1406509484530365,4744,0.021795272947950795
1500.0,0.14875031039749026,4782,0.024113981905951157
1700.0,0.16021946418039903,4776,0.028147918232857522
1900.0,0.17216514143329065,4805,0.033734731573168183
2100.0,0.18023463752275198,4753,0.04461001879150059
2600.0,0.17332430593393697,3120,0.06635262078951037
