elo_bin,r_spear_mean,r_spear_count,r_spearsquared_mean
400.0,0.09343739867654689,349,0.08242249775460864
900.0,0.1146061795160072,2555,0.03364100518292801
1100.0,0.1288651623647911,2604,0.0213572494117897
1300.0,0.13799693132597637,2604,0.021543700280034522
1500.0,0.14693882124202193,2604,0.023780272353509498
1700.0,0.15855245657888625,2607,0.027668191964225815
1900.0,0.17473315752754398,2611,0.033873456926992125
2100.0,0.18435583856861087,2613,0.04090422696364231
2600.0,0.19145223471266623,2301,0.05695709568030228
