elo_bin,r_spear_mean,r_spear_count,r_spearsquared_mean
400.0,0.11832479429978202,828,0.07646741649977895
900.0,0.12745865813951437,1979,0.025476786933305497
1100.0,0.13744508910679124,1979,0.02086879885122514
1300.0,0.1478025067478492,1947,0.022857897248449714
1500.0,0.15392618985761403,1932,0.024488465317157846
1700.0,0.1635386530156305,1939,0.027620257850315334
1900.0,0.17656674877406775,1947,0.03241188844456423
2100.0,0.18991995843303686,1979,0.03969520007513303
2600.0,0.18682226708589722,1853,0.055636344361622944
