elo_bin,r_spear_mean,r_spear_count,r_spearsquared_mean
400.0,-0.04721119183240062,1,0.002228896634235731
900.0,0.12585785694711588,61,0.07834431472820082
1100.0,0.1113227845987183,380,0.08072002162318571
1300.0,0.1393030932434023,1295,0.0721798448139665
1500.0,0.1522877458264537,2139,0.0689740530284379
1700.0,0.16451002345940177,2032,0.07118596682260755
1900.0,0.17587634357873794,928,0.08077318205044157
2100.0,0.17987010363438782,223,0.09341138692322012
2600.0,0.1670302208365143,22,0.07492942002860402
