elo_bin,r_spear_mean,r_spear_count,r_spearsquared_mean
400.0,-0.16133489894867295,3,0.35818540412160416
900.0,0.10185013630985378,101,0.06715001531470942
1100.0,0.11940660644820188,365,0.08177768073966622
1300.0,0.15305710419655177,1114,0.07536656507314028
1500.0,0.15913215158594318,1904,0.07291648313341227
1700.0,0.16929500376681644,1936,0.07045811574169504
1900.0,0.19119163143661902,1116,0.08163732141681256
2100.0,0.21308953609074588,473,0.09539868963386926
2600.0,0.22765124758864133,79,0.0964886552297869
