elo_bin,r_spear_mean,r_spear_count,r_spearsquared_mean
400.0,0.29511859943348423,3,0.20380683677104153
900.0,0.15263509071174544,87,0.07961592689851577
1100.0,0.11817074603706282,392,0.06313271815098681
1300.0,0.14073478297265743,884,0.06351117456755369
1500.0,0.14668608502450034,1394,0.06534975251784803
1700.0,0.16131318022620436,1569,0.06135629267747605
1900.0,0.18516885195218435,1158,0.07117576214477205
2100.0,0.18356213198712085,713,0.07982532211204721
2600.0,0.19011830065462396,240,0.07650598746699942
