elo_bin,r_spear_mean,r_spear_count,r_spearsquared_mean
400.0,0.09363857472355673,566,0.07998978565172868
900.0,0.10737925687972219,2642,0.024747721864984012
1100.0,0.11510872365202539,2677,0.017500592796364872
1300.0,0.12697101465479488,2662,0.01878389734853498
1500.0,0.13513592801729882,2652,0.02013945541146926
1700.0,0.14590526640987173,2640,0.02276451864452017
1900.0,0.1583019501509555,2656,0.02679996463608089
2100.0,0.17291269407740167,2675,0.03302228839420055
2600.0,0.18549857455099084,2675,0.04030212412527905
