elo_bin,r_spear_mean,r_spear_count,r_spearsquared_mean
400.0,0.10976549399863876,604,0.06609584317997107
900.0,0.12794855804482277,901,0.01781818680963723
1100.0,0.13646625231126278,828,0.019029956103639053
1300.0,0.14680031185543804,769,0.021808801187882736
1500.0,0.15426237060328515,748,0.024018172219813543
1700.0,0.1627887374878585,784,0.026775955614445804
1900.0,0.17817172818240964,856,0.03223067411281976
2100.0,0.19035659460789894,902,0.037881226969649816
2600.0,0.1874268263779938,909,0.0472541542635226
