elo_bin,r_spear_mean,r_spear_count,r_spearsquared_mean
400.0,0.2333192709601245,2,0.1688190054850792
900.0,0.14771202941084766,127,0.09019398796933044
1100.0,0.1247881782581891,869,0.08743621523438526
1300.0,0.13930460321957164,1460,0.0770271068248303
1500.0,0.15065025142753405,2209,0.06527067395964466
1700.0,0.15974724206100385,2547,0.06559995141660595
1900.0,0.18259789899750553,1710,0.07242590890051279
2100.0,0.19744799665538357,885,0.08006535493235536
2600.0,0.1904187268190633,267,0.07736276666423399
