elo_bin,r_spear_mean,r_spear_count,r_spearsquared_mean
400.0,0.09251552174975708,614,0.07459723040930616
900.0,0.10791131005136069,4355,0.03916672694683345
1100.0,0.12034832732613135,4798,0.024617888543353585
1300.0,0.13172639821068385,4828,0.024893127237905415
1500.0,0.1385587149467887,4832,0.027308899115660236
1700.0,0.15096590817374475,4780,0.033839169789701216
1900.0,0.1615783064829978,4539,0.04492704669534307
2100.0,0.16854628098652505,3419,0.06031053756966785
2600.0,0.16760198961308173,1354,0.07059362168233232
