elo_bin,r_spear_mean,r_spear_count,r_spearsquared_mean
400.0,0.09944837703194094,833,0.09083199918425386
900.0,0.12626310546108963,2618,0.02248704524542086
1100.0,0.14241643817708421,2605,0.02238792194240989
1300.0,0.1496753343111568,2596,0.02386431116499887
1500.0,0.158736342872513,2588,0.0266374390276141
1700.0,0.1697600884095351,2600,0.03130850869765887
1900.0,0.1781946086893795,2623,0.037598785242267
2100.0,0.18542064517617443,2203,0.05956432728077617
2600.0,0.16848701199355828,619,0.0746538982576887
