elo_bin,r_spear_mean,r_spear_count,r_spearsquared_mean
400.0,0.09677150288899548,527,0.09464836916215016
900.0,0.10131429907223091,3876,0.039956031270071274
1100.0,0.12043091555129413,4348,0.02523264945510645
1300.0,0.12886569451127883,4373,0.024102752932781052
1500.0,0.1378243404736539,4367,0.02689442602780169
1700.0,0.14964422385424284,4312,0.0331819473783904
1900.0,0.15898182362185032,4049,0.04532488947301296
2100.0,0.1725587670767742,3010,0.0606729101038137
2600.0,0.17278518785577657,793,0.07679540733547739
