elo_bin,r_spear_mean,r_spear_count,r_spearsquared_mean
400.0,0.1128283837841754,558,0.07539408271455272
900.0,0.12165678368004806,2483,0.023672002133258506
1100.0,0.1370562459105499,2448,0.0206009298812589
1300.0,0.14756368169408215,2421,0.02273840900453187
1500.0,0.15400231843558698,2410,0.02444779016559855
1700.0,0.16312548936736818,2425,0.02743062064522581
1900.0,0.17725320430614736,2431,0.0328136422147995
2100.0,0.1886604581783274,2475,0.03955713449462065
2600.0,0.19039643611700213,2238,0.0602113528512016
