elo_bin,r_spear_mean,r_spear_count,r_spearsquared_mean
400.0,0.048125074376707246,857,0.07936848563223244
900.0,0.06936470320635524,2482,0.011559148406481862
1100.0,0.07783256189084764,2458,0.007810893970735209
1300.0,0.08088575525694343,2440,0.007643594476616945
1500.0,0.08533146822797866,2439,0.008378435632321466
1700.0,0.09179197383089374,2444,0.009754446516314932
1900.0,0.10265327710945281,2460,0.01267068452139368
2100.0,0.11011868407200621,2473,0.017529355395985376
2600.0,0.12910412644307792,2404,0.02848170413373503
