elo_bin,r_spear_mean,r_spear_count,r_spearsquared_mean
400.0,0.0673076851524755,1085,0.07446096179612242
900.0,0.07011168415130681,2681,0.01033966994275527
1100.0,0.07604890036736675,2646,0.007437744888228042
1300.0,0.08162062042645034,2632,0.007849571800030845
1500.0,0.0857887363608014,2633,0.008558072394951342
1700.0,0.09252274642084701,2648,0.010003608774929952
1900.0,0.1025368146328838,2677,0.013059310493653175
2100.0,0.11504339201020596,2679,0.01947383766119583
2600.0,0.12855867954123368,2574,0.02914514182454098
