elo_bin,r_spear_mean,r_spear_count,r_spearsquared_mean
400.0,0.10131641631817519,594,0.08505940951390124
900.0,0.11484661480724674,4525,0.039643040706921207
1100.0,0.12751039173777973,4826,0.024121907003655914
1300.0,0.1370273848940721,4814,0.02363186918547649
1500.0,0.14638017521275218,4808,0.02567296839995862
1700.0,0.1592963608313945,4819,0.030268394334571964
1900.0,0.17298573977046375,4813,0.03694624705293432
2100.0,0.18226962083018983,4670,0.04732145482355956
2600.0,0.19106435928097343,3092,0.0663937410710085
