elo_bin,r_spear_mean,r_spear_count,r_spearsquared_mean
400.0,0.10326177119165098,1118,0.07301012079431368
900.0,0.12180902601498218,2475,0.019685598769390317
1100.0,0.13251534053168515,2456,0.01935055724076846
1300.0,0.14199250116830459,2442,0.021426237175835673
1500.0,0.14878445075314142,2448,0.02325980764169236
1700.0,0.15855336002902612,2440,0.026438909810901762
1900.0,0.17126397037344446,2471,0.03130854078131532
2100.0,0.18339207326014298,2473,0.038326768880742754
2600.0,0.18585163430541116,2160,0.055207455625544494
