elo_bin,r_spear_mean,r_spear_count,r_spearsquared_mean
400.0,0.07620314433457352,374,0.04538556075251341
900.0,0.10647271080680981,509,0.013211541211726211
1100.0,0.11715210106010088,485,0.014407872186771547
1300.0,0.12418418934750802,466,0.015893162750027532
1500.0,0.13454716399031874,455,0.01845321327226647
1700.0,0.14606841702301182,423,0.02160505572813273
1900.0,0.15914624880980704,439,0.025687443414964345
2100.0,0.173318921847935,480,0.03056323105334918
2600.0,0.1873942582964365,493,0.03601490906340772
