elo_bin,r_spear_mean,r_spear_count,r_spearsquared_mean
400.0,0.030760345149894886,2,0.0009467164963973666
900.0,0.12065715555797285,57,0.06923035566522834
1100.0,0.12388994321530455,371,0.09011625625489432
1300.0,0.13933013129458743,983,0.07281791446050861
1500.0,0.1529740459727688,1670,0.07172009008609935
1700.0,0.16429943976590244,1788,0.07034888319812967
1900.0,0.1800761987314766,1129,0.07398973636357281
2100.0,0.1865170136572093,493,0.08103556361769865
2600.0,0.11698355375945885,114,0.06260849220267602
