elo_bin,r_spear_mean,r_spear_count,r_spearsquared_mean
400.0,0.12547549360377455,975,0.0841203195660145
900.0,0.1311474278223919,1986,0.026911424847186543
1100.0,0.14124049750779188,1978,0.02261227172267057
1300.0,0.147546940415142,1965,0.023533744686811662
1500.0,0.15902466030319778,1971,0.026858834612532793
1700.0,0.1698904994053691,1976,0.031159442761288143
1900.0,0.18115238164972752,1986,0.03786156660190399
2100.0,0.1909307180025777,1851,0.05500275746659322
2600.0,0.1804680345188903,579,0.07525901017714821
