elo_bin,r_spear_mean,r_spear_count,r_spearsquared_mean
400.0,0.11629440573686893,1802,0.07553519975353008
900.0,0.12252744122288478,4373,0.021502578969757786
1100.0,0.13340931891318958,4329,0.020453053193291455
1300.0,0.14031160663303968,4300,0.021737998440057565
1500.0,0.1476338230416486,4319,0.023726108270609003
1700.0,0.15962160344119905,4324,0.027760979446206868
1900.0,0.17238921720541073,4346,0.033804802360826086
2100.0,0.1820084507278913,4298,0.04498981158437929
2600.0,0.17092255607780402,2946,0.0626629319920049
