elo_bin,r_spear_mean,r_spear_count,r_spearsquared_mean
400.0,0.0840492390449867,640,0.0774722554057169
900.0,0.10495805809464251,4070,0.03334812980375194
1100.0,0.11638386295948287,4367,0.021643028474363106
1300.0,0.12604377393041974,4365,0.020800978758307383
1500.0,0.13402811480337823,4330,0.02122222937080991
1700.0,0.1447557006420358,4330,0.023938025287890335
1900.0,0.15846187683974763,4345,0.028500384150992757
2100.0,0.17366852196838245,4351,0.03637831216890137
2600.0,0.18540677568723557,4294,0.04497379951370409
