elo_bin,r_spear_mean,r_spear_count,r_spearsquared_mean
400.0,0.059873095593854675,1187,0.06962758854149466
900.0,0.06863875144182223,1988,0.013026088512559517
1100.0,0.07555763651461991,1972,0.007850766995620406
1300.0,0.08020241325712085,1944,0.007679077539210786
1500.0,0.08409016293723406,1948,0.008170221963631269
1700.0,0.09080324027695572,1948,0.00965367548575178
1900.0,0.09999222758328441,1967,0.012071125561388152
2100.0,0.11055353529411692,1989,0.016455464521334683
2600.0,0.12493049063065972,1957,0.024586581602287664
