elo_bin,r_spear_mean,r_spear_count,r_spearsquared_mean
400.0,0.0973914370204447,1409,0.05517296516677343
900.0,0.12164262886502276,1990,0.02139244762789962
1100.0,0.13299675790848836,1972,0.019666855592538578
1300.0,0.14241441876384198,1957,0.021556321590596946
1500.0,0.14749303028782873,1957,0.022856326763111185
1700.0,0.15779534376447518,1952,0.0262814437443048
1900.0,0.1711226367392385,1979,0.031121970037593722
2100.0,0.18433898019759135,1981,0.03780222394254481
2600.0,0.18689576934013272,1858,0.0517191807009464
