elo_bin,r_spear_mean,r_spear_count,r_spearsquared_mean
400.0,0.0948457948828897,1146,0.08899344622032078
900.0,0.12276424996104066,4808,0.025918577438204315
1100.0,0.1401581563666634,4815,0.023059841926876476
1300.0,0.1496074290089854,4799,0.02497498633768243
1500.0,0.15904536126222443,4788,0.02809565109831404
1700.0,0.17032766798763496,4816,0.03394373273987923
1900.0,0.1792865038555876,4737,0.045937750490551495
2100.0,0.18643873453353674,3407,0.06856063509717235
2600.0,0.16214560223667457,648,0.07868786251881398
