elo_bin,r_spear_mean,r_spear_count,r_spearsquared_mean
400.0,0.10353217164500104,1400,0.07745767254941575
900.0,0.12401566288409807,2678,0.019199899529413443
1100.0,0.1325019527739825,2656,0.019103048489646553
1300.0,0.14110251180593217,2637,0.02110878645620583
1500.0,0.1492282677645418,2634,0.023417602118372408
1700.0,0.1602141669026909,2641,0.027162882553395468
1900.0,0.17214144678193602,2664,0.0318858686584404
2100.0,0.18229206308579946,2678,0.038852490184487685
2600.0,0.18740082224065246,2208,0.06200295275447444
