elo_bin,r_spear_mean,r_spear_count,r_spearsquared_mean
400.0,0.09535209513419736,1059,0.08453348351987836
900.0,0.12831261141851416,4365,0.02675094455311253
1100.0,0.14031367610833195,4364,0.02321816565497788
1300.0,0.14973909362706228,4341,0.02490386439353253
1500.0,0.1567652689598649,4345,0.027535435541231553
1700.0,0.1729455620247584,4369,0.034406564891955704
1900.0,0.18216674367607563,4297,0.046104296513335835
2100.0,0.17662444210468278,2851,0.06908372842086044
2600.0,0.1621440977661386,531,0.08946350593468905
