elo_bin,r_spear_mean,r_spear_count,r_spearsquared_mean
400.0,0.08982451346540103,532,0.0821950024659483
900.0,0.11181991303402038,4023,0.03926424590630391
1100.0,0.12679083713835654,4367,0.023513312702214316
1300.0,0.13628288166872432,4368,0.023565537936196986
1500.0,0.14609624244808667,4354,0.025530296511657374
1700.0,0.160051536182249,4361,0.03063509206284024
1900.0,0.17672534997165368,4366,0.03883051733472408
2100.0,0.1831224958599505,4203,0.049360691322310614
2600.0,0.19203823407289672,2677,0.07080561879932075
