elo_bin,r_spear_mean,r_spear_count,r_spearsquared_mean
400.0,0.06408765226101738,1388,0.08220022587610537
900.0,0.06751447099777365,4818,0.013825935594075106
1100.0,0.07451416324472715,4777,0.00842937401006245
1300.0,0.0778289064860852,4761,0.008180274830859915
1500.0,0.08420750594571041,4757,0.009243073927453549
1700.0,0.09325368214912177,4785,0.011508475828167459
1900.0,0.10085899340391052,4806,0.01582202754029391
2100.0,0.11759509096143819,4729,0.025367535400858787
2600.0,0.12176278346400662,3980,0.03484242180940436
