elo_bin,r_spear_mean,r_spear_count,r_spearsquared_mean
400.0,0.10190856342183026,554,0.09109191739708226
900.0,0.1090672684084966,2566,0.02760429532180092
1100.0,0.11576317307647939,2624,0.017856614229958736
1300.0,0.1262589552529938,2596,0.018559817008637795
1500.0,0.1356863375194712,2595,0.02008542870396825
1700.0,0.14524383432616217,2591,0.022679437258802074
1900.0,0.15846727208887038,2593,0.026796335928194623
2100.0,0.17370237078957013,2603,0.033044239126289746
2600.0,0.1873754131182169,2603,0.04073697225493371
