elo_bin,r_spear_mean,r_spear_count,r_spearsquared_mean
400.0,0.09851105740961688,375,0.0890251437747806
900.0,0.1156450210810159,2261,0.041754893961635835
1100.0,0.12946608281908853,2484,0.022328486184667276
1300.0,0.13753526642737574,2468,0.02191402114843986
1500.0,0.14724525930260102,2451,0.023929801878754226
1700.0,0.160164909619353,2470,0.02795073264037634
1900.0,0.17262486110031922,2472,0.032931199718210916
2100.0,0.18348093239754398,2478,0.03879897881103524
2600.0,0.19036611389131933,2346,0.05060414687337587
