elo_bin,r_spear_mean,r_spear_count,r_spearsquared_mean
400.0,0.054439914648816534,1341,0.07924179852670812
900.0,0.06718402711646164,4376,0.014315462152269453
1100.0,0.0731520402728911,4337,0.008218329026621781
1300.0,0.0786100796460605,4321,0.008204918083549442
1500.0,0.08451526999278708,4327,0.009281987032233938
1700.0,0.09296577309528943,4317,0.01125113497067965
1900.0,0.10644950486082555,4359,0.016484790587148565
2100.0,0.11385375319863383,4307,0.025123936255621267
2600.0,0.12734894691903978,3768,0.032975434859279035
