elo_bin,r_spear_mean,r_spear_count,r_spearsquared_mean
400.0,0.19197211906637937,1,0.03685329449883614
900.0,0.13645458378220043,49,0.10197404634081368
1100.0,0.11427477612643348,346,0.08239743848762707
1300.0,0.14489977034899215,899,0.06707273155825946
1500.0,0.14844370349858918,1472,0.060262553844709375
1700.0,0.16788267330303916,1667,0.06082385022207206
1900.0,0.1772093590261414,1284,0.06933444851887555
2100.0,0.18969160122135548,734,0.0731200870038584
2600.0,0.17872790987050116,199,0.08184925802352848
