elo_bin,r_spear_mean,r_spear_count,r_spearsquared_mean
400.0,0.10555542635493555,639,0.06494999964233131
900.0,0.10985008722285196,1875,0.03529999714175351
1100.0,0.1207897188482451,1982,0.019994657125771996
1300.0,0.12520773673755836,1971,0.01860434151559317
1500.0,0.1337421036578514,1960,0.019612190829038798
1700.0,0.14470621744497786,1964,0.022356407918190054
1900.0,0.15814061008644062,1968,0.02661175179168238
2100.0,0.1720050225548972,1977,0.03198579400667694
2600.0,0.18887839622236294,1981,0.03908393763113627
