elo_bin,r_spear_mean,r_spear_count,r_spearsquared_mean
400.0,0.0634167715463448,7,0.00824488565266051
900.0,0.10958180857170328,137,0.07681740463167698
1100.0,0.1249102022647817,788,0.0835672843012589
1300.0,0.14923924258722118,1483,0.07420112477849047
1500.0,0.153182127233601,2164,0.0671450082869792
1700.0,0.16482140065619713,2419,0.06811649101039566
1900.0,0.17826028446493747,1589,0.07377058281058224
2100.0,0.1804043469307423,789,0.07539056319911953
2600.0,0.18895975455785868,211,0.0880477076295517
