elo_bin,r_spear_mean,r_spear_count,r_spearsquared_mean
400.0,-0.13093332047438588,7,0.04093811058116995
900.0,0.09026395248221598,96,0.08119035782437059
1100.0,0.13783445842696745,388,0.06864763268673424
1300.0,0.12885558257266416,975,0.05914270523953528
1500.0,0.1511103721388629,1622,0.06189470439884605
1700.0,0.1617043197100508,1733,0.06402957994720863
1900.0,0.1780200852914763,1370,0.07258156594456663
2100.0,0.18955034278543315,821,0.07312426248890753
2600.0,0.20141464702387535,265,0.08091336402784227
