elo_bin,r_spear_mean,r_spear_count,r_spearsquared_mean
400.0,0.11295819167203867,1134,0.07908785980713569
900.0,0.12543348411953503,2484,0.025504865703332786
1100.0,0.1411078704612428,2475,0.02246306443814782
1300.0,0.1492569316714525,2444,0.02396141920030099
1500.0,0.15967677182845397,2446,0.026943080369981942
1700.0,0.17151554015017992,2470,0.03158207932257395
1900.0,0.1814412238967199,2483,0.037787591797001675
2100.0,0.19555435962281037,2226,0.06012076869143784
2600.0,0.18544051645690574,623,0.07510772054082546
