elo_bin,r_spear_mean,r_spear_count,r_spearsquared_mean
400.0,0.10245609855131357,607,0.08454242400620789
900.0,0.10496408046284444,1899,0.03506814686433085
1100.0,0.12264897416385037,1988,0.02059784682409857
1300.0,0.1283424520578155,1989,0.02029537705205444
1500.0,0.13939453665554236,1982,0.023109855235646556
1700.0,0.14978931265451295,1982,0.026895712508509983
1900.0,0.16027138114647516,1977,0.032991395497472195
2100.0,0.17101001225597948,1865,0.046890077444197896
2600.0,0.17981324292738016,1062,0.06521403635763177
