elo_bin,r_spear_mean,r_spear_count,r_spearsquared_mean
400.0,0.08198885631456092,693,0.08500129463059608
900.0,0.13118079791489204,2482,0.026164528449760836
1100.0,0.14304504161065976,2466,0.022776330470689693
1300.0,0.1495233460693869,2447,0.024036745450177463
1500.0,0.1582393830299036,2457,0.02652652896233728
1700.0,0.17125071390511903,2468,0.031707568468128396
1900.0,0.18133841805244594,2477,0.038083411483912394
2100.0,0.18974108852481658,2233,0.05855671950227772
2600.0,0.18981116230308848,629,0.0791338709711245
