elo_bin,r_spear_mean,r_spear_count,r_spearsquared_mean
400.0,0.1231039919720765,435,0.08847343919522144
900.0,0.11667330456575231,2631,0.03175295973738925
1100.0,0.1293563237571147,2681,0.021324010574070712
1300.0,0.13883891796150835,2669,0.021676104815254397
1500.0,0.1460311060985087,2663,0.023653517832554316
1700.0,0.15981444292104066,2671,0.02800113389365272
1900.0,0.17336665469363255,2680,0.03346880582600435
2100.0,0.18464960957532628,2672,0.04184936406945456
2600.0,0.18581224800266008,2264,0.05990085526122659
