elo_bin,r_spear_mean,r_spear_count,r_spearsquared_mean
400.0,0.08429589677210639,531,0.0926887942323191
900.0,0.11345267171813422,2625,0.030157914234860098
1100.0,0.12173573026406759,2690,0.02033742723562564
1300.0,0.1300071129238671,2678,0.02067904086174906
1500.0,0.13754334804475304,2682,0.023045954597313383
1700.0,0.15282155314131102,2687,0.02882262382253467
1900.0,0.1614374065459514,2653,0.03725795887264163
2100.0,0.17593224737523028,2346,0.05126726217348787
2600.0,0.1863244573838502,1085,0.0717154439364189
