elo_bin,r_spear_mean,r_spear_count,r_spearsquared_mean
400.0,0.1010814353710592,888,0.07606840707923328
900.0,0.12143768905378957,2474,0.0251151034411098
1100.0,0.1360531924698655,2464,0.020612932791912484
1300.0,0.1461986759942202,2439,0.02236569087770754
1500.0,0.15455236629169256,2407,0.024607948998885586
1700.0,0.16290897173662913,2416,0.027369467865056545
1900.0,0.17589242689501297,2444,0.03222212994424708
2100.0,0.18986979755261485,2480,0.03994465596574841
2600.0,0.19386613678976464,2259,0.05971302065919193
