elo_bin,r_spear_mean,r_spear_count,r_spearsquared_mean
400.0,0.0626790016236739,1331,0.06584048667904728
900.0,0.06825288426946167,2486,0.012107606293824557
1100.0,0.07787225400206532,2460,0.008103780360091059
1300.0,0.08138508687753786,2455,0.007960797542429957
1500.0,0.08570237773713998,2439,0.008408663452358923
1700.0,0.09333359957489937,2455,0.010007214972718859
1900.0,0.10283314258233393,2461,0.012600562726816544
2100.0,0.11202330634557738,2480,0.017607258439289886
2600.0,0.12637397896161168,2435,0.02606178849499442
