elo_bin,r_spear_mean,r_spear_count,r_spearsquared_mean
400.0,0.08033808647648785,634,0.08096893019854874
900.0,0.11601120404765836,2380,0.03377882782774287
1100.0,0.11705901979270043,2475,0.018773526501688443
1300.0,0.12776745481819443,2463,0.018861283754678534
1500.0,0.13522531050507489,2461,0.01994099176240807
1700.0,0.1440931383761838,2428,0.0222564215954287
1900.0,0.15580941551595312,2444,0.025901811515166937
2100.0,0.17182211329874497,2454,0.03194852315258691
2600.0,0.18933849695677038,2481,0.039808141059207
