elo_bin,r_spear_mean,r_spear_count,r_spearsquared_mean
400.0,0.11231595870968404,831,0.08173579799543307
900.0,0.12404034884079645,4358,0.02772128856612496
1100.0,0.13907401239508616,4324,0.02188352915080905
1300.0,0.14723477329256707,4272,0.023217215755126534
1500.0,0.15344210399447247,4263,0.024752142195448905
1700.0,0.16451064202614957,4280,0.028607136566797108
1900.0,0.17733955872690665,4313,0.034202973602899006
2100.0,0.183989172437794,4347,0.04395527428550647
2600.0,0.17734047351096968,2934,0.0689272990723449
