elo_bin,r_spear_mean,r_spear_count,r_spearsquared_mean
400.0,-0.24582408913266385,1,0.06042948279790386
900.0,0.17407355821433543,45,0.11721506029191325
1100.0,0.14584451180345795,263,0.07960870235783232
1300.0,0.1511202499711687,906,0.07716631145873787
1500.0,0.1415967624009049,1626,0.06491120200209267
1700.0,0.16222851179807382,1639,0.0646955679335854
1900.0,0.17015787654604825,1062,0.06867131396871314
2100.0,0.1933312191729791,415,0.08238552451367703
2600.0,0.16970318010551416,33,0.10619284565027542
