elo_bin,r_spear_mean,r_spear_count,r_spearsquared_mean
400.0,0.10541559482939429,829,0.07878603638247617
900.0,0.12548138244474363,2685,0.02191662455116312
1100.0,0.13832699227975878,2656,0.02076427672866272
1300.0,0.14634546817530647,2622,0.02235376577468232
1500.0,0.1540758178336989,2599,0.024461286962879043
1700.0,0.16237565139472707,2623,0.0272477476732217
1900.0,0.17695997447306402,2651,0.032815205162760284
2100.0,0.18975152397712275,2681,0.040988046385010704
2600.0,0.18649122016557762,2247,0.06268736546182208
