elo_bin,r_spear_mean,r_spear_count,r_spearsquared_mean
400.0,0.09291736050415904,690,0.07989446281903421
900.0,0.11274319514310102,2339,0.036874703522511786
1100.0,0.12493989872142812,2490,0.02171651017924947
1300.0,0.13002884636400028,2484,0.02062278542592087
1500.0,0.13987007635721033,2477,0.022901908719374416
1700.0,0.15218059661957414,2483,0.02779717741731302
1900.0,0.16050878376732666,2468,0.03316377039379135
2100.0,0.17195275737235016,2315,0.04798143568555023
2600.0,0.16377216639278847,1250,0.06240937193151525
