elo_bin,r_spear_mean,r_spear_count,r_spearsquared_mean
400.0,0.052755434811916926,992,0.08324983360488764
900.0,0.07237668810599315,2626,0.01094903058782934
1100.0,0.07705545104446014,2591,0.007662682184309537
1300.0,0.08065591138161472,2563,0.00761849766326585
1500.0,0.08487337126732071,2543,0.008304474083220614
1700.0,0.09323925843148376,2572,0.010085791286655366
1900.0,0.10272839768112309,2590,0.012846268126907636
2100.0,0.11264867750445558,2607,0.01861882818651379
2600.0,0.12348101319433293,2509,0.029178801494105185
