elo_bin,r_spear_mean,r_spear_count,r_spearsquared_mean
400.0,-0.5175964321130928,1,0.26790606653620347
900.0,0.08977712445749834,52,0.06663389548573717
1100.0,0.11942289296687413,334,0.06976601539163892
1300.0,0.13724165643866068,804,0.07357981131375174
1500.0,0.15058367628363975,1378,0.06359166625234208
1700.0,0.16926149182669412,1445,0.07062202371347973
1900.0,0.1749602273000348,940,0.07236701563191202
2100.0,0.18709753629455794,394,0.0791203799984517
2600.0,0.18362439675466216,88,0.07007110183471942
