elo_bin,r_spear_mean,r_spear_count,r_spearsquared_mean
400.0,0.08319931339114553,398,0.07598992142302557
900.0,0.11098534423749336,2380,0.03048020190336992
1100.0,0.1204195781908113,2477,0.019396817886557605
1300.0,0.12720597004203824,2467,0.018771201705706612
1500.0,0.1334620105063789,2463,0.019597637076094892
1700.0,0.14255385824961161,2445,0.021706594361258956
1900.0,0.1566602062666443,2436,0.026236757279012098
2100.0,0.17209053062773386,2462,0.032487574278437764
2600.0,0.18975412850938767,2481,0.04039569007435383
