elo_bin,r_spear_mean,r_spear_count,r_spearsquared_mean
400.0,0.10834457855493945,4,0.0505609705807707
900.0,0.08378282502643286,23,0.05920667692527903
1100.0,0.16594184604834628,206,0.0768252405201946
1300.0,0.13741980060749157,633,0.0678197041729057
1500.0,0.14862289077019783,1203,0.06207769696396688
1700.0,0.16452462565672793,1331,0.0659888154957913
1900.0,0.19228409433639018,802,0.07943504376981028
2100.0,0.20620124579657925,321,0.08926027131234059
2600.0,0.23003256305941855,71,0.0886488263263473
